# level 0
2.1662291486946144 -17.872746950870393 61.79315004460802
2.1662291486946144 -17.872746950870393 61.79315004460802
2.1662291486946144 -17.872746950870393 61.79315004460802
2.1662291486946144 -17.872746950870393 61.79315004460802
2.1662291486946144 -17.872746950870393 61.79315004460802
2.1662291486946144 -17.872746950870393 61.79315004460802
2.1662291486946144 -17.872746950870393 61.79315004460802
2.1662291486946144 -17.872746950870393 61.79315004460802
2.1662291486946144 -17.872746950870393 61.79315004460802
2.1662291486946144 -17.872746950870393 61.79315004460802
2.1662291486946144 -17.872746950870393 61.79315004460802
2.1662291486946144 -17.872746950870393 61.79315004460802
2.1662291486946144 -17.872746950870393 61.79315004460802
2.1662291486946144 -17.872746950870393 61.79315004460802
2.1662291486946144 -17.872746950870393 61.79315004460802
2.1662291486946144 -17.872746950870393 61.79315004460802
2.1662291486946144 -17.872746950870393 61.79315004460802
2.1662291486946144 -17.872746950870393 61.79315004460802
2.1662291486946144 -17.872746950870393 61.79315004460802
2.1662291486946144 -17.872746950870393 61.79315004460802
2.1662291486946144 -17.872746950870393 61.79315004460802
# level 1
5.287621350895517 -19.245237269318572 69.15013059001828
4.572248685054962 -16.505778453047103 68.4758745879011
4.333001263140462 -13.46686817630091 66.31383767501273
4.3434294025694165 -11.580065789454407 63.734860889787925
4.750916441528231 -12.318424640761181 60.633062600756716
3.074473498767569 -13.417313818542087 58.84621174053064
0.9943882356777914 -12.25252047700888 60.70822541661818
0.555805119241835 -12.060256431708728 63.598146155155604
0.26950367166233485 -12.777004893788638 67.11247737451254
-1.4992429031440149 -14.520409431987616 69.1901756192068
-3.1128423110714443 -16.7798292579444 69.967861087509
-1.6125509427158586 -19.410906971426076 69.22884163159924
-0.18835323316223468 -22.04302221853846 67.04600369129234
-0.13422249413708887 -24.524438831064437 63.481148543335095
0.039699383035470576 -24.883204391912024 59.600743852738816
2.2924065089206467 -23.691106927234102 55.44441119238646
6.734800554220159 -24.046044917378662 55.612461464121445
7.359848622515244 -26.12550980628921 59.96605765768798
6.223623554277271 -25.63543135126806 64.21021112835417
5.644408874088633 -22.446232883045276 68.00685599406887
5.287621350895517 -19.245237269318572 69.15013059001828
# level 2
10.17976200103686 -17.143900538270668 80.09975463241598
8.786122945042361 -10.621403091031869 76.41336440039247
7.541871968411005 -6.128728153404817 72.96856466348858
6.873784430902509 -3.0661305479417713 67.4763945925692
6.433108586022857 -3.497932106791514 59.824864980924126
3.3206940663470212 -4.8478644199471495 49.95540317319521
-0.13716096155361673 -2.6854311299763545 57.91754458024886
2.163568344002191 -4.081519874095386 66.94414782428379
-1.8997435376454113 -6.527079867983812 72.12038798910953
-6.374098213015059 -9.144783245718337 77.87296117747223
-8.060981590123545 -16.010457090938896 82.46985609473946
-6.994032062288164 -22.838637356523684 82.02945221562729
-0.27106599956931954 -29.273572353037984 79.62484963332129
3.7020217339778965 -34.922911087228194 71.84815207736061
-1.5524602061631898 -37.021497298191825 61.50917614621605
0.7466026053143379 -40.838801620098 53.18030698051284
6.626081509849586 -39.21785243033396 57.63613288844126
9.636058077194111 -37.453777079657065 67.09864590168442
6.792917774967809 -35.03113004875196 73.3225759524274
7.7445799363962 -27.551612826132512 78.30329953672191
10.17976200103686 -17.143900538270668 80.09975463241598
# level 3
23.768823123607206 -18.88881463234288 73.44720923703309
21.168326401513674 -9.179183954078699 72.39953643533929
18.36280912061793 0.47880895038531807 76.25130082727385
8.917893710825869 7.091029232408891 72.12578731743385
4.6240539809703405 9.008648658904379 61.94637119961827
3.2323933061092047 9.164007630847536 52.316255873422016
0.7522487977687901 9.224198020122277 58.381308788286425
-1.2158552517414547 8.494101076531706 71.74045548861788
-12.298320417721078 2.4646695850473614 75.43961588484188
-18.841274903560286 -7.900214255929377 70.51943083546817
-19.700027825252715 -17.62294450398724 73.60773268673456
-19.91326161024844 -27.83275226932415 77.55511673609506
-13.037086217595373 -35.02724938515269 76.53955418815946
-3.862746937978482 -45.39366097374103 76.93270290546471
1.1713046909655995 -49.057307085967565 66.66559748436275
1.8666952254760438 -50.217515648527026 57.744558688737904
8.734129323127446 -49.543344990086396 59.95886300504104
10.231283475836433 -47.921365031572236 72.16664593924455
17.16914281832528 -40.708918389749684 77.53197307395881
22.891924537569178 -29.013086229471543 77.11134868286443
23.768823123607206 -18.88881463234288 73.44720923703309
# level 4
36.70576945959875 -20.551704499004558 69.11760580938609
32.19043785411969 -5.699824628656375 70.94439374705013
24.546497434974302 4.65623447712653 70.15113309223099
15.231603866506946 14.250804255133723 68.96992124247109
5.62250106351064 17.08972477156378 60.91066865706968
3.6711569948056875 17.45158789435569 47.10438064137167
-1.540727792421825 19.70598826885618 58.98296276865418
-11.046242625874306 18.063496542534487 68.46961122418122
-20.579841856133296 7.127856542354066 66.47192019656988
-27.30772334795583 -4.770712684904682 67.63186707982592
-35.494964039698644 -16.48958153349592 70.23889143596556
-32.035627494132584 -31.727899813560455 70.54402629349681
-23.732133199850704 -40.251590970271366 68.33355267115842
-14.75845368615541 -52.389359388610416 72.98503718721068
-3.963333973507281 -58.712394936858836 65.70984972827435
3.5945557131904913 -58.522965808795504 57.8158944752135
10.816542648788895 -57.92616059620825 59.218490092096154
19.889002257940888 -54.422893672529796 71.0370272096338
30.05875318598879 -40.67910927144588 72.31813889237395
33.53909591616613 -30.95903472059356 68.25186218959594
36.70576945959875 -20.551704499004558 69.11760580938609
# level 5
48.39741097754191 -19.631062382827473 62.79918025346052
40.74427701333879 -2.179320210739089 62.32085163221163
33.637280969458274 10.280384695002251 63.20534955127609
22.75307098582531 21.611140367205117 62.63964135778021
6.782175345701194 28.690141040236753 60.55285880497588
2.768493545435079 26.773837635255312 47.04739886521095
-2.0307166672403767 30.505167995551567 58.963390969733894
-17.633513588712017 24.328679642945737 63.170413194955344
-30.490120105850373 11.085229231468187 63.34982082392429
-33.34564650827619 -3.7398396419597644 58.96786182144044
-41.44402088249453 -17.240507640736272 61.408135833615816
-43.30281277421951 -34.48664747619935 64.63271133692876
-32.844564022594774 -44.70945847066652 63.260725316154684
-20.15520401847703 -57.747040253985794 63.835639802280625
-7.955749847836553 -64.86729341610756 64.49143230280063
4.096951051755528 -63.52073266788115 53.73052684039397
13.881872872975325 -66.83495979808117 58.50153194961719
27.912326832421094 -59.07516807397597 63.94697336195819
38.85141949999866 -46.37459613723655 61.56831788759237
41.50023903115031 -32.84445194258801 60.006176368194275
48.39741097754191 -19.631062382827473 62.79918025346052
# level 6
52.920252954277615 -16.853079432588125 53.47346023402504
48.15420315974899 -0.7689480117411482 53.5928483979897
42.50652747123371 14.716832802523362 55.524595498575536
28.5366572950582 26.485605075130195 56.21986350373851
9.90182566011275 38.05593205865704 56.210422875835256
2.9480581723558084 32.27326366240112 41.63680024409613
-4.994329339720755 39.74217064447396 52.616188319911174
-23.02882452277135 29.583370142068343 54.74788424650213
-37.24487378196423 15.922714099777073 56.40382333452114
-45.2536624144471 -0.8220651459910847 55.49064465256554
-46.88318301865059 -17.979056145594914 50.78426055658388
-45.39940739823318 -31.930434721440033 51.7731855170259
-38.4525653635922 -49.514965462202234 52.85136300301662
-27.51279584844933 -64.33967791112542 60.96202206387845
-11.001834470069925 -69.9695228098544 56.84904765157659
6.314321343053914 -70.74170894810985 47.509598263885366
19.29444072790607 -74.23787821676872 54.01293049743727
33.45853248912559 -63.53869458898481 52.95073548590471
43.51001633371937 -48.036516803918296 55.078858303672966
46.53600237493539 -32.420466346847036 50.27654796709607
52.920252954277615 -16.853079432588125 53.47346023402504
# level 7
58.50042496405713 -15.981030902789765 45.581773264540985
54.925565427256984 1.0376157146000224 46.47396743503244
48.768130746016894 15.150654061969812 43.87257795328034
34.10832150998864 33.07195712833715 48.06006249515631
13.944946517725292 45.70967553735093 45.91549121416559
3.410493680038846 40.232634209937615 36.859457543757514
-7.621819498186851 48.477248939975595 48.37208949101081
-26.764913902389505 35.21059639154184 46.53486456053101
-41.217782843348374 18.238421373961447 44.598347263194746
-50.213289141849266 1.3092056389976505 45.35883534744875
-55.70902561504901 -17.15921560521887 44.330715511699914
-55.090727212760726 -33.721194776772116 45.4503480946624
-51.281871073817214 -54.72966304843534 49.514452812751664
-34.091362745095054 -70.61283551332671 50.102332558691664
-15.091582640316602 -80.36460802294164 48.62605795563879
2.918507585412536 -77.01574433001585 37.976857869946215
22.644356396430446 -78.3267775697502 44.742581360086724
39.061531140187064 -70.95940861192402 45.9945814695215
53.87089984561629 -52.3483281574499 50.086961875123905
59.688973417402295 -35.805040507098 47.13324744404187
58.50042496405713 -15.981030902789765 45.581773264540985
# level 8
63.53591128966981 -15.683184230982558 35.404423015510446
60.05619610702214 3.0362084224846826 38.00812607474218
50.594360471250326 16.86298845229883 33.65714986391141
38.63510380392093 41.014676759975515 38.40135494319943
18.242785296359088 55.981694889311356 38.53661512624033
4.459800813586343 45.13809484539042 29.575239441195016
-9.526249793226594 57.22557021048742 39.15131433604596
-35.409180494207654 42.07697397473867 37.8976341523943
-43.1775938394499 19.585118546426877 33.965910316728284
-53.27199136366267 1.2887584628328863 34.450666498450744
-60.165079566384435 -15.946650665026102 34.72934456295719
-63.204756962792835 -35.28580537893692 36.584806379252434
-53.47696124982822 -57.69279169723733 38.991810122303406
-39.46059226288607 -75.04962178466772 39.29457510133524
-20.161227876485544 -86.75297283041543 38.461559137213115
2.4620551523014713 -85.96492866429924 34.62542256876242
24.06796702862664 -86.32896086501597 35.98435674429198
43.137556021031905 -75.55509339190712 35.73352118347037
58.77198261688511 -56.805815130939244 38.14160627560247
67.4227743910653 -37.6644651326846 38.26571427804371
63.53591128966981 -15.683184230982558 35.404423015510446
# level 9
68.99037749659992 -15.113349816927869 24.16742798094197
64.59936814187607 5.005855850325064 28.024560209935345
52.84765080077404 19.988971862015774 25.162570476581074
46.16509875539136 42.73285975855618 27.02466147070887
20.75218468493842 64.51517213582983 24.862888968004867
2.3909567165673593 47.981374546771974 15.820767290637614
-12.606630728975318 63.502963561444915 23.894783189619535
-40.78089582927858 45.49560363333123 24.363378525175904
-53.466376576637686 22.419719106147305 29.752646655938918
-57.492834255812724 2.2918221496554456 24.64112039152782
-58.60577987878151 -15.925883351022438 24.536421822901488
-63.69569111290073 -36.70299512782527 25.14975129155509
-57.655637870425835 -59.067982649642346 27.448983439433352
-43.16191976230175 -75.30881974189083 27.71066235576087
-22.07277488245174 -91.74961131601289 28.57036770129662
2.5922568079004757 -92.51633654057082 25.147995773036588
25.69400564039468 -90.74758308781242 24.803322539583277
45.65689475671647 -79.67027294162833 24.88215568337326
59.79883529995253 -57.94339973738835 26.08755943778936
70.19596080125422 -36.64135399437081 25.074671045565275
68.99037749659992 -15.113349816927869 24.16742798094197
# level 10
67.36823363912849 -16.35356303447994 13.89874023960725
65.84706906349095 4.6904302133367555 16.025742988038097
54.57286746496575 21.851806980807197 16.88933394145685
50.21593564943621 45.63936529867573 13.683603622248974
24.943198484126825 65.40264120654771 6.88041802450493
1.059842644559836 51.45085225771194 2.881323605804804
-17.048854911069093 65.92593205184667 4.8491815470622335
-45.76417285334518 46.482692265952714 12.855340809304252
-53.92978648543592 22.362566465050694 17.223735088249917
-58.18580331733628 3.0678548218185453 15.376821346672719
-62.92840328547328 -17.82516292527719 14.072308218859918
-65.86711371867814 -38.094209912471925 15.380235932576662
-58.307370374178205 -58.63859789938026 16.148033899552726
-46.70077316990982 -77.72307354245663 16.821145241418016
-25.196810615796092 -96.07514854961516 15.96973326561904
2.410312641305498 -99.4103129085331 14.530496287845386
25.834095042458436 -99.08312080348345 13.51670449411819
46.91133364183272 -81.24463414597761 11.956333105104282
61.12464429428782 -57.57920402904864 13.718309902529972
71.38838583573309 -36.35847984432253 14.287803898498934
67.36823363912849 -16.35356303447994 13.89874023960725
# level 11
66.14580012810458 -16.527657230544218 4.263816027363055
63.52466556170867 4.836123867944547 6.3622957543943555
53.12959008742734 19.620881149595622 8.396634350000747
52.580372842954645 43.91723906151398 -1.4634698921217946
25.037523611193482 64.54656416832444 -7.675558080979618
0.04619429751426685 53.15035368407814 -8.397819774285704
-19.756760991494875 61.73099449900898 -9.261771868149232
-48.07377357952751 42.84284941148656 0.17430156739536876
-51.83402964338576 18.682625077369153 5.437020712537036
-56.71717442009869 3.998564841443076 6.236581615648437
-57.1718902835905 -17.182373050112624 5.363285169997766
-65.7940705328183 -37.3837781391682 3.456940998583918
-58.62290711706769 -57.103406871730925 1.7497212853181947
-47.17804286991956 -76.43504621531278 3.2565912541248467
-26.93399406498107 -97.58650572323103 -0.18769881729713428
3.450157407148971 -100.37076637409046 -0.3187515655356886
25.94738608697008 -101.37702445089204 -2.0645617011471145
48.51067183468618 -81.50309229071388 -1.707249049249254
61.60007284804324 -57.38312679261887 0.8853000849273402
69.32836963689518 -36.87781248480602 1.986358156798489
66.14580012810458 -16.527657230544218 4.263816027363055
# level 12
68.55409514778042 -15.115973375714528 -6.673976895736743
59.39082257286741 3.6614142092271615 -2.0817335152754812
48.919942805892624 17.2192038276178 -0.6452675679191775
45.02351602020812 34.95904942610514 -11.305839481104698
21.78612914750919 50.248257869686846 -12.89670800448934
2.403027451647886 48.92773534911848 -16.44729562242011
-16.942216493533714 49.50141796964354 -15.373706731073169
-41.52763557896341 34.71447878545628 -11.830635026948041
-40.759712027468225 17.49480328059996 -0.004787887053261629
-52.01012322663411 2.044460197716967 1.249480718502124
-63.516627730455255 -15.443315470277838 -4.448218300983717
-65.59024224234827 -35.06025296963772 -6.3809676196446805
-60.8336434924823 -57.00293039766733 -11.438953951606578
-46.37851715987769 -75.4942405896829 -11.366789618225672
-25.899626245724683 -95.16568547876459 -15.832992471064733
2.299821239195521 -96.25814062238598 -12.477498360717128
25.66356802732185 -96.88075182585494 -18.05099677918971
49.42421087901313 -80.57789782592126 -15.827047926717743
64.21472628722654 -60.020939464498056 -13.088245035494321
69.32628017599706 -35.26608916485873 -10.076913547523905
68.55409514778042 -15.115973375714528 -6.673976895736743
# level 13
67.08115236386422 -12.762045596216787 -17.384785168739953
58.34349563479533 7.352637605636016 -9.232698674313996
41.50449801949841 10.278556931536958 -6.770554610831111
35.64099214280607 26.695160962719918 -17.061543556453373
19.3679383654245 36.411675514422065 -16.67892643229924
2.38243639982257 40.25055056426214 -20.787287599526817
-15.023978204836082 37.76922447479513 -18.355047287436637
-32.339082834829455 27.25368501766669 -15.678429768420859
-36.658044324695 10.578644488271067 -10.09406860815211
-50.97851604552764 7.767005505977767 -7.238158475754193
-60.512434211309 -12.106641538193877 -14.542370243706111
-62.946882992262516 -32.61609122583622 -18.342679471277368
-53.79816128385595 -52.8518907315938 -21.462124266461842
-41.43397202218429 -68.16979279703835 -21.84382860022324
-19.156739939646425 -82.50921707014105 -19.288708121226474
3.740019723849651 -84.43132526431829 -14.922021047990258
24.432925514947947 -82.44076518052816 -22.861273780611512
45.48069214034227 -72.55846923404822 -26.14861009329036
61.00369362185762 -56.625998662335064 -24.793363505166113
69.59315147280013 -34.48496151372152 -21.740557623232966
67.08115236386422 -12.762045596216787 -17.384785168739953
# level 14
62.120388065083574 -9.956225631265958 -28.83520231095423
51.641551464931375 10.801339818229433 -22.796387217521968
37.08059277916543 7.9525171901017675 -18.77145744211146
29.038103603811184 20.139452035412027 -22.59445932716531
16.406498029295438 26.458690426535462 -21.83164138280378
2.806048971520298 28.74954018423672 -19.9475436071448
-12.317816766537447 28.834805741024663 -19.722398705688285
-25.193722832167076 20.216754927413497 -21.831221623373203
-32.59951972870442 7.278327301493009 -19.355429630845887
-47.81216783342931 13.307210337372528 -21.620413741708322
-58.38973792749828 -9.850197528284946 -26.214052593697843
-52.39794496362616 -31.256893169086574 -25.83882282364916
-43.97266062908112 -46.711674802594516 -25.4684597438144
-30.548058212374453 -58.279398438480094 -21.21826112624398
-12.25212357191722 -67.77140498999977 -14.195453041145939
6.222363099913338 -72.2483558743486 -6.875771708223061
21.541284941193528 -69.4326173163193 -17.756903730297537
38.733537335114775 -62.28853930151748 -27.46733227041328
54.5801054842656 -49.10993759591584 -37.076482777032965
64.43147384309786 -31.652341742493782 -32.73298011820056
62.120388065083574 -9.956225631265958 -28.83520231095423
# level 15
56.67317760511462 -9.28059034342822 -43.535251748802246
48.78825563410449 15.604471890224346 -36.476029416577326
32.66429056184919 11.564175420046206 -26.195261477617663
23.884460927112684 13.294631245647212 -22.71298964435139
13.730504380030975 17.86530477486207 -22.01703557238743
2.989370429202082 21.752699352868337 -18.994782324731155
-10.004968296417047 19.95732644114184 -19.17826503065152
-19.56837748711319 13.125025400821334 -23.203301845013026
-26.475821495703435 5.825659498362259 -24.409145867935788
-38.1375091034575 12.955235352038546 -34.36038572671507
-45.918782377088114 -8.689810358928998 -41.77128588927068
-43.19886625456196 -25.89228237414589 -30.666351178984613
-35.735885074508495 -40.89277130529867 -28.032584997062507
-25.03646218474036 -47.66584422901646 -21.841846558397513
-10.441476805081415 -51.83644326141111 -11.03372850768204
7.09665641298087 -56.87292195076275 4.501631463145877
19.92144359656275 -57.10279832049059 -17.21706672036933
32.865659813728044 -51.878891138892456 -26.400923161460405
42.75265194906476 -43.682098858666855 -35.42399323193235
54.82739787388383 -28.816815462520793 -38.18512887737507
56.67317760511462 -9.28059034342822 -43.535251748802246
# level 16
39.766244541559956 -11.114580497130621 -51.74235626850782
31.497762903510935 9.269707808021984 -46.69424377512218
23.171812873299885 11.322149650725898 -31.702573542851745
18.733545013717148 7.186249651621078 -21.951983136138644
11.959109662877008 10.45500797336376 -21.08608642904506
2.590698719034452 14.139968027453452 -16.630923134760792
-6.043010945653544 11.606981149859326 -17.79287366439366
-14.805136856240516 7.121447861671331 -22.285998772535063
-18.091626892880722 5.479211884802196 -28.44715893395223
-24.859122407431848 2.811988679613681 -38.06377340450577
-27.88680366320355 -13.511519029986035 -47.16528772575354
-30.908531942023078 -24.704151961417082 -35.00695436910931
-26.909528922613482 -34.20216021766882 -30.17052452599585
-18.445885669786346 -39.64758930563417 -21.7784685702997
-9.208002308550846 -38.42820467709721 -11.549869168065817
9.389459701165388 -35.60491946421574 -2.728291397213235
17.859523015672526 -43.09978391760669 -17.322338244865485
27.45296964615975 -44.44076829810609 -25.79683469775761
33.37900730332123 -36.83873804684637 -33.79800856192399
40.34368645898911 -25.144486635159023 -37.65299244596885
39.766244541559956 -11.114580497130621 -51.74235626850782
# level 17
26.124462555443667 -14.250315088078352 -44.945930906943886
19.797406308832958 -1.6921274100299957 -42.18424236297443
12.019784189948 3.2796678466481994 -31.561191489664978
13.050017330023014 2.0785005139138275 -23.466635199134913
9.440172151808085 2.7814971876854258 -18.210720180330984
2.965035495515525 2.946105236219548 -11.023677710997273
-3.9838677626653944 2.7106522234464934 -14.157124277044257
-9.03790313422697 1.2119122171933807 -21.50571495917896
-10.73952257355007 -0.8975075395152553 -28.736786208258835
-13.795393825759687 -5.7913078543862 -34.06312133604622
-17.432673537336726 -15.502569108474697 -36.925379685180026
-21.722354025005135 -23.58347914260932 -34.30245509435545
-20.687413850472886 -28.330911617419865 -29.688850741099056
-14.126195390173315 -32.616895527513975 -25.46912778858527
-5.023155676035354 -34.20081278166126 -20.228124913813208
5.278646645084249 -34.23602084119825 -16.706090303461753
16.55485934831819 -35.07187518054987 -20.841719937776052
24.379620289741453 -35.08934599511992 -28.102707054541373
26.758861301779895 -30.80480685505026 -33.870497297704034
27.72710344431342 -23.901091991099037 -38.915910584134174
26.124462555443667 -14.250315088078352 -44.945930906943886
# level 18
19.2859705340863 -15.664973598917623 -33.37455560060723
13.5207810003707 -11.662817142895664 -32.76583350196972
11.672573894198099 -6.574724258878806 -27.68094675672291
10.17010990160043 -4.578105858296968 -22.25629712963683
7.296513498722951 -4.4664787771670635 -18.4795026694606
3.4694006593077216 -5.733528841380395 -15.939897730214689
-0.05239444381025615 -7.238830267469728 -16.544027628201878
-6.687179855411058 -7.943084537037911 -18.350620461302114
-9.185843074100186 -9.268415926249673 -23.420870370833953
-11.053875393056494 -10.842927849256364 -26.895050538432173
-13.377644429889667 -14.698060640737793 -27.398731459860045
-15.573419240447176 -18.54021849765542 -28.976224363807724
-14.880282256072073 -23.578389586904592 -34.40316899817294
-8.843194630593157 -31.67177389398546 -36.870096470626535
-0.5527391772130011 -34.082584668706104 -34.373080848530506
7.601556926203105 -34.096663749524254 -32.02490485156701
15.613426389010293 -33.56136539414915 -30.75085333148396
21.114633030687244 -29.36529165418495 -30.780704901298584
23.066284870583573 -24.746200594939737 -30.374907081797296
23.073102012734623 -19.667285798468658 -32.088930521659556
19.2859705340863 -15.664973598917623 -33.37455560060723
# level 19
17.414692027682495 -15.408625983801375 -23.99246791784656
15.314448836752538 -13.555990499036657 -23.370699952276414
13.333906316281599 -11.91164999988933 -21.715253949034526
11.22598770290229 -10.668644047538319 -19.81565946239427
8.50803533706493 -11.132378036915389 -19.21224259497495
5.949520851140676 -12.35227044371907 -19.18160707915513
3.319676030821774 -15.050764211066507 -18.419426247356895
-0.13288961844623903 -15.832833744757055 -20.160247810201835
-2.997325602988412 -14.442111863219768 -23.374837513608938
-4.5916017693433115 -13.762053342855586 -26.44461574421696
-5.418774886148661 -13.884085755810766 -29.921848331189324
-6.026965985201083 -15.487184202536062 -32.9460438222681
-4.597472697951937 -17.145161978434576 -36.236333961887524
-1.23149514473451 -19.008897748255325 -38.505858707872534
3.6166549383629025 -20.952258626153146 -39.24318726629221
8.765968202085878 -23.171123146029636 -38.92669287265373
13.274190059688902 -22.80257383096238 -36.77141847716337
16.87795808394489 -20.883551461628592 -33.06219965984928
18.651136424697295 -18.93829663202689 -28.765898980973574
18.3568806062385 -17.43677073363073 -25.646111400331105
17.414692027682495 -15.408625983801375 -23.99246791784656
# level 20
8.000000349210058 -14.180935705819614 -28.50087155685685
8.000000349210058 -14.180935705819614 -28.50087155685685
8.000000349210058 -14.180935705819614 -28.50087155685685
8.000000349210058 -14.180935705819614 -28.50087155685685
8.000000349210058 -14.180935705819614 -28.50087155685685
8.000000349210058 -14.180935705819614 -28.50087155685685
8.000000349210058 -14.180935705819614 -28.50087155685685
8.000000349210058 -14.180935705819614 -28.50087155685685
8.000000349210058 -14.180935705819614 -28.50087155685685
8.000000349210058 -14.180935705819614 -28.50087155685685
8.000000349210058 -14.180935705819614 -28.50087155685685
8.000000349210058 -14.180935705819614 -28.50087155685685
8.000000349210058 -14.180935705819614 -28.50087155685685
8.000000349210058 -14.180935705819614 -28.50087155685685
8.000000349210058 -14.180935705819614 -28.50087155685685
8.000000349210058 -14.180935705819614 -28.50087155685685
8.000000349210058 -14.180935705819614 -28.50087155685685
8.000000349210058 -14.180935705819614 -28.50087155685685
8.000000349210058 -14.180935705819614 -28.50087155685685
8.000000349210058 -14.180935705819614 -28.50087155685685
8.000000349210058 -14.180935705819614 -28.50087155685685
