# level 0
1.448495810178112 0.48923437056398544 2.1296838639818647
1.448495810178112 0.48923437056398544 2.1296838639818647
1.448495810178112 0.48923437056398544 2.1296838639818647
1.448495810178112 0.48923437056398544 2.1296838639818647
1.448495810178112 0.48923437056398544 2.1296838639818647
1.448495810178112 0.48923437056398544 2.1296838639818647
1.448495810178112 0.48923437056398544 2.1296838639818647
1.448495810178112 0.48923437056398544 2.1296838639818647
1.448495810178112 0.48923437056398544 2.1296838639818647
1.448495810178112 0.48923437056398544 2.1296838639818647
1.448495810178112 0.48923437056398544 2.1296838639818647
1.448495810178112 0.48923437056398544 2.1296838639818647
1.448495810178112 0.48923437056398544 2.1296838639818647
1.448495810178112 0.48923437056398544 2.1296838639818647
1.448495810178112 0.48923437056398544 2.1296838639818647
1.448495810178112 0.48923437056398544 2.1296838639818647
1.448495810178112 0.48923437056398544 2.1296838639818647
1.448495810178112 0.48923437056398544 2.1296838639818647
1.448495810178112 0.48923437056398544 2.1296838639818647
1.448495810178112 0.48923437056398544 2.1296838639818647
# level 1
1.54434263938925 0.3703875460888375 1.3136134129314507
1.5000851216354756 0.4424359612948693 1.3136768813479531
1.4358948238372002 0.5283617024268606 1.3528779433026004
1.3556526191013418 0.607581181313912 1.4116111106173266
1.2503459373445094 0.6721182002976157 1.496637296943225
1.12478565779702 0.6995699226521819 1.6716127115340345
0.977804545457525 0.6414486006617913 1.9365558813290598
0.8580095891286782 0.5528652509472592 2.218164680401734
0.8718513113170374 0.3622121056536441 2.308177987383415
0.9459734123994326 0.18712047273253202 2.4023037719179516
1.069386623550009 0.046708808768646554 2.4829733082041963
1.2406150350811036 -0.04266266346700118 2.4084369456042447
1.4372249196277207 -0.07928122985618517 2.314012067057654
1.6378823262977185 -0.058819680274132854 2.221272032745524
1.6944611149993645 -0.014587633432022434 1.9879217144957808
1.6906011481733205 0.03973668722697708 1.7229740671941909
1.672979920120294 0.10059290699340073 1.5185274604589059
1.6471453991011211 0.16566956628919025 1.4338182001601132
1.61351988648483 0.23057122868285895 1.3679914608344719
1.5831181923969602 0.29288048241981113 1.3225723249772612
# level 2
1.8553682132054063 0.31881026648974303 1.0156291027389925
1.779374334429398 0.43837349124492525 1.0293478547160193
1.6521162315411289 0.5432174381795262 1.068363244842283
1.4978120821272791 0.6143262473551383 1.1096393841083683
1.3145682586586473 0.6365434776852943 1.152160924047259
1.1227592230869834 0.604941741085484 1.2011386737159764
0.8764922182647084 0.571959480309287 1.3551949039716158
0.5836082849059444 0.45777783064881566 1.5310239783167106
0.40962027332250706 0.2040149572033068 1.8450213680428433
0.43674186091766654 -0.17771656135578826 2.143721868106932
0.7335302076721393 -0.460735038202756 2.222647056537164
1.0625370987425269 -0.5925545212616197 2.1563298192519627
1.3215946482590848 -0.5859712939344237 1.8861714738728517
1.487375229940733 -0.5190505143718924 1.5541123728571826
1.5631863771322567 -0.35567304307909686 1.3946291192892788
1.5827239322083646 -0.21751219228569552 1.2357363636745136
1.6917269025131194 -0.13542989789624993 1.1637350859566786
1.7881464759407901 -0.041367689643042806 1.0984639546192434
1.851401542952316 0.06810402513986805 1.052044018896221
1.8749905382249845 0.19099595594049956 1.0247250885081542
# level 3
2.345445277404358 0.32522852044427875 1.0889804823660114
2.2157251479803217 0.4910232541471146 1.0445116187359715
1.9558799858395017 0.5987146391346903 1.0086310221797437
1.724021965977942 0.7191627951806864 0.9905838807077885
1.4606713895450316 0.7615994797091443 1.0184103814124599
1.1966487577005895 0.7334912846546897 1.060538644618899
0.9317235459040357 0.6210306856198747 1.115497664559133
0.6842496902615326 0.4136433475663592 1.194398594156426
0.5649901729216262 0.15686227690062593 1.2595075051718045
0.5139303760667101 -0.12732208531557201 1.3527726181351456
0.665222022250757 -0.4100384277572982 1.3876802319124653
0.9441197576650673 -0.566320858857901 1.3295302129684468
1.1839127238593068 -0.5856203031189992 1.2268110493169377
1.3826972773982025 -0.5722855960527135 1.1714633434501618
1.5817612155910932 -0.5212676746728393 1.1067015280931691
1.7747484322133773 -0.44029400530530016 1.0286617513084244
1.962462655925349 -0.33718467401516294 1.023153075612564
2.1623806300277044 -0.21827162323264793 1.0561915279429237
2.3115029455986273 -0.05705518403906699 1.091365574321797
2.384232054515138 0.13940002581885697 1.1058462466865766
# level 4
2.647245486536908 0.22400678778312633 1.250568054686759
2.4867703556512293 0.4038062821258786 1.144831292672725
2.1824216111255326 0.5799254648798622 1.0093575655158187
1.8445899319263481 0.7408093220507026 0.9154978138129036
1.535367214261579 0.8396309972931566 0.916349826694344
1.2311181572352061 0.8508521980042055 0.957634672654111
0.9193257259765715 0.7493017421736512 1.0093702541479987
0.618441017861928 0.5251921837370017 1.061122316401451
0.44986432030496604 0.2314151303947582 1.0997671126547468
0.4561577107730576 -0.07218708400311104 1.1172888924967617
0.5904268773382672 -0.3543932003785837 1.1187658099468742
0.8541937402889569 -0.5806945534555037 1.0956168816034275
1.1338846173712707 -0.7076939980463148 1.064077949881535
1.398518670253568 -0.741069665615053 1.0268694605801119
1.6615447812743154 -0.7057127238764174 0.9935224517871577
1.9332990311537728 -0.6220113450841034 0.9908440623346075
2.1904499363016705 -0.5045303504435107 1.026653725800925
2.4013294201861113 -0.3234597171038686 1.107753972274516
2.5963128678353433 -0.14213233365779399 1.2186359500033839
2.6705792689139143 0.036810837313198605 1.2719176954306364
# level 5
2.82561868241351 0.133236402148624 1.4316950290189794
2.6893760313609576 0.3171782397005917 1.302657788893935
2.3619791688884395 0.5163082076317423 1.0611135613061697
1.9373621685204467 0.7258506551260104 0.8657245943572058
1.5624068239936248 0.8849037699746862 0.8280802094672441
1.229880579653923 0.9430632216957701 0.867028352732401
0.8987194857319196 0.8596378992343472 0.9262286946549632
0.5549883701957647 0.6356634209360703 0.9732944826697618
0.3212959537147988 0.32442994311549256 1.0047089294611369
0.27676408608257597 -0.015226014152647422 1.019778780624644
0.38563788930241355 -0.34089457195109885 1.020511427515755
0.6511338724950033 -0.6137145666486712 1.003014461743173
0.9838804390302841 -0.7910656058900766 0.9711357239429228
1.293489390664769 -0.856954479041034 0.9317736556530207
1.5731149388993808 -0.8226748089073643 0.8956968191890256
1.8669656695507018 -0.7120580862178341 0.9030707558707438
2.1925307086245245 -0.5576759579037037 0.9888466130461389
2.528349872665049 -0.36802029491378246 1.1786619003852548
2.744906862034247 -0.18742997894663635 1.3520773139956666
2.827994106624833 -0.02441988526297223 1.4384239605767108
# level 6
2.9819633900449 0.09603123059801452 1.5870795421430544
2.862108775614478 0.28477541669481804 1.4484636918480887
2.5822486245440115 0.469654833376578 1.181559662176859
2.122998434577304 0.7177168184010883 0.9019069775959503
1.63200476863162 0.9479095869150517 0.7613019115792807
1.2417450280393387 1.0274055160817857 0.7811687808143921
0.8922137092742528 0.9592032672805282 0.847316447904176
0.5242349920717189 0.7397734530588169 0.8945396123211162
0.2427090303734753 0.41744390096054357 0.9217761505639781
0.14704362073093238 0.05323189722251535 0.9363302166116984
0.20733386445263124 -0.3064822486168143 0.9407818853175612
0.4538659132195479 -0.6207948123696665 0.929448835854453
0.8066063128352523 -0.8495506576117647 0.9021401990019187
1.1339719842982112 -0.9534565845031342 0.8555638289796502
1.4311865702256417 -0.9330794373149573 0.8048966429559247
1.7539420296708979 -0.8044744342407176 0.8008937780854838
2.149768416727728 -0.6649036654996086 0.9029937042895064
2.5457210297395654 -0.43939483645474786 1.151735769842893
2.834076218132176 -0.23921412516898322 1.4298793376543413
2.965913436735448 -0.07645591907783171 1.57718720499587
# level 7
3.1197055575650694 0.07171185448789391 1.663337954166202
3.00667739101773 0.300875321897797 1.5387903457869219
2.7187907750482885 0.5325835830984241 1.215613188102051
2.241158883331269 0.8150706779744907 0.8606894949856558
1.7499118112423915 1.0203350721430533 0.6997428772550995
1.3104812572559525 1.1121980532434805 0.7044810776164865
0.917113928397432 1.0514280994868228 0.7679595274177806
0.5186128879383419 0.8401778748144979 0.8138081050096951
0.19826996820301118 0.5170683096637425 0.8370388122761963
0.06013084905274722 0.13380914764733742 0.8498595675583318
0.09063440837019805 -0.25477966001062013 0.854604383742914
0.3007985803579273 -0.6069298965806811 0.8497407979807561
0.6553430961278588 -0.8792094368809464 0.8302205030575092
1.0057712842017572 -1.0245507614287817 0.7857460857280347
1.3406430014391515 -1.0371133332448566 0.7314380234113759
1.7076031869167507 -0.9515212539455525 0.7249399822720984
2.120669705536025 -0.7868996928148702 0.8305986853720138
2.5583390913852506 -0.565374660715539 1.0794947008570637
2.8958746469616483 -0.343338714372553 1.42928349293571
3.0802108987424788 -0.1534976669809307 1.649106347995995
# level 8
3.238761372355379 0.03148708802505494 1.6164445266283052
3.124148331737267 0.33541980545236716 1.5362150292011985
2.8313275808426486 0.603806038147125 1.2018991854270824
2.3996117742816923 0.876815744886437 0.8306571451766244
1.89368323719649 1.0896067043767048 0.6452346991808031
1.40947640091093 1.1849552361055848 0.6329515449070234
0.9626744849409478 1.1347934002318436 0.6830148905645915
0.532311088670939 0.9371807491455466 0.7275431010231079
0.1760492210881276 0.616308657931758 0.7489313940521416
-4.4007100764352144e-05 0.22014116905409323 0.758608393835647
0.0034562192395074364 -0.19396936225313507 0.7626315863298055
0.17710934484902896 -0.5768205975894078 0.7599579063191032
0.5123052109365585 -0.8836806451907963 0.7476935430090946
0.9006781145403348 -1.075442592582411 0.7124501031687372
1.2821877923478096 -1.1368208126176143 0.662219260584824
1.6814307052909692 -1.0851605432932936 0.6415999267607978
2.1216539734382875 -0.9474090806510279 0.7093352839701332
2.5646560125669553 -0.7211467498184849 0.9607841598337222
2.907173685705493 -0.49440684170318316 1.3083820091247682
3.1520059972100283 -0.26521341700080325 1.5781887301440325
# level 9
3.2973926738177046 -0.02990553701718217 1.4372096604153508
3.205775112612641 0.34759456277590794 1.4030249674231965
2.924158950222094 0.6615921179764926 1.1354453385944119
2.527000981732568 0.9267881408856808 0.7839127840928424
2.0170360057271006 1.1407100236715655 0.5812203834022963
1.5046365279554303 1.2401588746431997 0.549820255375069
1.0185601070876176 1.204480253679543 0.592116971227715
0.5589801724495127 1.0243246431878277 0.6349060928864373
0.1725987823955706 0.7107608171137251 0.6539602285202288
-0.03775875290959682 0.30948560569941386 0.6617902098907624
-0.06293598941004452 -0.12300193751761043 0.6644825623005051
0.07277673848408261 -0.5346241234405892 0.6623930346092649
0.38141520862594447 -0.8764643086998539 0.6537509083718046
0.797052940792598 -1.1103134301277064 0.6311028885086303
1.2271780864459765 -1.2184134795271415 0.5869716983015875
1.6583349256470008 -1.195186262482414 0.5527040092238784
2.107997938041619 -1.0640192583907795 0.6082481627552005
2.5423644588885144 -0.878025626761178 0.8099187420148247
2.887577994391654 -0.644416209345658 1.1143448959433675
3.155300184119045 -0.388450550099667 1.3655537867887
# level 10
3.3029132381279043 -0.11212881978400033 1.189824209862207
3.2451317643339337 0.34192967464860574 1.1919250582296932
2.9797485288853993 0.7061005121164687 1.0170278109233595
2.600191022774359 0.9605227779675725 0.6881834733400053
2.1157191495107655 1.163215673317758 0.49559822900720335
1.5949363640831382 1.2737124786922833 0.4606722166971702
1.0869226958856832 1.2529617511826197 0.49458352863269295
0.6029380841414635 1.0899823577835104 0.5342226442827458
0.1842729953124771 0.7958545792667313 0.5502152543493348
-0.06063091632321707 0.39851277968250265 0.5559597940960583
-0.11490806026437131 -0.04586191364960614 0.5576684175749035
-0.019615841572286616 -0.48036317652014726 0.5552001798279926
0.2580377668054486 -0.853067778531869 0.5491573292210392
0.6894698385253278 -1.1169852129213478 0.5335731201188465
1.1458943587499022 -1.241331736483663 0.4932974353699976
1.6072133668149433 -1.2465610026177836 0.4648538166253017
2.0605293513882916 -1.146005810010246 0.4922433286867633
2.4885373699563553 -0.9773327105678044 0.6251244323693488
2.846265559849041 -0.7811032919504857 0.8721489623172827
3.1197388433867586 -0.5192398865839762 1.111937339655361
# level 11
3.277901771405263 -0.2001971179889429 0.9158441214338243
3.2597310559881194 0.30137361098690985 0.9351986413348097
3.0076153736930844 0.7462134959500619 0.8467901887762816
2.6453666123985635 0.9710553787716025 0.5672284995716881
2.187744516574662 1.160083207037736 0.3992548805623541
1.674501937179542 1.2766626615065153 0.36064040126794583
1.1568720657016907 1.2748686014388986 0.3877291142579048
0.6548365922684856 1.141570840168841 0.42371513099328295
0.20899881776622686 0.8702376645407667 0.43842266213792536
-0.06865456293741944 0.481382164641865 0.4430430378702087
-0.14530359885193328 0.03527880388346226 0.4439591876243102
-0.07849863693562073 -0.4081339333882107 0.4402756502894841
0.1724694365088088 -0.7937758665355119 0.43395715785573313
0.5779139329486787 -1.0715410976768927 0.41911465715855917
1.0384842105560603 -1.2254705049907515 0.386249172753646
1.5139881730461489 -1.2612757115560915 0.35557526659253685
1.9791042459019341 -1.1954957732382252 0.35617973497765243
2.4049738541310233 -1.048940790138478 0.4258168581916718
2.7701409360333273 -0.8783216041705185 0.6102864014858537
3.0626301602622465 -0.6312378627547817 0.8293623428981987
# level 12
3.2255965233171455 -0.2823544273183914 0.6288827728498181
3.248542665162212 0.26241485962383854 0.6653579559133089
3.0002203261939098 0.7344266034154244 0.6239267698345571
2.6624226770756314 0.9639819493712339 0.4305512181557719
2.2320399190754308 1.1365884766214327 0.28551602894857453
1.7339597234749617 1.256999587579498 0.24991860494311113
1.221792137596386 1.281229710828588 0.27327731286586154
0.7133853548188528 1.1766411682234428 0.30601237555465594
0.26613347666827014 0.9187232665782065 0.319550661126054
-0.028243756879546254 0.5523740396592006 0.32335563283966606
-0.14068868507935584 0.12333453062185581 0.3228202168724712
-0.10350842890951653 -0.31497592486951753 0.31806267871139676
0.1036580617469645 -0.7071881558092876 0.3096911965828074
0.4691025357794771 -1.0062998090308624 0.29563043485291557
0.9207913971504285 -1.1906525492701014 0.2686294293083722
1.3940931760203565 -1.2538671453064165 0.23371396786603926
1.8606977944234937 -1.208652007914061 0.20915179239665632
2.286906691204248 -1.0780990110461002 0.23918128392094845
2.654201936528814 -0.9299564405481486 0.35940098501889517
2.9729656018634794 -0.7407273222137569 0.5379608235054744
# level 13
3.1236994863189436 -0.36552596724438746 0.3437251903512842
3.196982296623998 0.17957666178212658 0.38794036671985493
2.9755199396006793 0.6818825194296804 0.3928407521644109
2.6571939390901425 0.9459810927921847 0.2720053927138545
2.2475047703462288 1.0933101801298075 0.15988873556518218
1.7782193954879932 1.2231263862303916 0.13381441016811532
1.2851716169603355 1.2709367982560067 0.15333775600275448
0.7897215638617116 1.1756134267525453 0.18286942010080676
0.34435672437380416 0.9450500885600809 0.19511570321758986
0.030326753098001813 0.6107968376699188 0.19752918389992394
-0.11679105254724807 0.20976145892065726 0.19566403976577323
-0.11164713307575902 -0.21162567452055392 0.18962590372865315
0.04812139832694945 -0.6060411750375887 0.18066651405627504
0.3671309362722519 -0.9248074289223918 0.1676859373962291
0.7970902539428143 -1.139041787215826 0.14378117313437055
1.2609609802294268 -1.2252764141049275 0.10644173481500778
1.7062027640033866 -1.1826677000790549 0.0769650410938807
2.1280330631329742 -1.0752634613024068 0.07941880375921377
2.487078813629214 -0.9373306405821589 0.1465918867076779
2.8290892848494433 -0.7745170045622631 0.26263976042906423
# level 14
2.9617912118391443 -0.4075917988306678 0.08270455437536033
3.1018399992975474 0.09888796762639777 0.12819493265091228
2.9223045433573165 0.6025761412307493 0.16581105337889374
2.614157812176807 0.8899188044103467 0.10912338113378406
2.2393093126569266 1.0363074297001529 0.02877636863891911
1.8086205311831598 1.171596550075652 0.012347191586555794
1.3409126718140985 1.2244840063070432 0.03255664381041151
0.873331039989702 1.1540695369158946 0.05644096820445191
0.44463296361173305 0.9605449162477003 0.06734267770230926
0.11573377246675771 0.6632464635212454 0.06730772068649957
-0.06638770143998313 0.2961491526843276 0.06298400994891924
-0.09671737641982275 -0.09864862909847104 0.05497623669094466
0.010176742122468494 -0.47966906190051467 0.044567671486599514
0.27012898294442556 -0.8127839858917474 0.03035599871760916
0.6717575595044621 -1.0486328011312864 0.011976923967341095
1.10341521717035 -1.1466817377364638 -0.02016111368000887
1.5209009212802846 -1.1411036238081722 -0.05551818770832136
1.9241020995492208 -1.0517333753707379 -0.07482803259720103
2.299520300696402 -0.9169699937621845 -0.05880307755415351
2.6313768403238518 -0.7546074871309589 0.015337402993218952
# level 15
2.7340503379557823 -0.4179128839294157 -0.15344668663748412
2.9518523351597317 0.018402141722885207 -0.11045013083705933
2.8329805270095982 0.49079925010288605 -0.05077440027074665
2.5501748268837825 0.7956827907232633 -0.06157051796489969
2.2109113749932137 0.9572354722872527 -0.10248810429315443
1.8116903573425587 1.0969305952742736 -0.10664085797613793
1.3884079559192264 1.1612957394860923 -0.09136563310760343
0.9635249593368902 1.1217474875054314 -0.07295272637571434
0.5567356719933279 0.9647561036558303 -0.06375664678083005
0.21944466930351025 0.6984639959164358 -0.06422061495353469
0.009748876629210777 0.36738350341557735 -0.0700602874114046
-0.052461527896189616 0.01029866423746829 -0.07878574700848202
0.019894691770031746 -0.34211636653583866 -0.08749980092089557
0.23374432213493368 -0.6547789688140829 -0.09964893276967478
0.5599781989878823 -0.900174336886301 -0.11885716761807037
0.9409620390837425 -1.0508093650915633 -0.14813712711161417
1.3263573966098514 -1.0816479300713757 -0.1873468728044787
1.6959502821003118 -1.0091237173477139 -0.22415520728690008
2.05685554677713 -0.8661010320896602 -0.24108952258523297
2.403473764485532 -0.6958618249044626 -0.20730895839487223
# level 16
2.453583288950994 -0.38456301552222494 -0.3492329833923359
2.694554351440929 -0.04014045642663154 -0.3121263884311767
2.687925651326959 0.35063518601531846 -0.2559335654017482
2.4514035229094553 0.6613123769844503 -0.2318635908429607
2.1441318426966576 0.8550359209700582 -0.23232616138812628
1.7964522419218178 0.9960500072492899 -0.2302360152113872
1.429820044653702 1.0753132040145608 -0.21758938885526233
1.0484640755610157 1.0672429397647463 -0.20206842411597709
0.6766875788558117 0.9449261184549924 -0.19333510028540585
0.35150412080521554 0.7140294797537161 -0.1951509720199414
0.14973418112351197 0.4251287048757433 -0.19801038753626338
0.06867634541047755 0.11868273925860623 -0.20487794275309656
0.09535912112775777 -0.18024834172792256 -0.2152727050069948
0.23489965807495727 -0.45950577445730556 -0.2294834234530939
0.4702527736374478 -0.7031914787812916 -0.24990463168189592
0.7759763054217949 -0.9054365645592469 -0.2799068218643081
1.1181563617446686 -0.957661633565962 -0.31250382981640124
1.4432849222307444 -0.915403912298607 -0.34657556517843474
1.7712687115340788 -0.7909647469554585 -0.3744620563877939
2.09996504210816 -0.6067187703666506 -0.3747574528772768
# level 17
2.080625701165435 -0.28780021346425133 -0.4785311685242958
2.3414849378388545 -0.05908301696983371 -0.4571076138186847
2.4363537460854046 0.22117894862805446 -0.41849576185912163
2.2908216170422637 0.49385500762638246 -0.38333867047624476
2.040459605974971 0.7077671232836842 -0.36220461028398393
1.7558599710225182 0.8556635139250043 -0.35172504509718655
1.450393449093457 0.9525123647111688 -0.33836199924034216
1.1320712794241965 0.975543819399787 -0.3261323714908516
0.8243598363671765 0.8922648964904234 -0.3185679157934608
0.5542112900428555 0.7016589513876503 -0.31567342675207344
0.35630728215830576 0.46321899354962115 -0.31746552772237674
0.24788253927990075 0.21396115433835566 -0.32449044255500936
0.2330600562486636 -0.025587212387638437 -0.3356957172326081
0.3060856515995886 -0.24863373275574246 -0.34925882307829914
0.472050797478683 -0.45747177705199793 -0.36576752826383324
0.6892837378206044 -0.6305361470036484 -0.3902644905094201
0.9563841848231871 -0.7291920858959998 -0.41764598884719406
1.219185643189925 -0.7392948295008278 -0.4493821773210956
1.483749892740149 -0.6360706605583183 -0.4742156473188667
1.7649850900892257 -0.46355339124024747 -0.4839697756898692
# level 18
1.6923469416429167 -0.12194119486749033 -0.5308346784535982
1.8837368486504984 -0.02321430915158266 -0.5271548659314393
2.03791205404665 0.1339134108457112 -0.5084807247618648
2.0219551647884018 0.3262922344004507 -0.4876712237255416
1.8704933303734719 0.5098392397627667 -0.46847489784037893
1.6762711330904088 0.6618893583295257 -0.4548646411646057
1.4557282729412635 0.7616719677605768 -0.4423324052622576
1.22407161254316 0.8077246777722908 -0.4321230403219313
1.0008749444279368 0.7571341214056864 -0.4243844374710166
0.7952596368411551 0.6356552548100531 -0.4206944859619446
0.6334754287441606 0.4652964014106494 -0.42288063940723664
0.5363182157239634 0.2853597973655142 -0.42787938973150863
0.5078858284569996 0.11469507964733748 -0.4359389256253494
0.5355515894817915 -0.03551052689153057 -0.447321874352416
0.617689173724802 -0.16508253640227652 -0.46226149487082385
0.7702321430863762 -0.2792007689376202 -0.47625065680771284
0.9575670856693401 -0.3467518859574738 -0.49290122347398996
1.1468028067987992 -0.36712751490616935 -0.5121666260300088
1.3521865795124628 -0.309818810439901 -0.5225038267039491
1.5061201892276286 -0.2036213341856309 -0.5311213082260823
# level 19
1.5169388406718411 0.022112624891893997 -0.535273098137943
1.5918055495069112 0.06828466239912587 -0.5334938103817594
1.6366141754801282 0.12500998976242705 -0.5319939321854634
1.6502507405706 0.18945639848753812 -0.5305170605099511
1.6108972396817443 0.299534868114098 -0.5222189900851437
1.5353003003059804 0.4016937413170202 -0.5160732686367571
1.4397322651843472 0.48035746884281 -0.5105013425062671
1.3221798514383432 0.5223657545614431 -0.5038372421953308
1.2016970653925134 0.5129723525042793 -0.49922010354439855
1.0982329035585425 0.47615215982422043 -0.4975407499847709
1.0114717829831246 0.3903126488168479 -0.4973726729531678
0.9549693582451653 0.30280975894846873 -0.49992791047208757
0.9310622654559348 0.21210819413921317 -0.5038294872317087
0.9474347290875186 0.13301191219187933 -0.5115171685285947
1.0009091513695532 0.06455245481421513 -0.5159984796241959
1.0918262862155763 0.018976147872057536 -0.5220420343854767
1.2077252576135042 -0.00739391359323514 -0.5287974540827034
1.293858913585821 -0.02028151119116583 -0.5321317560174017
1.368220614646221 -0.02496027749243504 -0.533353516792735
1.443369463455163 -0.010744406358466012 -0.5346573241035031
# level 20
1.3759040919171937 0.1846755496497929 -0.5318496223164495
1.3759040919171937 0.1846755496497929 -0.5318496223164495
1.3759040919171937 0.1846755496497929 -0.5318496223164495
1.3759040919171937 0.1846755496497929 -0.5318496223164495
1.3759040919171937 0.1846755496497929 -0.5318496223164495
1.3759040919171937 0.1846755496497929 -0.5318496223164495
1.3759040919171937 0.1846755496497929 -0.5318496223164495
1.3759040919171937 0.1846755496497929 -0.5318496223164495
1.3759040919171937 0.1846755496497929 -0.5318496223164495
1.3759040919171937 0.1846755496497929 -0.5318496223164495
1.3759040919171937 0.1846755496497929 -0.5318496223164495
1.3759040919171937 0.1846755496497929 -0.5318496223164495
1.3759040919171937 0.1846755496497929 -0.5318496223164495
1.3759040919171937 0.1846755496497929 -0.5318496223164495
1.3759040919171937 0.1846755496497929 -0.5318496223164495
1.3759040919171937 0.1846755496497929 -0.5318496223164495
1.3759040919171937 0.1846755496497929 -0.5318496223164495
1.3759040919171937 0.1846755496497929 -0.5318496223164495
1.3759040919171937 0.1846755496497929 -0.5318496223164495
1.3759040919171937 0.1846755496497929 -0.5318496223164495
