# level 0
1.448495810178112 0.48923437056398544 2.1296838639818647
1.448495810178112 0.48923437056398544 2.1296838639818647
1.448495810178112 0.48923437056398544 2.1296838639818647
1.448495810178112 0.48923437056398544 2.1296838639818647
1.448495810178112 0.48923437056398544 2.1296838639818647
1.448495810178112 0.48923437056398544 2.1296838639818647
1.448495810178112 0.48923437056398544 2.1296838639818647
1.448495810178112 0.48923437056398544 2.1296838639818647
1.448495810178112 0.48923437056398544 2.1296838639818647
1.448495810178112 0.48923437056398544 2.1296838639818647
1.448495810178112 0.48923437056398544 2.1296838639818647
1.448495810178112 0.48923437056398544 2.1296838639818647
1.448495810178112 0.48923437056398544 2.1296838639818647
1.448495810178112 0.48923437056398544 2.1296838639818647
1.448495810178112 0.48923437056398544 2.1296838639818647
1.448495810178112 0.48923437056398544 2.1296838639818647
# level 1
1.6112988181243812 0.32365778018807995 1.1862667783239784
1.5284406562629562 0.44063716567195166 1.19139173076237
1.3995102848055485 0.5270057598905297 1.2250267006784321
1.2391634074207332 0.6340989801290001 1.3539815430018454
1.0209081097545876 0.6870810361754207 1.5249705295809115
0.7744958072785006 0.5718066632882857 1.929469040369757
0.657631148667666 0.31328769964255 2.26690564281635
0.8038692075753646 -0.003115639957355445 2.390520930826569
1.0972779321277466 -0.1993557640952093 2.394926722268022
1.4285325839669976 -0.2741575564824498 2.2720971860520756
1.6541415386815377 -0.21352063415731926 1.991385799759961
1.6744311878551166 -0.12008989854194593 1.552207266842336
1.6546375707117797 -0.002315730542181523 1.3888140898536947
1.6183038600900388 0.09566457924294179 1.2535827865701017
1.6331500039986038 0.20011267375063485 1.1988012213389947
1.6112988181243812 0.32365778018807995 1.1862667783239784
# level 2
2.1902477120515096 0.32986114800880645 1.0652228390991696
2.0149309105758197 0.5168721938615245 1.040771677162395
1.7184206535983753 0.6478872951309465 1.0353476990960968
1.4178668330073199 0.7236142732262131 1.0553911870375285
1.0903864506629628 0.6686319238387184 1.1247587497543003
0.7748696080762911 0.45441569801308296 1.2191923570628078
0.4827225291441194 0.15135434201960551 1.4041370299088927
0.46421586203449705 -0.2687613448905001 1.5275028058888722
0.8394712944043698 -0.5986321055049224 1.521274318422448
1.2100516687692506 -0.6306139806863065 1.3936152698079316
1.4226623576445527 -0.4888850985854105 1.2100669131473398
1.6510448509141957 -0.39422352790867143 1.1236761184417743
1.8697160529233332 -0.27018464452366187 1.0141838141014716
2.0679489798607174 -0.11369901773601496 1.038324504681221
2.1985940450134165 0.09567555850974271 1.0710928911768807
2.1902477120515096 0.32986114800880645 1.0652228390991696
# level 3
2.647245486536908 0.22400678778312633 1.250568054686759
2.402055467271569 0.4636369157930307 1.1087636207289024
1.9604605954287584 0.6869592469453254 0.945966350000712
1.535367214261579 0.8396309972931566 0.916349826694344
1.136009311469429 0.8400933204215387 0.9760666198047205
0.7144250797969516 0.6063676670952974 1.0447153887598373
0.44986432030496604 0.2314151303947582 1.0997671126547468
0.4824793209999153 -0.1728398813375309 1.1218853086192342
0.7561733733972538 -0.5097586333665262 1.1032594913451719
1.1338846173712707 -0.7076939980463148 1.064077949881535
1.477776975987134 -0.7309257416367265 1.0120629321413137
1.8412815732859424 -0.6531755883931554 0.984116591644571
2.1904499363016705 -0.5045303504435107 1.026653725800925
2.478698682121083 -0.26931476598595905 1.150473763726233
2.660295307623673 -0.02401100238198847 1.2611983927323296
2.647245486536908 0.22400678778312633 1.250568054686759
# level 4
2.8785409664157884 0.12104368498673959 1.4878290219536563
2.6558680828096297 0.3680641740216836 1.2814741212018022
2.163146829190247 0.6418082432512718 0.9477519615016481
1.5749086018489156 0.9030322871315941 0.7979053938554995
1.124480851096552 0.9721050959977373 0.8621114693982572
0.6601556898419094 0.764530812043399 0.9317234227589485
0.2912605466600611 0.3567728358255209 0.9761047834008875
0.25070342040155624 -0.1092091374906421 0.9933649129985092
0.47502857791286174 -0.5346439974557194 0.9884126388036556
0.9277519965158577 -0.8121609928956515 0.9485353494300708
1.3270847144893234 -0.8857496795444916 0.886549499797496
1.7267144241624486 -0.7873397708960834 0.8584232746219993
2.174438856679377 -0.5763664266353811 0.9613406474077419
2.642397026505564 -0.3187861026385274 1.2583902797440043
2.856088990681963 -0.09358554583742995 1.4647555229106053
2.8785409664157884 0.12104368498673959 1.4878290219536563
# level 5
3.0759562041538353 0.07985019700112811 1.6500544280371368
2.893856430314979 0.3633293775809079 1.431634079627417
2.408744022597177 0.6531321627511312 0.9899721988624814
1.7087242961424811 0.995597155037447 0.7176861409848448
1.1582883383948253 1.0881430586984049 0.7536823667286107
0.6507992710720631 0.9026605896241697 0.8302012712955031
0.2092075732660691 0.4856819988885193 0.8646851389499212
0.08063002137619413 -0.021449694668081738 0.8820349088551758
0.26419614119438806 -0.5028292804227088 0.8787244718439459
0.7032665315822654 -0.8742830740203505 0.856583655797414
1.1482820974665904 -1.0172430372966563 0.790684143210762
1.6000420261491324 -0.9422796701716437 0.7435208209981228
2.1280022879998772 -0.7427500175853469 0.8599418388186327
2.6743698475392805 -0.4478103027247103 1.2162782774666678
3.003922109560041 -0.1891634650252945 1.5824289243609861
3.0759562041538353 0.07985019700112811 1.6500544280371368
# level 6
3.238761372355379 0.03148708802505494 1.6164445266283052
3.0456993262141183 0.4223692096416606 1.4481048125513971
2.564781068128573 0.786932923665334 0.9298433422687459
1.89368323719649 1.0896067043767048 0.6452346991808031
1.253857302917566 1.1905779706006114 0.647133151361664
0.6734842435976238 1.0309081153912867 0.7191094840099024
0.1760492210881276 0.616308657931758 0.7489313940521416
-0.02179259018166929 0.08020514025202433 0.7617451557877737
0.09282880876201009 -0.457413952178218 0.7625666996441716
0.5123052109365585 -0.8836806451907963 0.7476935430090946
1.0287799697003674 -1.1162774032997456 0.6959147160727281
1.5455846811327407 -1.1223572496114778 0.6360314877877384
2.1216539734382875 -0.9474090806510279 0.7093352839701332
2.6851945220538527 -0.6515546669683041 1.0607607459631065
3.0730248835892837 -0.3488436901805156 1.4953192582261616
3.238761372355379 0.03148708802505494 1.6164445266283052
# level 7
3.302540300297898 -0.05929097089362542 1.3639658940397585
3.1419829556526517 0.4687480724977907 1.2895733447359776
2.7042797041228983 0.8550236968976338 0.8446582705608552
2.055935832007372 1.1525125156381708 0.5561309123129149
1.367244902816112 1.2608881619289192 0.5330763248754637
0.7206768037495817 1.133651868557228 0.594935611092214
0.17409446612805402 0.7397101682245035 0.6211933574330797
-0.07355692005671345 0.19113318137283225 0.6300636046803768
-0.03471138036216848 -0.3918783459903839 0.6313230664187393
0.3398446963589953 -0.8708618211121091 0.6215899593465477
0.9053328456650119 -1.1559871489512439 0.5842537949443178
1.4866794645710928 -1.2195384779003726 0.531619626373789
2.0994921358554253 -1.0996826950008365 0.5740919602408814
2.657107977529905 -0.8427091662339353 0.8288394590538115
3.0731127599211194 -0.5350174766123386 1.2289156468966647
3.302540300297898 -0.05929097089362542 1.3639658940397585
# level 8
3.295557629540886 -0.16535393480308289 1.0119910977368054
3.1901993944742713 0.4759775179618854 1.0079318332848632
2.7696745990692344 0.8938918995366789 0.6939034559151789
2.168928805082161 1.164835722128912 0.4333109857708457
1.475109826443263 1.2865439450512084 0.40296494915402453
0.7960542751611012 1.1907719996574033 0.4526818937994791
0.19767706270855248 0.8479061859496274 0.47732944090265633
-0.09521600421100376 0.3067358609883753 0.48370828829199985
-0.09392953389606837 -0.2896792621473034 0.4820071637712423
0.19534654572672566 -0.8190132597199677 0.4739118001439556
0.762315566881026 -1.1585751313482853 0.44880408952570794
1.387390567842505 -1.2662722026302937 0.39887209509469423
2.009149590997269 -1.1833654637918007 0.4015821841094141
2.559253480979503 -0.9652220871249823 0.5608774061392111
3.0060039211887584 -0.7167008607921506 0.8712210728611809
3.295557629540886 -0.16535393480308289 1.0119910977368054
# level 9
3.2255965233171455 -0.2823544273183914 0.6288827728498181
3.1967456565821153 0.4392269409579658 0.6708280342362344
2.7837709526184367 0.9018227039406281 0.49222904884246976
2.2320399190754308 1.1365884766214327 0.28551602894857453
1.5648174068364444 1.2706679892195174 0.25846542021867913
0.8850526393961278 1.2114454617378125 0.2982393166908947
0.26613347666827014 0.9187232665782065 0.319550661126054
-0.09056251119465408 0.4176932102091763 0.3231925399330974
-0.1283883255056853 -0.16994138439461282 0.32066025711363433
0.1036580617469645 -0.7071881558092876 0.3096911965828074
0.6144108471605969 -1.0898470748279985 0.2897275733207526
1.2434022406422323 -1.254852228785347 0.24362716455549066
1.8606977944234937 -1.208652007914061 0.20915179239665632
2.4086807444344767 -1.0256694273395959 0.27892496666284317
2.867116989713001 -0.814310838444327 0.48664783050391214
3.2255965233171455 -0.2823544273183914 0.6288827728498181
# level 10
3.0820897853832108 -0.3855885913946124 0.2541332227130401
3.131225951758352 0.34242945395405433 0.3187720424282022
2.757046938473336 0.863880205566345 0.25400352544520544
2.252001883656387 1.0779152402455447 0.11695441440446612
1.6284186003015853 1.2239612947925038 0.1022638933544121
0.9809053945771078 1.2014240447588465 0.13438276371748328
0.3762903558966234 0.9523865260817197 0.15300175928898066
-0.029778735651133363 0.5108080798882163 0.15201682075835704
-0.1331250340531143 -0.03714808176327837 0.14659094094540803
0.03494890057969343 -0.5645017049466365 0.1361271149425824
0.4723804678834354 -0.9651881003211267 0.11621963970762295
1.0548470973143758 -1.1728043246538542 0.07851321881069181
1.6531088694307767 -1.1716928083325218 0.034051421728983566
2.192400334648835 -1.0231215588984957 0.025372444447813225
2.6634911112108974 -0.8339904056634874 0.13478239198444908
3.0820897853832108 -0.3855885913946124 0.2541332227130401
# level 11
2.820377902662163 -0.42007657094268663 -0.07932097263283758
2.992517775041743 0.21239607516854092 -0.00994797487933209
2.6815356097389738 0.7601080912143314 0.009913802607406114
2.221728061988113 0.9912634463227051 -0.05468315696315372
1.6685170008343326 1.1493863605709664 -0.06333305701162475
1.0785663565058148 1.1633987195299316 -0.035338362007891165
0.5142983680548002 0.9632661248378938 -0.018846588850063975
0.0990336154653799 0.5775550201055542 -0.020148714473988576
-0.06444316984262333 0.09718688187910725 -0.029695707065405547
0.004319235929350001 -0.39259266706050583 -0.04496391083767789
0.3465558358666446 -0.7997118940379466 -0.062295296490420496
0.854159209884864 -1.055090501514101 -0.09624531916360501
1.3990272360040485 -1.108476536287122 -0.14215226025131567
1.8916925120751384 -0.9819438896812701 -0.1780110400721084
2.382200653063989 -0.7826728703738315 -0.16541193133293208
2.820377902662163 -0.42007657094268663 -0.07932097263283758
# level 12
2.453583288950994 -0.38456301552222494 -0.3492329833923359
2.721663061861385 0.08678117397507881 -0.2933077177676887
2.5419222637829932 0.5869907990558978 -0.2323761692276079
2.1441318426966576 0.8550359209700582 -0.23232616138812628
1.6755860198300525 1.0365182247259501 -0.23118526103615397
1.1726790303447534 1.0919699245882022 -0.2092604444182066
0.6766875788558117 0.9449261184549924 -0.19333510028540585
0.2811359898753943 0.6191785379871608 -0.19307020142498627
0.08565205207281376 0.22105050966518625 -0.20143377129108345
0.09535912112775777 -0.18024834172792256 -0.2152727050069948
0.304301908408098 -0.55171714747252 -0.2342721012043417
0.6786162514611702 -0.8449731961946262 -0.2659871828362463
1.1181563617446686 -0.957661633565962 -0.31250382981640124
1.5506600244436737 -0.8875654829897319 -0.36078012199548576
1.9911555337931754 -0.6697086378618703 -0.3771233937471326
2.453583288950994 -0.38456301552222494 -0.3492329833923359
# level 13
1.944892691357969 -0.23967604796355357 -0.5054904202787822
2.2691379544772365 0.01442246919736315 -0.4823024175232608
2.2740058199083397 0.3652438295432328 -0.4329072458548714
1.9961905932338886 0.6350860940242654 -0.40457527546860816
1.6404262834953858 0.8486358617101252 -0.3848277726745738
1.258735806327137 0.9333374342495702 -0.3685010876727252
0.8781037355673033 0.8561161834928855 -0.35612551553247596
0.5516190553216009 0.616315447211219 -0.35365395774462177
0.3481137859378492 0.3152429790443591 -0.36064396504637836
0.2976201238926697 0.026808257263220087 -0.3740603267454964
0.38928090486517414 -0.23527264575934376 -0.39307371158691795
0.6221844260383657 -0.46710536371612693 -0.41496211621469664
0.9288051333827707 -0.6218005695949351 -0.4481096872594461
1.2537028494459364 -0.617033262208193 -0.4820019823901249
1.5777075102641576 -0.4499913872202045 -0.5037982741444282
1.944892691357969 -0.23967604796355357 -0.5054904202787822
# level 14
1.5794430984079348 -0.02576331731972973 -0.5339148766741604
1.7196779147417107 0.06084896111354256 -0.531563857311131
1.7696864042033629 0.1838174922724994 -0.5254001201375388
1.7070729493408572 0.3693268720579756 -0.5119115582741472
1.5441678166015178 0.5260058557189595 -0.49722522684742404
1.339613161506128 0.6146102264489808 -0.48655642212180433
1.130395320298943 0.6120762247347312 -0.4790209156524605
0.9463061196406322 0.5114125149629893 -0.47659973534672384
0.8200286984153926 0.34958559402115574 -0.4791951732157
0.7725829377793669 0.18553273255767652 -0.48589077087381405
0.8109176348276435 0.05228311291488222 -0.49554868743692215
0.9179720214576316 -0.04323553433016872 -0.5094090140370724
1.0988226612450802 -0.09626352567503149 -0.5208115705867576
1.296379407577407 -0.09206996236992915 -0.5316407816363026
1.4289041196736192 -0.08946066235797054 -0.533433686335059
1.5794430984079348 -0.02576331731972973 -0.5339148766741604
# level 15
1.3759040919171937 0.1846755496497929 -0.5318496223164495
1.3759040919171937 0.1846755496497929 -0.5318496223164495
1.3759040919171937 0.1846755496497929 -0.5318496223164495
1.3759040919171937 0.1846755496497929 -0.5318496223164495
1.3759040919171937 0.1846755496497929 -0.5318496223164495
1.3759040919171937 0.1846755496497929 -0.5318496223164495
1.3759040919171937 0.1846755496497929 -0.5318496223164495
1.3759040919171937 0.1846755496497929 -0.5318496223164495
1.3759040919171937 0.1846755496497929 -0.5318496223164495
1.3759040919171937 0.1846755496497929 -0.5318496223164495
1.3759040919171937 0.1846755496497929 -0.5318496223164495
1.3759040919171937 0.1846755496497929 -0.5318496223164495
1.3759040919171937 0.1846755496497929 -0.5318496223164495
1.3759040919171937 0.1846755496497929 -0.5318496223164495
1.3759040919171937 0.1846755496497929 -0.5318496223164495
1.3759040919171937 0.1846755496497929 -0.5318496223164495
