# level 0
13.339726601978594 30.816583926918106 3.0704694844275915
11.143618005331554 27.960400576774155 -33.09670242456488
12.839330188099513 28.023525465540022 -32.48442057704351
14.043207439776344 29.270450796374725 -31.84117177447049
14.915590583863036 29.93879880175121 -31.145104989544343
15.4042871578954 30.93633542967428 -30.464563316722785
15.439767622175228 32.58406821566905 -29.581748713097394
15.151096280523767 34.822346961816955 -28.20468011188911
14.990689183992693 36.54299634414095 -26.382304177464054
14.580483567832484 37.57686162975949 -25.42467582735309
13.916069760137056 38.236135099734945 -24.651957605775685
12.958574492323786 38.84319358350841 -23.726122332199232
11.538110393900228 39.10020296659618 -22.803065834116108
9.8585412562791 39.04414074498567 -21.776225860640462
7.61835585558392 38.15610869314684 -21.898224319903335
4.940376448968745 37.35116748059486 -20.83737041010516
1.5042775904284214 36.3905059987261 -19.16258444903336
-2.217118405109497 35.25040657162624 -17.91757953547836
-4.590079628412944 34.373655163382516 -16.585564707297788
-6.013770002291738 33.34721056075294 -15.70239801315378
-7.206146612293092 31.60735540041722 -14.972986952961309
-7.952552344879208 27.660790282413465 -14.551098305912433
-8.086872115180364 24.45504053679144 -13.254960172090385
-7.893395794266496 22.176932699657876 -11.884753977467327
-6.126100495358923 17.86643963375255 -10.22737454427527
-4.547139700241338 15.983331763090577 -9.457645472156187
-1.3015261702437024 15.449251896608583 -8.009306596925246
2.263724858560983 15.701733297210474 -5.942466533525556
5.31953120103176 16.027491801591182 -4.28355595268628
7.943938161710201 16.650157432249674 -3.050351054680652
9.356379767834685 17.408796944273845 -2.5393071142985217
10.553455317329362 18.337901360861615 -1.8303654666157376
11.582834253373878 19.21675220852757 -1.0333346422216492
12.911342198126906 20.662066432062993 -0.016658059185150093
14.36056156163842 22.455926697830577 1.109217404221908
15.088649240357228 23.78169010279955 2.236320673578249
15.454185234388497 24.5685058224907 2.75401640930716
15.501175094465406 25.58779706489573 3.0363243200315475
15.112197668568058 26.960231035196212 3.1038567897296305
14.880377129290903 28.846712030304655 3.4485754153482375
# level 1
14.560569799413708 30.852834915895237 3.5508204094012408
13.339726601978594 30.816583926918106 3.0704694844275915
11.143618005331554 27.960400576774155 -33.09670242456488
12.693109888191135 28.362919945661588 -32.47912728142653
13.726936616579966 29.702203593878092 -31.856537142161997
14.551932386490531 30.506502844654424 -31.195098669030877
14.821154910493153 31.71590577098908 -30.54091840429146
14.578121727921543 33.642513017879 -29.55872163658367
14.259224199283373 35.21314997371393 -28.38629372685868
13.760643455879755 36.48901685188117 -27.16519013892703
13.229595769055699 37.2496976444541 -26.2523834080476
12.56091642843738 38.04832189950148 -24.98912792090391
11.273530306783812 38.385710844771396 -24.024560960093183
9.663833002930083 38.32334979516177 -23.317050431800382
7.690357620392736 37.66548940465043 -23.330058856894908
5.221714332933804 36.928790526311545 -22.420526079386686
1.879890399815167 36.00808008405305 -20.745314751389323
-1.7492107698895651 35.09257548697109 -19.035943752125632
-4.296482443751106 34.22686470378135 -17.724338876321905
-5.948441470708406 33.074993690121985 -16.80283634871243
-7.27218774068473 31.25678152051291 -15.961953412956287
-8.19715826975877 27.384110978568433 -15.955160156924396
-8.405438890481385 24.521205995992947 -14.147783143242226
-9.218302797323908 21.39870276423692 -13.182302995726115
-8.023359631410997 17.383157756132324 -11.704587851810468
-5.611459028562633 15.18822658386961 -10.5481405095308
-2.501299419526895 14.754701491191254 -9.108606288841756
1.2754832685348156 14.89696655439677 -7.325859694783599
5.011841624155468 15.31148537274268 -5.188447250695148
7.560761336075521 15.765195522519024 -4.064933123840213
9.471495289063208 16.461283744436937 -3.4203003793788818
10.660089859301419 17.46371829345098 -2.7550193734195285
11.910575236905503 18.43070013926651 -1.811897671387808
13.244145583545246 19.767554708482955 -0.7708025399665241
14.634118728618132 21.4910871189924 0.3975561114079867
15.508540445032112 22.896854637809238 1.633871936325713
16.02173018984181 24.000909515278224 2.4841119344000564
16.184388145061476 24.854087140590472 2.9720285825100237
15.918810996076058 26.29158833759698 3.0871036412695836
15.439056166624933 27.697952668585 3.262126574232798
# level 2
15.279116880318835 30.106544373384907 3.6770919895358984
14.678614715742764 31.253638754211096 3.6265117604051835
13.339726601978594 30.816583926918106 3.0704694844275915
11.143618005331554 27.960400576774155 -33.09670242456488
12.48420479636149 28.693963601540634 -32.49771213014432
13.418331298525901 30.004663934039243 -31.882431427780134
14.116487934637178 31.060725219810337 -31.29574502666422
14.14883061840655 32.5147990537549 -30.527278547927516
13.849165666851224 34.10557939159411 -29.666825282012383
13.435883275845727 35.469928712405355 -28.483905420003367
12.551216815519744 36.24572439923766 -27.85337310626823
11.998322448640815 37.06794900254158 -26.588080666386873
10.980277019123108 37.59434045658459 -25.445785135288503
9.424823989214188 37.592369905524365 -24.86662274892776
7.5508330850321475 37.02313998933078 -24.981618994750992
5.313124717908235 36.41702734431366 -24.2360475396726
2.284030730894364 35.64095369770125 -22.328243625367307
-1.2109174144609816 34.741129348986895 -20.668435446923276
-4.0481987046543875 33.984472799976956 -18.83342077915642
-5.838641876965628 32.84220334160993 -17.878360554560736
-7.209378698309571 31.100565282590743 -17.096708716307973
-8.159320392405162 27.598354086316128 -16.968048027647807
-8.68303684453612 24.696042169501737 -15.333872558380396
-9.96840330165723 21.638551259477005 -14.361302751425411
-11.330579893326355 16.23196635632545 -14.428915265950012
-7.726670034068357 13.871271288903355 -12.23523689238738
-3.845945519603158 13.988647667416522 -10.351287655974605
0.2612066056714798 14.096495376175277 -8.72341550098188
4.886883447966752 14.65116472527453 -6.02938146508497
7.264226653712671 14.910148559990253 -5.0739340017411205
9.567588829259101 15.517468577429106 -4.327943950830443
10.874484420675092 16.505085898429112 -3.6656006690290313
12.075797491040316 17.573088495948692 -2.753192579869993
13.369853924830121 18.738063986922594 -1.7961327930155087
14.785513479428786 20.42903687715384 -0.6542754099344875
15.925647951125066 22.17106039783073 0.6223465919189575
16.580826198966154 23.443619757578205 2.2020930815393704
16.801204520350066 24.410027153557472 2.679412166012038
16.75740878253498 25.667755181932254 2.9716818742956876
16.26393375285915 27.099974345696854 3.126456134606564
# level 3
15.934912101533811 29.35113744077304 3.6640350055739663
15.446609450032465 30.79134698344394 3.788951290241385
14.780392008034793 31.654093393496915 3.6968387401561187
13.339726601978594 30.816583926918106 3.0704694844275915
11.143618005331554 27.960400576774155 -33.09670242456488
12.250914916355592 28.961946425210787 -32.53575108483642
13.025234588711836 30.27855278144049 -31.948283038335358
13.498345779810197 31.447692855783043 -31.418824977801194
13.562921934548694 32.84725905100167 -30.62363049421171
13.106779617735661 34.36678969086199 -29.861355953625765
12.293980638833611 35.269349335383374 -29.14093219347533
11.323521107425801 35.95380911936954 -28.50965488503571
10.595685816267421 36.71519062684229 -27.157526714870073
9.18938799634103 36.859046560367304 -26.364856117773513
7.409789197542621 36.439487500549404 -26.298491013252693
5.322093542212972 35.899355934590545 -25.88422483885044
2.5795545926090586 35.21794926984437 -24.09047757343241
-0.6509281381801917 34.53507838351309 -21.802799389043297
-3.738397962552237 33.837865721180414 -19.692424077111845
-5.590831216563137 32.71854078157741 -18.8884175659002
-6.998845351879093 31.169512111412665 -18.176750667325237
-8.00996955581938 28.0109784554926 -17.962767838314548
-9.017702790084348 25.07495106482309 -17.04934497272615
-10.781223624168119 22.20081626254948 -16.288604326813022
-15.116504318763642 15.215417463136522 -17.404138544691076
-10.648980073699876 12.153053799912811 -14.411597534470632
-5.511285513256261 12.611463889127586 -11.948092392682259
-1.1753983233923395 13.325445777287236 -10.085166872687829
3.7932467803259438 13.932574536630643 -7.474332646979162
7.017644638212394 14.278869727489143 -5.957222459395394
9.353734020591983 14.733769768108136 -5.277953028821527
11.097355054732086 15.569863365543327 -4.615218259938898
12.257388454752432 16.733973054316763 -3.7045447620213787
13.709753002485419 17.860065123389084 -2.8846757862829238
14.94880973959115 19.387433373010175 -1.6987452912846985
16.337055365773608 21.475338092208833 -0.5732605782111881
17.079177639986213 22.934419599160037 1.1069115797068743
17.344385377877266 24.166507562683574 2.2335803519551445
17.507442396518144 25.376755436917506 2.5339078417016014
17.279482162979814 26.8703335423558 2.71474537810223
# level 4
16.795624770192994 29.20996641818418 3.4539674689582083
16.102893091967143 30.219434969947155 3.88467240500196
15.578682791079055 31.537134525190638 3.898145050515378
14.833366428215738 32.05350043569259 3.7510726061480337
13.339726601978594 30.816583926918106 3.0704694844275915
11.143618005331554 27.960400576774155 -33.09670242456488
12.00543264226157 29.198398832776494 -32.583517092515685
12.571832176342987 30.50944774158064 -32.04932362532635
12.886498252151151 31.818118336046837 -31.50000630898371
12.774503432555633 33.17920015994325 -30.77240415620696
12.180602928927403 34.35665085209749 -30.167973305361556
10.996983726989543 35.036858246887185 -29.728410869596715
10.076293895912158 35.66819335013392 -28.990300112074017
8.967200417941005 36.04360070631714 -28.02478262032311
7.282361500128019 35.8895456777331 -27.49493366726141
5.340119802460452 35.37364357434923 -27.25741511421757
3.0323529157476816 34.90188013623751 -25.588407431437066
0.21896606358489645 34.11522602079626 -23.52707190589068
-3.261408130342129 33.59369535452778 -20.756090259887458
-5.017528590045776 32.45849772227366 -20.15773238144201
-6.351654273129032 30.997089273785193 -19.79508755663876
-7.650159157977481 28.52705502233217 -18.805041004447453
-8.740308433451304 25.553585927876004 -18.681156945901943
-11.848760911354502 22.28665620462138 -18.93398155261855
-20.529453297908812 12.50771376821049 -22.160748782857592
-15.468863940689676 9.095014533469808 -18.41107768296246
-7.355712940101125 11.07071227872415 -13.702758631484683
-2.40787504648679 12.508329375712343 -11.438948704264053
2.5346786342099756 13.257850250936327 -8.997440565887683
6.546670791750659 13.73472623218673 -6.836438272001797
9.111755114903005 14.08191623839237 -6.114803708335799
11.386834087027214 14.734955780342851 -5.73079002592572
12.52275154124309 15.929025536825531 -4.821672411773482
14.051366265582853 17.062707435429402 -3.922856833879103
15.400588131040823 18.581498523193986 -2.82512017588018
16.69729609751868 20.61185249995856 -1.5968599562812704
17.582209035171882 22.428537510988242 -0.10616119224429754
17.887381974792845 23.80703283636735 1.591836103046079
18.075121705948163 25.06474100952619 2.2256840516718337
18.2855920223168 26.80956846585812 2.114394388792572
# level 5
17.85062766563294 29.40964664467234 2.9534576657903324
16.95958464669564 30.419626457348283 3.696871140073856
16.210989792583526 31.088518406084372 3.9991719429215604
15.650461285568186 32.23561054020138 3.9842592283202825
14.831420176928274 32.385350240270526 3.7810684425911094
13.339726601978594 30.816583926918106 3.0704694844275915
11.143618005331554 27.960400576774155 -33.09670242456488
11.747757974079418 29.40332082423776 -32.64101015318211
12.118654668958229 30.7083268142484 -32.14874781578019
12.210172041510791 32.1051556637386 -31.62819876079239
11.843208191628161 33.44545549837973 -30.997154247354008
10.993964587304838 34.227360496862126 -30.50751148276388
9.862993935438931 34.81795610596589 -30.035838888681784
8.842868310027551 35.32992091225374 -29.319188289929937
7.244202724426103 35.199643589331956 -28.975709223373048
5.436085548500255 34.90950990987224 -28.356640872859554
3.50964835683227 34.60053112115723 -26.948269058470522
0.886783292195511 33.90275215778197 -24.987013291051746
-2.1891143948983536 33.14984172717893 -22.72920109272249
-4.40950312922552 32.15495598544014 -21.46446221339476
-5.742433634020997 30.74699585734939 -21.084658290611166
-7.044977735867125 28.581162189942415 -20.232961416163576
-8.359438414472946 25.89884227150634 -20.00179866755821
-11.512690147172046 22.884389078413147 -20.97993457742759
-22.438764577442956 12.93306040773022 -25.994573221233843
-22.430891778017266 4.300558101755314 -23.89782541587679
-9.367706747197799 8.511500672713892 -16.228035319221373
-3.149522376616958 11.54904402758501 -12.814068773209701
1.2578318512996707 12.631123619978498 -10.560450418579988
6.075583573412934 13.174407083248912 -7.7974477327932705
8.837351089323843 13.476221091519562 -6.991464009912159
11.423865494225902 14.01661115969376 -6.713306605687923
12.87899964989452 15.113463365947997 -5.967362482243077
14.241847652009644 16.328675301486356 -5.066160530522486
15.81429594851023 17.762897592257694 -4.032084075245187
17.157275280708905 19.890297240124898 -2.6190204389085405
18.258656842680253 21.867129306280063 -1.6636364568459185
18.564368731013452 23.55597703483722 0.08281172816252214
18.63018592770229 24.78924600949371 1.5652096732224439
18.94478963630556 26.688664508930245 1.7088090494865664
# level 6
18.99017595362438 29.66234586223567 2.244105002335281
17.883622959567433 30.717694566779514 3.4505532182324368
17.056569107484343 31.459144724140764 3.9050053021128495
16.287917697805657 32.015654048977524 4.1012892971413315
15.676676553049141 32.85591195814796 4.047140724065581
14.802013589906606 32.68342142603958 3.7989452642597663
13.339726601978594 30.816583926918106 3.0704694844275915
11.143618005331554 27.960400576774155 -33.09670242456488
11.477890911809144 29.576712399594577 -32.708230266835685
11.6623150666096 30.91584222099074 -32.23317638320301
11.51304083830368 32.318345378108674 -31.788669396183085
10.902437587630597 33.35008095440182 -31.269248870598943
9.8061554002065 34.00333197805134 -30.938378597679588
8.802583320932147 34.53018946545882 -30.307656941266927
7.4034754087030406 34.74650063010154 -29.721378700957338
5.785844124984683 34.52511377579589 -29.32587480673667
3.858564537580375 34.241323590218656 -27.99239407219784
1.630619047862374 33.704086464054086 -26.483911028881977
-0.9726332571759885 32.806382856119654 -24.66453685355158
-3.2553291258763974 31.928734260370533 -23.07975805123465
-4.914893185686797 30.556792150165208 -22.402086367331073
-5.981576393980072 28.698868806248523 -21.872033860237693
-7.577624271584133 26.08236022886737 -21.158023110892277
-9.145028751231195 24.32121557599573 -21.920951168813914
-23.115063296211293 13.33671813954309 -30.57127978135756
-26.681438036018612 -0.056980608070656455 -26.254275284305756
-11.595693104751081 5.667347236941031 -19.591959236618145
-3.0037445645418703 10.924278432270636 -13.98432567580241
0.9953982614288475 11.973172659000348 -11.958753674217636
5.474156601929584 12.498446803030664 -9.372593504028202
8.878597900932476 12.776053455402343 -8.295940206136395
11.447976846091445 13.378105925549963 -7.644007394778846
13.246817657002348 14.296290948631992 -7.121294239667427
14.438765510294967 15.610469029897057 -6.189231555208087
16.13249499734734 16.9104577753107 -5.382490199630413
17.616666829699412 18.93289987139478 -4.062314273109472
18.89705188149729 21.154399135805207 -2.923376024215101
19.31518376707199 23.207363765049344 -1.5837972393018607
19.234931013606833 24.674532639201487 0.13163001317272938
19.418529355121464 26.337065900711064 0.878935743775912
# level 7
19.80140547841834 29.43350481600905 1.478695002975818
18.836279422875187 30.870231730909346 2.79055028454742
17.93009632417874 31.963668472615588 3.776710004178235
17.07006616397099 32.38714198430192 4.102182007651674
16.318449129954473 32.94961227921053 4.194041126387554
15.667725944239619 33.49023778934701 4.103740562323979
14.758442939772257 32.943869157891804 3.7890169344780618
13.339726601978594 30.816583926918106 3.0704694844275915
11.143618005331554 27.960400576774155 -33.09670242456488
11.183639061362614 29.687043142742507 -32.79490448646358
11.18354935942136 31.059509629128716 -32.34746943378209
10.7731579248502 32.41979004038836 -32.0088535898435
9.948504168876537 33.16717844609289 -31.613924361658675
8.761019883311008 33.72495499585999 -31.302746566313196
7.550361796383098 34.13094381611961 -30.578677323027435
6.109973958925926 34.151272115089206 -30.00921829450065
4.474414831566597 33.93179845481981 -29.093085370393936
2.7388057774044436 33.53171017234953 -28.008829796125795
0.6163882646994281 32.779569623412115 -26.619741319767357
-1.7939060942020828 31.63894116036517 -24.946938024606624
-3.4966893597822195 30.537312624860974 -23.96115536095751
-4.827752559897536 29.00549236421856 -23.27683326572593
-6.7385035673255285 26.329538111860142 -22.075307784823444
-7.8444343783687644 24.433889356488656 -23.01160289588571
-17.081277433481024 16.365286564826878 -30.659012152316674
-30.728173969216744 -14.342945573083462 -27.621303632303995
-10.643011132383807 3.9307442131948087 -22.67308712087171
-2.249220726077974 10.29934831588178 -15.157342230119745
1.329157969586926 11.494858120372943 -13.183191183228109
5.128431257817887 11.867499776687492 -10.943276445149117
8.902493613957722 12.07954276809954 -9.594908778960725
11.771949692598955 12.726160510229274 -8.903781135135155
13.637457743194535 13.627611339549286 -8.385447500096118
14.795273923394383 14.91156680125927 -7.3958863512273805
16.440162716684767 16.25159320386305 -6.587163569948764
18.065850372917332 17.852229217631564 -5.741673902674577
19.47224305221428 20.214334842579095 -4.452303642840997
20.22608132246665 22.556904003320557 -3.077042259004149
19.943967252556558 24.492886742664346 -1.331382739571897
19.929221309871338 26.178256041014194 -0.17825292938800563
# level 8
20.365666523290457 29.421383641794815 0.6703434621200768
19.666317317800207 30.794380857494573 2.0960720974523976
18.697988489429637 32.137454300907 3.3021079090429213
17.881071485544158 33.008557308079176 3.9675342484400096
17.011139846824257 33.25537506138345 4.305459856106072
16.30258408902996 33.89039309678337 4.277427430660227
15.449221397551623 33.92528813662432 4.126489262232049
14.692439508231494 33.13089844089283 3.733439273871459
13.339726601978594 30.816583926918106 3.0704694844275915
11.143618005331554 27.960400576774155 -33.09670242456488
10.91439705137406 29.716515457627985 -32.87546516418475
10.723185411095722 31.07982753050339 -32.46360720315374
10.087272020638114 32.22890575164286 -32.13504873740259
9.060926080840698 32.82813264944303 -31.86065176137199
7.85553337348563 33.363006619309786 -31.431239978138887
6.500112270648527 33.6215659836248 -30.805670430901884
5.03540170023313 33.618826719143584 -30.041553501810434
3.4224469397845514 33.283195151573295 -29.091286150158627
2.185787277160582 32.74198078496411 -28.541394976258804
-0.1544355606229164 31.685683587643737 -26.886941112523424
-2.0762130045623426 30.48708117953388 -25.529818978831173
-3.4033198213937967 29.17602805130599 -24.81084341411722
-5.8815330459788795 26.62060556011304 -22.824038915403698
-6.536880836987706 24.524802153481247 -23.50934811282642
-11.59264260158676 18.8872652472101 -28.73737047428184
-20.918615709632522 2.895710135673177 -42.69329440241146
-11.064841653342652 2.6824659424425277 -26.685242789085663
-1.6210435517560242 10.123836659186132 -16.66034031778978
1.6845981065839084 11.210307411823209 -14.13457950938075
5.593887754269685 11.38773492994002 -12.301452997218085
9.074646584687251 11.542579998124959 -11.019243835703511
12.087151306113306 11.983887219716681 -10.672584705433614
14.059423237069174 12.973358662382513 -9.836125243112125
15.234391160739012 14.277855701167097 -8.711403760333397
16.516741804810355 15.651863076771958 -7.736048671501255
18.517159538702696 17.220600222105325 -7.073867227268716
20.211681776648867 19.440933853648573 -6.147034282266919
21.067186170273768 21.90937449668751 -4.5460867965839125
21.22234606367593 23.975088593135094 -3.0693628377368016
20.711472030408718 26.031007383888046 -1.3895257477025926
# level 9
21.393313312885752 29.58906956481109 -0.3786073772289836
20.429717710470154 30.768320296231494 1.3918031497602872
19.518019316348777 32.25741192005536 2.6712962496223946
18.571385725375798 33.43271969080566 3.737668001207825
17.757445129012005 33.99328716491153 4.180875387043965
16.913284615663176 34.25863804012523 4.448545555135143
15.830601922482362 34.39406258166586 4.291600791943759
15.083995363790315 34.19904470425924 4.122045203138811
14.497425410561206 33.159227504784035 3.672948359571845
13.339726601978594 30.816583926918106 3.0704694844275915
11.143618005331554 27.960400576774155 -33.09670242456488
10.706504153634626 29.65659503352309 -32.91167512897642
10.275083703682174 30.997441563877974 -32.55208840668391
9.43042802992896 31.947398012896393 -32.2993235646499
8.265941865065619 32.43966920189398 -32.05929759596097
7.0173335203266145 32.91690631430395 -31.63723315304398
5.60587435015707 33.088837482353036 -30.884807484693958
4.07528031054017 33.00279105544142 -30.131513240940155
2.8458067306700956 32.472251320538874 -29.49666252352308
1.482306003749533 31.67148394914993 -28.801762455558226
-0.5217127492369678 30.490835184129544 -27.380384398894066
-2.0019566590399527 29.338847018075647 -26.321381636151102
-4.353747064864612 26.954973766267525 -24.238783529901305
-5.267121411118551 25.032670022816255 -24.107413547964786
-7.711767481272459 20.436953894892184 -27.29490750656614
-11.734360212433636 12.430347980738166 -33.49037512718238
-7.72307281284012 5.907817447067961 -27.206737684490314
-1.1496549209080158 10.268436791941602 -18.786558573228405
2.0585412281146915 11.306027680331091 -15.857606432577658
5.959684929087851 11.14005390225735 -13.69892190090231
9.388356261980906 11.173171441520925 -12.566088253162569
12.25947283604782 11.487357130311782 -12.069529713196022
14.479808827576925 12.325636692675822 -11.325216118533636
15.658025013191832 13.646081686741695 -10.025869637425767
16.60433258020971 15.051242841047124 -8.911850483415305
18.756109701140645 16.639425737840593 -8.404377549446957
20.919862036255758 18.755031967687156 -7.749808289757544
21.62238923353205 21.270210583523976 -5.842174470588689
22.469352340847344 23.455185118374132 -4.8293662062150196
21.780397536693098 25.545582264517144 -2.7965815998404375
# level 10
22.719351867947804 29.872053227322098 -1.592979892579596
21.58620548448134 31.07139029267439 0.30897017904169277
20.67451580974107 32.43064465106288 1.634376610107371
19.52325366800556 33.79772089047448 3.0320732535186985
18.35409297944915 34.78641379618302 3.94858917802446
17.472396709647207 35.16461859155463 4.350041757820099
16.223283264615933 35.040731052842915 4.421402932326019
15.285303678221485 34.81335475950369 4.287211540885362
14.699031579847066 34.461778050642124 4.111870946287441
14.278398124816974 33.10693218688082 3.600681394240638
13.339726601978594 30.816583926918106 3.0704694844275915
11.143618005331554 27.960400576774155 -33.09670242456488
10.50759124579641 29.553378198007596 -32.95405805572671
9.822862228238156 30.830622518727214 -32.66935636764193
8.785835185278703 31.606129630449704 -32.493761764393575
7.5791988659816605 32.070466568705854 -32.215144149193655
6.253255429160296 32.41588557204276 -31.810485726430276
4.828699294892919 32.444641118229654 -31.00939472917376
3.3145194449023396 31.9879481677981 -30.294747264390892
2.118025937514874 31.299456031475373 -29.793945705215876
1.058069289892887 30.501792706733948 -29.294163548752003
-0.790729483530364 29.022767693049705 -27.824414147689122
-2.8158005303275138 27.45469427030647 -25.767666184986034
-3.920171592443076 24.69976940986033 -24.896344242573615
-5.011143652218853 22.362765598075086 -25.608752772384932
-7.349355961321979 15.874323392555567 -29.697167110426104
-5.92877740151353 9.885626288522976 -27.34159654604976
-0.5815548449189368 11.317332912330555 -20.41431836300575
2.532120906044185 11.762354460643307 -17.45750594790593
6.329910694905838 11.088930662331487 -15.137814110903047
9.676857839325352 10.814373526129568 -14.103205304896061
12.434768495673339 11.072658269805332 -13.397107169465066
14.465351700683186 11.992913392464786 -12.116542204272484
16.199250895434737 13.215126473931495 -11.390463948363594
17.041014897473115 14.557671112053374 -10.22437396801665
18.997203125050092 16.12484692104955 -9.721448072177944
21.120412487007336 18.146628577682897 -9.07779322624662
22.216585403542773 20.594932295101458 -7.3484433156165245
23.378346504643638 22.821334543855563 -6.723936958431963
22.83939166974683 24.998051329417642 -4.224721689000157
# level 11
23.947859364834912 30.010925538833952 -2.9545975961098274
22.716005622652972 31.260100286439986 -0.8508190914475786
21.75025621120484 32.67393297979347 0.5843482913246523
20.9611691924017 34.1941265140944 1.6970096384163407
19.15583153952457 35.73750489781222 3.4251799621846115
17.98400957971247 36.2728739231647 4.122514297298136
16.80224398515088 36.06211066832964 4.47689463497686
15.485976009324242 35.88382992118466 4.361347063180515
14.719973333345314 35.19250602117369 4.270849840622062
14.276961752916925 34.41717390264331 4.042884317100866
14.052645719645643 33.032069384602664 3.524373670415624
13.339726601978594 30.816583926918106 3.0704694844275915
11.143618005331554 27.960400576774155 -33.09670242456488
10.311483632058174 29.425163119394355 -33.001598343132194
9.38598151144507 30.598986150377847 -32.80620690737371
8.19039001134034 31.214553788003123 -32.712386121592644
6.968199613009983 31.649551735915896 -32.3726710138054
5.609098607337014 31.8483569833815 -31.880277061895953
4.136680028895825 31.598190005834603 -31.156439398081183
2.621125033800484 30.904693899398207 -30.571718711727872
1.6500421851909715 30.054729806290688 -30.15198166209838
0.3867864609252315 28.600690124865466 -29.338019987661703
-1.5956252341611363 27.869383621188987 -27.180293543358495
-2.584852425135405 23.824498838658954 -26.035938917650963
-3.745032975167517 22.313896199940004 -25.62736352357322
-5.040756786011498 17.489570616873337 -28.02431288641738
-3.9932664976851306 14.856993259120639 -26.07625149093683
-0.2615932022417223 12.967013091789319 -22.426182323240223
2.644772247536176 12.654519368096071 -19.43591869212508
6.3466713656960945 11.110208939325105 -16.851791615665647
9.689832617119459 10.70279730430447 -15.72123049899302
12.159528426638285 10.92810735091504 -14.590049733128556
14.41997679746772 11.676065716706217 -12.943694574870424
16.267605187981218 12.946869454921723 -12.25820349065195
17.806375380424846 14.468828857640489 -11.7171705983681
19.23352870904453 15.831521326256585 -11.03667299945537
21.327997873060383 17.586575580641664 -10.392278794496118
22.866446070427862 20.107378366770547 -9.02981174850655
24.10237458308802 22.22258012890292 -8.361693644130227
23.9480807872012 24.677491981325574 -6.119146207755893
# level 12
25.12643349156275 29.94542110797847 -4.769485838171375
23.854247177102437 31.44758224483403 -2.0204345331878333
22.836916300313888 32.95412869098592 -0.4857977516805294
22.11091190007275 34.60675526111104 0.616501415626371
20.295069483153007 36.695334408311595 2.303650877508335
18.525322567524668 37.382737749051074 3.8587553270903237
17.360733162850075 37.17442524279484 4.390682191712989
15.799473950120701 37.19620100397972 4.3900959649580695
14.733020734530548 36.61164274570773 4.300197368199882
14.163923162693433 35.51893350363814 4.244868736344286
13.867647556471388 34.293992440545004 3.960433293011213
13.825690841788623 32.91891822453494 3.4259112486903476
13.339726601978594 30.816583926918106 3.0704694844275915
11.143618005331554 27.960400576774155 -33.09670242456488
10.123791900619874 29.221953311487884 -33.0646107125033
9.007977992776459 30.29878949322469 -32.94213030360346
7.7030640635672265 30.85527314403692 -32.868245086861954
6.446060688122824 31.202912228505937 -32.471348771088664
5.056828820381308 31.2226348764992 -32.04366761438132
3.557651317860117 30.66156897848761 -31.403138175300455
2.166561624831088 29.608728182385626 -30.90123982082699
1.3655970943432367 28.225522996359608 -30.603889303047062
-0.26904814956759937 27.190244156760254 -29.063546850788462
-1.414169795551222 24.97063939504688 -27.619854188923632
-2.358753272119761 21.421118345420904 -26.418769633347917
-3.5671772651835028 18.632673838136274 -27.216820823046582
-2.9676041384908602 16.81535725790146 -26.51180302159778
-0.18207011772714107 14.456216003762805 -24.16192011412525
2.4479656171650284 14.087562666878286 -21.7592771558633
6.379162971011821 11.528684134390172 -19.26497624508314
9.375393030260465 10.72163123276009 -16.970650130235917
11.837179403632135 10.832557120830483 -15.708580271833238
14.48118925778351 11.678343268306769 -14.385957809589861
16.346440244054605 12.69699712442203 -13.140979577612484
18.578615906687364 14.385119090191909 -13.211823161263577
19.47763032237313 15.62517033814968 -12.357468365268671
21.580901073715197 17.364316954271168 -11.606175415697793
23.49844503302708 19.72854856519449 -10.645225574596846
24.905815387765024 22.1859516165922 -9.6924642859754
25.014806899700062 24.39046369087167 -7.984724971529575
# level 13
26.154590320546575 29.744246079249223 -6.328190870074103
25.141962790602825 31.61692518629642 -3.728152257271635
23.899386218513015 33.19228860159926 -1.552137383754576
23.08990223859518 35.06498397910599 -0.3639051637281847
21.222958402058755 37.395302766675364 1.0566381072905704
19.456311084669185 38.35081275196495 2.6243862767279724
17.71936016325545 38.581491521329184 3.91938541176633
16.327490646347748 38.329584568201994 4.302063567368194
14.756710625850651 38.192690921364715 4.299944405010902
13.867899058505738 36.969943336027896 4.378040784385886
12.778058815444876 35.098917293119364 4.465448930508491
13.466531015503548 34.14274791536246 3.8736461853941835
13.598134727588755 32.78662288557242 3.31637147801494
13.339726601978594 30.816583926918106 3.0704694844275915
11.143618005331554 27.960400576774155 -33.09670242456488
9.975330457704564 28.98178344945555 -33.13173354216896
8.733475545307313 29.77497149899934 -33.08358855373727
7.318315536148034 30.354121946689567 -32.94453372209367
6.009406234050232 30.606145305617915 -32.61625347447074
4.5410787175984915 30.2631110845644 -32.207222496696865
3.0427312823450494 29.266199669099407 -31.639620421205862
2.0027051462047543 28.003237685428147 -31.294846631479082
1.1116347177819 26.46763430607675 -31.027099244189255
-0.1931500414955312 25.613355683156062 -29.46533879790027
-1.3396645255442219 22.364886609771105 -27.942609146823866
-2.3404289230637154 18.549731113317716 -28.24219614757675
-2.43275327086621 16.537058106272394 -27.948652991094544
0.03993620466393727 15.282364387860717 -25.30958528004225
2.64251766228075 13.722120233182398 -23.506653761422385
6.832680081968826 12.076474326247373 -21.357565314666573
9.473330461799 11.001057961768282 -18.794395300374774
11.556140599712457 10.85654787775278 -16.755212677469682
14.59955507974576 11.711509467046675 -15.860450695481394
16.762286541615072 12.79006495118219 -14.498192516220207
19.010223225294858 14.34792914238922 -14.443613819049128
20.182900129886885 15.583688249900316 -13.843514001971144
21.806546523175797 17.219285315751634 -12.852386078907237
23.802601836184564 19.53300281667144 -11.857411720971829
25.727413783487325 22.254606338968706 -10.750226228928828
26.49782969128563 24.552987982748114 -9.031492113014062
# level 14
26.82216820230886 29.252956293340517 -7.2806869132687435
26.41002992770398 31.622779178144548 -5.522440200943729
24.798240723318045 33.33250070521817 -2.7171264664601456
23.88873686045684 35.207768590120224 -1.2883267907239482
22.192043459484395 37.55320621760121 0.1269678370982924
20.361827286032437 39.18752568541083 1.394191163487148
18.5157073728078 39.59874016482747 2.8201584680160177
16.79772121657213 39.563605114162705 3.9409502426654495
15.026753662959363 39.52239783967015 4.048594007680335
13.554679386518035 38.41328587051769 4.543088248447265
12.691609956232195 36.68749240949226 4.80592886787996
11.137003408287754 34.4438646422262 4.774099948108804
13.085908613229961 33.92134573246934 3.7760188689587153
13.368774904360356 32.596895009925554 3.173599660489139
13.339726601978594 30.816583926918106 3.0704694844275915
11.143618005331554 27.960400576774155 -33.09670242456488
9.846484159050748 28.723133560360278 -33.20091160198191
8.517818530622652 29.195713423585197 -33.23121249431293
7.007579506329335 29.730498675707725 -33.05566054790242
5.682096349057325 29.687778632153307 -32.80563983494535
4.090038102391331 29.019371697050385 -32.38951130963941
2.7631049782169104 27.815602223784023 -31.964538632260197
1.8828447005292628 26.467222197517422 -31.834560667437785
0.7007020537692554 25.447153462744776 -31.305137696256573
-0.43490162198385873 23.957821315305782 -30.149856437769266
-1.712078346765022 20.923794654822746 -29.345493225830168
-3.7491997911991297 15.855058476775575 -29.71642794186416
0.03808038580396936 13.928590354457922 -27.10991596866186
2.7120185783490216 13.219294535118028 -24.790619063911713
6.712064296840982 12.405169796871036 -23.07432291722423
10.027587844605222 11.547294534908056 -21.236060672792522
11.663800889109847 11.148194683054292 -18.38247580220903
14.619687563239633 11.828550025305713 -17.45847142455411
17.39498114995676 13.099978722850278 -16.133762539205534
19.50128862066016 14.57725943687333 -15.817233552933416
20.688875557590038 15.715682084464186 -15.350619886438091
21.93363972159583 17.170697730506824 -14.279525408604048
23.98745514519654 19.472030645103867 -12.725200854203717
26.021309672605632 22.320381080439617 -11.527411430869606
27.665220954337634 24.64149005616807 -10.02765947540207
# level 15
27.3883135961565 28.81934846150345 -8.286764998072215
27.603316992826983 31.668889050606044 -7.230030233009198
26.17965701590164 33.65829559521572 -4.6096588507644425
24.640817743956692 35.40504983998954 -2.1915356621733864
23.20219580821662 37.50641144828495 -0.8027763229202758
20.9569480234297 39.539388309794454 1.1098538694312374
19.360940247029195 40.521719581333976 1.6038483675678097
17.292456378238175 40.8181093540263 3.098935021593903
15.290677665221938 40.62342986545373 3.620429478827162
13.685213106737862 40.00666698101742 3.9145092373886134
12.35821904484018 38.30479423270222 4.818034246117403
11.294587506577558 36.14546030055629 5.20694913766625
9.826929384026219 33.81189979928729 4.9578304309595715
12.738565495607885 33.64953463147611 3.6732451798790513
13.165500221306539 32.37654391471215 3.0344135887656543
13.339726601978594 30.816583926918106 3.0704694844275915
11.143618005331554 27.960400576774155 -33.09670242456488
9.737253004658427 28.446003644202083 -33.27214489194213
8.349956760983613 28.701727210146757 -33.334426912563984
6.765406877978219 29.036078516163414 -33.1999157328937
5.368738357575459 28.680430288721652 -32.94296098567257
3.7584484071016333 27.73495329783646 -32.63777068854783
2.6403892309367123 26.523079852920354 -32.464802580279056
1.5823705216419517 25.429067334641346 -32.52057188204167
0.07497267180197215 24.022949780685536 -32.121008873220035
-3.2345654481255286 19.943622174437742 -32.99618628896676
-4.922056144978377 15.581747929518183 -32.421694828128224
-1.9278259998099003 10.885095267786415 -30.14206339355448
2.5647412591478185 11.804791744600424 -26.719722391187133
6.7965286513325 11.96827036475856 -24.77302204186656
9.712753012392337 11.732126858167476 -23.023132083682192
11.798694873392453 11.5600292529303 -20.77095285266934
14.619465816797755 11.949501271427398 -19.09663378707101
17.41307086594022 13.149130088528684 -17.73023308078433
19.967793344698713 14.790142116369845 -17.18391647951079
21.175330424209452 15.84791114335004 -16.82691815291237
22.13834124700355 17.1841937312468 -15.74524360350134
24.09093519224323 19.377030961130817 -13.699242855118708
26.196883379055173 22.37594668813365 -12.237156099471482
27.987356269760937 24.73783784143114 -10.869577490762262
# level 16
27.776991602058875 28.97516676408945 -9.25856451395999
28.041499850922 31.91862092437708 -8.140784708893236
27.5265758505164 33.988573425058185 -6.4729407982638465
25.540462706028674 35.7818255919726 -3.517372534349233
24.265952200778862 37.73444781321299 -2.1694908097528103
22.584108269485803 39.42818649017468 0.19117916271553775
19.91989941837537 41.17245926257911 1.4627999426477016
17.857563021659523 41.97253263681722 1.7895992578662063
15.651594366346218 42.013149633234384 3.044786607547241
13.752636896305312 41.28575159081994 3.3380700317477503
12.299582557093274 39.977996053225624 4.315347047014402
11.158172739647377 37.94195938811937 5.137570372167484
9.175813453297621 35.065948654045904 5.590317761287212
8.914293456879324 33.20210590859683 4.986149372075542
12.171764196949175 33.25947497663278 3.4950974188503796
12.963769291067798 32.12722585179927 2.907507699250983
13.339726601978594 30.816583926918106 3.0704694844275915
11.143618005331554 27.960400576774155 -33.09670242456488
9.647636994527602 28.15039370098095 -33.34543341204964
8.19800695118775 28.22439306378413 -33.42067202732427
6.594165344691 28.31296766841131 -33.366119343543794
5.148407194484738 27.63549089397206 -33.11046834706816
3.628526335831722 26.671784605923303 -32.97290244239635
2.4371093760071965 25.564202428398392 -33.2321598592938
0.6934392827883803 24.0356396707649 -33.68878477970743
-2.4451948818075997 20.858793778569986 -34.7513996076039
-6.794563761527037 15.094016540785699 -35.85924566200294
-5.213651366748822 9.422678815665225 -32.764827846772256
0.8104266705567112 8.123818457175718 -30.63829457072878
6.6146133514060175 10.431795470693883 -27.345979036683218
9.461298955284578 11.553032609431835 -24.862040664290397
12.07259034363241 12.04600739860753 -23.24679646414501
14.336147136222593 12.380815913487591 -21.791481675563983
17.271404925052387 13.138077613027628 -19.341304011081338
20.097120260964367 14.949122927116093 -18.61043893891939
21.589570808464863 16.21295677271152 -17.949631741084186
22.468347392681537 17.479546782455337 -16.878220396062055
24.141243098249618 19.26598753718202 -14.793641681001562
26.101879149814735 22.295955194313127 -13.1487578903961
28.13732708756143 24.756096171264453 -11.73851238154596
# level 17
28.248510780307484 29.193267787251905 -10.230902074349418
28.474373281869223 32.13896446186361 -9.055590462549608
28.137871780794782 34.412209641905065 -7.578685126825234
26.47417719008681 36.24748159583376 -4.997216495497059
25.47847077066371 37.92572595807262 -3.73088354016054
25.344797698137164 39.29608096370825 -1.5494199415953136
19.960810778745333 43.16412225447219 2.936576073063476
17.92184585765645 43.64382844736734 1.1175133793934084
16.083720724627597 43.29880861493267 1.866132050862031
13.98528998630526 42.58287592239543 2.7392853324990014
12.230502625930335 41.341105910103416 3.5309668033204313
11.002293495846459 39.65618857731241 4.683084989345044
9.970910977447588 37.31070658294949 5.504218750105873
7.09838215780109 33.8208985641584 5.930876363720284
8.598477203469677 32.65494262290787 4.797677151514815
11.601952282457361 32.80747891920759 3.2640087205115953
12.77553568812497 31.86211473550666 2.7815947481511407
13.339726601978594 30.816583926918106 3.0704694844275915
11.143618005331554 27.960400576774155 -33.09670242456488
9.601811572230044 27.832940880390147 -33.414751386860054
8.126213231083886 27.709216278854107 -33.51477989626901
6.558462630892716 27.54158199515923 -33.55054261982443
5.06922459577555 26.947681086990723 -33.36443267819182
3.4728137886156056 25.87208495095895 -33.65049614131313
1.7528816132087695 24.30243861591875 -34.442720095943784
-1.4823051673591432 21.353054151833447 -36.406868870421114
-8.633192879471544 14.204901437547608 -40.758853779899496
-13.74725274077755 3.8219306210474544 -40.88353398967473
-4.5292631339378095 3.59107089851361 -35.183813891044835
4.780851275057086 8.242018509160848 -30.452519147622873
9.452899248421684 11.061737372734783 -26.978683580792833
11.921888789416228 11.926273930252261 -25.48042730564139
14.085303527417935 12.828892186383516 -24.359413428582762
16.768167300713245 13.310243735708884 -21.611093741342277
19.998831221037833 15.07684823007909 -20.072675378049958
22.00152256196246 16.735462732907244 -18.88083463593935
22.77636984364613 17.85295372983616 -17.903836286964943
24.112919230801992 19.470579501131308 -16.26556425371213
25.787246199335126 21.87747640448009 -14.710641858062655
27.56165592918759 24.557417684237787 -12.99039047333303
# level 18
28.417547369272224 29.77875689521647 -11.0554286041636
28.737576668636066 32.43872889211003 -9.801214613841482
28.650433645154635 34.90081144835983 -8.603668118557245
27.282230959698552 36.76426912238209 -6.307166327043702
26.08439468060699 39.35214614509866 -5.290082505418168
26.997701940040244 40.81785529359231 -3.9270225147837197
24.078464878263983 47.188756050880926 13.12520921099268
17.78685663674937 45.956878956256894 0.8215102514084146
16.47429666321913 44.277926383490154 0.6208400526330331
14.402261120118967 43.56813174827028 2.1507827442958023
12.619715922653738 42.43174053037512 2.477594690434876
10.83997688988542 40.96074053249107 3.876967776806018
9.620369997221431 38.873897163359715 5.0195935551239055
7.578254516299891 35.74306745691706 5.927715220192759
5.995864336300418 32.73733568021083 5.8995800838165176
8.371728916401974 32.150276418091224 4.467279030018517
11.107374716279441 32.34066787693832 2.984844057844274
12.54496125811662 31.60212862786199 2.62813608492386
13.339726601978594 30.816583926918106 3.0704694844275915
11.143618005331554 27.960400576774155 -33.09670242456488
9.632418866032841 27.565772519924263 -33.45138362122023
8.126824745110522 27.208955025870857 -33.62633125280003
6.484643885387956 26.963083157717215 -33.76226617368427
5.113736174382709 26.41455275593577 -33.67304671514815
3.5097285984909274 25.094902825859293 -34.35166247469156
0.25955133266025987 22.31374805880004 -36.66427767264938
-6.280129348198074 15.665624227145312 -43.02010290433887
-20.16382165669902 2.278559759064077 -49.90583926786733
-10.903548310259215 -5.898472225309078 -42.44562263457473
0.6805192330739588 3.27543069816596 -36.88299813968634
8.235382644478554 9.433446646481999 -29.896673627530767
11.70724136496196 11.75727590353133 -28.023798294845992
13.845135299957018 12.911941456853334 -26.028307464337523
16.467056531689394 13.79374913778431 -24.086700805534125
19.87468218201358 15.185704762484804 -21.528650760180895
22.120421228595298 17.016716569379717 -20.122483450434693
23.19288850346957 18.34769215243206 -18.869966566916396
24.057374925060934 19.681152256459608 -17.658589802053054
25.480110029698004 21.62056748499468 -16.218078625894204
26.977836570183204 24.36241752044304 -14.243580557649953
# level 19
28.480622853300954 30.584992946892083 -11.592866130807968
28.834389156312888 32.846114044929735 -10.267366405927731
28.88090273526859 35.10202262153039 -9.462728286690563
27.939879517323277 37.500914940942934 -7.4345094272948025
26.38691708759999 40.01141049633856 -6.394891260148774
26.424662054621663 42.565597479250364 -6.365697680729897
32.38706394710396 67.51034835350761 -4.869489703819748
18.060373700952848 48.597137087954984 0.6756441493052969
16.444532604980523 45.73783939919798 -0.503235596614812
14.534484117105547 44.608088502643206 1.0102615647436117
12.927237123948743 43.37744377531537 1.8196992525863198
11.144731538399888 41.99494095107835 2.7522950849754144
9.065893561884465 40.40489731450869 4.1537025076211895
7.043309155435821 37.59010007292234 5.551216549212716
4.861086772368929 33.6007996054256 6.373365156210919
5.28716836180845 31.468598084518568 5.687703152884632
8.167733302915048 31.702701017400837 3.987154933413163
10.657526275961285 31.891732628946112 2.6042630081541693
12.29602778455238 31.325823909891046 2.453538323311782
13.339726601978594 30.816583926918106 3.0704694844275915
11.143618005331554 27.960400576774155 -33.09670242456488
9.681547708152564 27.30760519551612 -33.48318650989703
8.059491170373313 26.817477160380886 -33.80059190323016
6.5517252800293 26.383589500999786 -33.972715071182144
5.244242697192543 25.6514961998079 -34.30014794681592
2.7678815088704263 23.71642927291593 -35.857993071865714
-2.5497178127808255 18.273068231438714 -41.54390074940349
-14.546294188898722 6.7047971589153725 -52.762486331076644
-6.9452512884065465 -8.698026974990121 -58.06899825687347
-1.4956315254999952 -0.9178249868451891 -42.75871152809337
6.755957644454192 7.276567772265793 -34.35567488810589
10.908982983522433 10.913474527910227 -30.56626200837708
13.600115651495598 12.856002270024169 -28.323167082827993
16.488723150847406 14.396494813332067 -26.294583564688224
19.74897400929942 15.569433048383333 -23.290170478594096
21.750406741158763 17.05894683473456 -21.704540964925847
23.262015600490642 18.713596102648186 -20.095741163737877
23.875950485916817 19.90226247133485 -18.576530470630257
25.267088557203444 21.71957162551546 -17.454733108284827
26.60292724489059 24.199028440111476 -15.689725894021407
# level 20
28.10851360093786 30.806839600746187 -12.421110206690056
28.903172449237847 33.22649902679599 -10.76417126868569
29.024479658357436 35.36243412969828 -10.16339315893879
28.397312903767496 38.05156037110284 -8.526587701973751
27.189329395948 40.70573975231151 -7.879023847547183
26.027868969594813 43.2966858206762 -7.743462986272261
26.54270149499177 49.52926463500779 -7.440943816701121
18.832190880431614 50.63296605701967 -2.2738980431403526
16.563575978875246 47.30849553520934 -2.5638523847548385
14.54178824277631 45.67777418955513 -0.34660304928558316
12.68075983027757 44.45727598660116 0.9120280994463374
11.397490481343537 43.00046079590286 1.4833710645965617
9.02924349615611 41.45265783945347 3.086132384115892
6.6903971380523135 39.47336308872346 4.35081980959197
2.4514374231860923 35.01227921334683 6.060842176904995
2.817243951086536 31.379300231378075 6.7055928143417916
5.181400100706548 30.720457777069466 5.193202813265802
8.323104285944627 31.320841252004342 3.4564018209840692
10.148680963689776 31.44116668964501 2.068569812799276
12.143788124612145 31.055778200768387 2.324213765600108
13.339726601978594 30.816583926918106 3.0704694844275915
11.143618005331554 27.960400576774155 -33.09670242456488
9.767719646906137 27.067439943223466 -33.505330707207065
8.090142247383303 26.404446916008958 -33.979924919858355
6.71153860017006 25.78749100849153 -34.20471018203975
5.326394353881572 24.697914591756778 -35.12204785845191
1.6182850695952036 21.4152111274145 -38.509950564874316
-4.6650648644310975 14.39038963839649 -46.283630632650386
-7.818430503291052 1.8903861808512046 -57.45434984540098
0.016522834549939067 -1.3455751249937318 -49.59276089204054
4.6560303652774735 5.383560428173959 -39.696731189922076
10.30698567117366 10.379326437177248 -32.90903311359642
13.505998158430149 13.190229833495893 -30.2304090827936
15.971353044795393 14.715989138411935 -27.96119278162962
19.83643905612057 16.156874521118954 -24.45400223284235
21.36592126252879 17.204947809748635 -23.11699214157972
23.293715829808374 19.070152117448945 -21.34830381507002
23.847335085215303 20.19872152784025 -19.64772586126818
25.066241077814944 21.90982369831828 -18.38024247850307
26.1705764740544 24.12789028599575 -17.05059400454021
# level 21
27.552896862845934 30.611535907544024 -13.51357926104441
28.453989963562073 33.534180474272425 -11.901909560614161
28.889874056205862 35.88049690063941 -11.143389357250141
28.673447736708095 38.424484970776405 -9.983622869110432
27.772033847007794 41.09081539150398 -9.245365993355643
25.708156337408557 43.65091163930652 -8.838238958592706
23.11129285622372 46.982912119426366 -8.765026765747013
19.646036110600924 49.71786193883769 -5.816539074759831
16.92041609259819 48.098561262935895 -4.6287568145794005
14.641340660586017 46.659817264463385 -2.473754301784477
12.480268804546615 45.44835384159325 0.0021964411399095496
11.176475085268514 43.677567894211215 0.5845985977479361
9.834059203084799 42.750738965352824 1.0477331943403203
6.523853339357094 40.76802961224313 2.7884686933746834
1.526212707584286 36.80432332197951 4.514864501361061
-0.782554172792397 32.06865228718584 7.204938375566065
1.616786276864575 29.35490621103716 6.685364661964829
5.41048396200247 30.1602733086896 4.528164102311245
8.299228029771228 31.05400168011657 2.7897198417143434
9.741350926584262 31.049484629835483 1.4648261491604888
11.9937786197298 30.814700235756014 2.179879243536671
13.339726601978594 30.816583926918106 3.0704694844275915
11.143618005331554 27.960400576774155 -33.09670242456488
9.872413133976636 26.83627572698855 -33.52264555883371
8.216273471492928 26.020023142517573 -34.12741301390746
6.940333346333341 25.189340785865138 -34.58156335609021
4.637384685332011 23.068834212280976 -36.68801388148065
0.07801875112511955 17.610149482839006 -42.90924997193992
-3.5104359263530744 10.266404534707686 -50.14702891693939
-1.4432145791179019 2.5756874338940197 -51.95854186402492
3.2203622249155512 5.096740291637234 -44.358056358080944
9.744882800579173 10.325150939783594 -35.776665307548654
13.341582139347867 13.443468536963096 -31.806354428242408
15.553880888329477 14.923454330300896 -29.40820462068563
19.18491988998377 16.587786898774635 -26.127048916597715
21.117852074400858 17.570404767966505 -24.182633954121382
22.89286641520232 19.210255196203192 -22.649929861829335
23.85750252598627 20.51814534574075 -20.76760898652733
24.814402615682322 22.04164220926412 -19.19270362935727
25.831340407472286 24.15974479986729 -18.08630611092252
# level 22
26.639928362459663 30.520920052964172 -14.867433343626443
28.006357179435863 33.856462008046776 -13.0403879215056
28.676505625271915 36.46665997716252 -12.288202773324201
28.615848514508052 38.69421251052303 -11.23219778034927
27.830294264045804 41.49701072815173 -10.327463352827046
26.11882412938849 43.924825391512634 -10.085230458528807
23.266943408245634 46.13880976904649 -9.867562317107126
19.352657274417645 48.31362239332279 -7.749884400878843
16.824841890150353 48.2164814208034 -6.059417429378197
13.935898680224199 47.0920132088771 -3.7656705164292257
12.070983399170194 45.99228215580001 -1.04903077666116
10.927672928035289 44.44699149458796 -0.36047266462234495
9.64379360466745 43.236212039422654 0.10647817199206269
7.171373054494235 41.6995553306402 0.8999743881280107
2.4760045370120682 38.6260963090667 2.732496496789096
-4.261040949343007 32.86029702599843 6.030802862067817
-4.841624336008055 28.325211206351135 8.639375941655176
1.4157117931296592 27.8962115045436 5.804782980671342
5.435853090655272 29.87533527667422 3.730136518590916
7.653375902896193 30.608567235905486 1.66848344199775
9.444005428019777 30.689299716928538 1.020308753583545
11.86975989666117 30.543298644528903 2.070933601686674
13.339726601978594 30.816583926918106 3.0704694844275915
11.143618005331554 27.960400576774155 -33.09670242456488
9.985963663568233 26.68553397184288 -33.5369261725735
8.470613147526496 25.779157287146624 -34.13899073207732
6.86892683131839 24.103484191774918 -35.52059329962694
5.049739914796069 21.672762147183104 -37.86311682295664
0.31562656916947646 14.689112063841328 -45.624033716288636
-0.1408720841263026 9.083614962195117 -48.898220299838314
2.2658365487995753 6.780930165834885 -46.90301580395172
8.014378959626315 10.234295119486891 -39.30798360261034
12.78390389919343 13.692488886270144 -33.30098490589077
15.182950698378889 15.220754275235185 -30.51622830819327
18.030624773879474 16.903117631148454 -28.125294281317753
20.672726999526315 17.958069784170238 -25.568889416155567
22.47617419180706 19.423761984600887 -23.541947231203135
23.74522678116273 20.880568397354075 -21.676522426434673
24.514757865637126 22.258143680975035 -19.955863520648112
25.753166337288473 24.293747033533933 -18.57835861772321
# level 23
25.725854527628357 30.406651620738256 -16.290706717949476
27.500162702484744 33.713027856057074 -14.161700939159967
28.684524253456548 36.802268546105225 -13.522181763795652
28.507470714042423 38.90637569536744 -12.44278374698725
27.848893214771643 41.285569221704634 -11.490982605462081
26.24711902727185 44.073840909471365 -11.234496920894241
23.27587994199413 46.29300730610355 -11.161699111090964
18.985832660226677 47.92171683032959 -9.360448330841962
16.693178721112357 48.243452552107506 -7.673505931636196
13.482451371262785 47.29343538721083 -5.083353603955217
11.576169820336823 46.40811558116516 -2.3131861043485165
10.426107648874794 44.97498742648123 -1.2958607301134175
9.316725062836559 43.31892867088313 -0.9984569466368005
7.6959071818605365 42.29144103254089 -0.5176412356508242
3.9565357669511023 39.97963565186034 0.8698789183610327
-2.898015755305983 34.99987230727889 3.3779584472569715
-9.836434124388548 29.725901176420223 7.606753322625414
-5.775407376834831 24.67453496515111 9.08227441764864
1.9417957296563955 27.34008128689463 4.473427550649505
5.75960182395453 29.715929206117462 2.8526767310398924
7.154633427400989 30.22985024732625 0.40625478344954813
9.225244131390472 30.235867765003604 0.7755564938162217
11.716273880411553 30.16400838260069 2.0199652504546983
13.339726601978594 30.816583926918106 3.0704694844275915
11.143618005331554 27.960400576774155 -33.09670242456488
10.138423945939747 26.574481453708728 -33.5343138023984
8.82478247018447 25.545833982903016 -34.14903865280009
7.426223165643378 23.28012312776455 -36.07311574999984
6.074736953448411 20.351480759488858 -38.7988068972781
2.433475458301938 14.115913703083104 -44.85085364352596
3.1700030726615327 10.677327346802592 -45.449369225216564
7.16667887272498 11.418961383741197 -40.997031912818606
12.096760951901413 13.98628105773749 -34.84020664712894
15.03423688427709 15.856807429404045 -31.30626149236468
18.091099811890416 17.373709985631542 -28.369338522561918
20.655761689602567 18.597587056888226 -26.038631224744172
22.13184287928236 19.659437457142328 -24.299463608675637
23.620235359080134 21.257937573827892 -22.57256065298239
24.109693442158395 22.51278363370927 -20.96991810177459
25.290531373164185 24.421825790871445 -19.490379386036423
# level 24
25.330082562608922 30.13625805580648 -17.417062345933395
27.51797290364058 33.43632702115653 -15.525570285193657
28.867989930377846 36.870796053163275 -14.737312889476687
28.72131393934279 39.00371379405139 -14.092886532724567
27.856358034974534 41.08554177878832 -12.657032219180557
26.213796084150594 43.843248247209914 -12.40010539319481
23.6985824920323 46.21856785394961 -12.511817899894897
19.081291807390325 47.45755557483921 -10.715951618869994
16.570896721003095 47.92340133149662 -8.99243852756789
13.754443299105372 47.41393485150601 -6.388986822307881
11.509514715277547 46.52713460319268 -3.751780021345871
9.951738959830891 45.479685041829 -2.558422529414367
8.789690150904768 43.68257925905232 -2.2902156650811563
7.581604861682681 42.282642487577434 -2.0578137707488584
5.021451520349548 40.40231882248315 -0.7200544570911506
0.4587498541698504 37.42020710971055 0.5257163936072982
-8.444451254472678 31.393211606508466 3.1305264738505256
-14.637200840355773 25.215450383574115 9.551237526886073
-3.5379884084978483 23.803638325181545 5.489329743520949
2.6882689432694384 27.53816548379372 3.152091558945686
5.122848817830055 29.105627230552805 1.557576102832116
6.74840849683803 29.480717037224487 0.07631626807968375
9.16489716723358 29.789593910827413 0.5984789928475118
11.644426619923497 29.760259009174263 2.026965023787187
13.339726601978594 30.816583926918106 3.0704694844275915
11.143618005331554 27.960400576774155 -33.09670242456488
10.317084777410868 26.4793543593849 -33.52121886093937
9.257842432125573 25.263203459286615 -34.22543131852875
8.0929623476717 22.87764807368882 -36.225438385030365
6.765557343121776 19.128630308081547 -39.27859554262025
4.823214893425143 14.583419398104532 -42.78949554224474
7.250897717568867 13.72005982352146 -40.775787779123824
11.653983842814444 15.020018576286207 -35.81018959300115
14.547699966814594 16.290125422609528 -32.318847569470044
17.657604616221604 17.76494385840158 -29.298927938483196
20.463809291145246 19.180966660815287 -26.566304930516793
21.984599813698615 19.939600642420118 -24.700103072265872
23.32675154673899 21.444518100105874 -23.252425853532145
23.867785919274656 22.897345493850374 -21.97813280106473
24.368192799187895 24.530350032167284 -20.929555800464843
# level 25
25.075994560316506 29.856119363083966 -18.566269692139823
27.879028931268955 33.098505775584606 -17.210140258386332
29.11977708768915 36.228978021334726 -16.689532205983966
28.999835567183997 39.14022656293527 -15.797905150493827
27.87174787846447 41.258621514136976 -14.393605384228454
26.202759670555274 43.56506174117041 -13.592448310465553
23.40746786042596 46.23313472770619 -13.364364526303909
19.82787690539817 47.164514104190104 -12.207145000053677
16.581671427320213 47.431242087145705 -9.96246639367871
13.849721820919196 47.19384884205225 -7.453416139652959
11.403320844393148 46.66154737240533 -5.109523266637497
9.729682594358037 45.765862500717205 -3.5242995997075153
8.255865583556288 44.13589924664122 -3.5951929524011508
7.021062783400628 42.176850166154246 -3.4379472124324195
5.709357558173325 40.41548624257427 -2.4157533685457766
2.7136222832262025 37.9501578987474 -1.462328053129465
-3.7429029501638835 33.209576634692056 -0.4936921181496154
-11.234190898692106 28.59648267119532 0.5927007807916783
-6.1226839461254805 21.010405355034422 3.288524853593097
0.22236212487305929 25.722226864599133 2.801417003496301
3.3075341622516006 27.807093763573302 1.6007589483632951
4.597848370467172 28.40760284192031 0.36363814606139855
6.612587258486414 28.798727026444993 0.010557309167698294
9.304632845412481 29.392073296918426 0.7306458278665222
11.66165717218048 29.400700926015013 2.0875458414307
13.339726601978594 30.816583926918106 3.0704694844275915
11.143618005331554 27.960400576774155 -33.09670242456488
10.521946157981594 26.40015268887141 -33.49764134819642
9.747281971570292 25.05527532646156 -34.25522825002309
8.849126796393621 22.471484563542816 -36.21747441057621
7.741484888573536 18.545716862217358 -38.887787861162195
7.926746356713936 16.096323476087854 -39.591720421231315
10.849022396270595 16.05383749162014 -36.81175023524337
13.862062578217879 16.699845957819004 -33.42609547229532
16.350815652057236 17.769386751489325 -30.821300272704633
19.80481095560765 19.65554100173603 -27.54471116601492
21.711367558142825 20.419190771256094 -25.304596267778937
22.844626079862245 21.66546197304897 -23.962329312019406
23.250161930221424 23.399515508175284 -23.268005812054575
23.56728356147203 24.73404228320241 -22.2634066633725
# level 26
25.08824337556532 29.830619598324205 -20.171866499802327
27.995444296981518 32.34409606647346 -18.63411851174777
29.365873215747214 35.32458271657355 -18.920578552046063
29.187405080342053 37.97621900780338 -18.802194379661003
27.88751707611589 41.48107593288106 -16.205527920044286
25.69877232520547 43.617482441776275 -14.778661045748564
23.119950197182604 46.14152469035809 -14.146049700199104
19.923050913140063 47.014405273214145 -13.438844357663585
16.730312215011878 46.996098743118495 -11.286093017652686
13.954278387666225 46.942459473995264 -8.589056856502685
11.385868017760567 46.42905720316124 -6.345280278103204
9.546464183817548 45.8251441839224 -4.544805159206115
7.793422394131563 44.33998611104803 -4.751542690761735
6.7472633100913235 42.55606497207651 -4.466496812653875
5.642969019639117 40.11486922700425 -4.116214029633905
4.433049477358377 38.187568000791416 -3.1988735217558717
1.3644551958459958 35.61686544310096 -2.193946860190202
-5.381279714551529 30.1755768448384 -1.2584958681914336
-6.100858655747366 26.060601030635787 -0.6693817874179023
-0.9462084158697401 25.681431857197836 0.8147342953637626
1.740876501077438 26.882711847177056 1.0819578028404357
2.898502698578006 27.353454737728047 0.20366119061903765
4.530533019136074 27.652468211220746 -0.1328788075032152
6.80178204670066 28.30212731310242 0.12768458452373474
9.376386140806515 28.777574440447005 0.9476091565131477
11.72342663080998 29.06323848798936 2.1749171812297257
13.339726601978594 30.816583926918106 3.0704694844275915
11.143618005331554 27.960400576774155 -33.09670242456488
10.753008087651924 26.33687644216825 -33.463581264169534
10.289303087617025 24.88529761271918 -34.2576536006518
9.62112825495674 22.140285535114238 -36.020752720261214
9.715691636171046 19.38572847204547 -37.00715033211
11.619747048674707 18.29698804698668 -35.705775126300665
13.427439979010124 17.784945204532043 -34.02013143373226
15.222397066628252 17.968617115231545 -32.12453048526433
18.35419938192144 19.549463465615368 -29.120326767475554
20.826331831002264 20.78131397018594 -26.517172971814063
22.224291490622775 21.961084756977954 -24.74514580984897
22.717089536377667 23.659187875438086 -24.18446747017995
23.01880424684861 25.136062100877353 -23.406020523198052
# level 27
25.170536700679428 28.43847668551447 -22.39671624725295
28.106909369569504 30.32796200274413 -21.522284061865527
29.603687670885055 33.6533057397257 -21.398721722143733
29.143022002942566 36.9869650420752 -21.61207832599534
27.93797612993118 41.04273102074609 -18.286905226593007
25.021124146657556 43.78116026036264 -15.97187547382974
22.62933793090491 45.83580295601471 -15.076254266002259
20.011528523210103 46.69753037690066 -14.399780525809131
16.939456787649352 46.58466213405438 -12.808649988844666
14.441642545746692 46.466087951784075 -10.459171110937648
11.482600608986704 46.213753957877884 -7.563444876014419
9.401066003568623 45.55034961986626 -5.806061215392312
7.486213987167165 44.08987346818277 -5.695283077257195
6.406467589725446 42.70553404322433 -5.438323945171378
5.425777630263852 40.635660387617094 -5.055466644767757
4.598964926713199 38.20089099079261 -4.315259029734577
3.5078873819449883 36.28070385864929 -3.4336319798497765
0.16231602732846184 33.28962632018851 -2.632049308378747
-2.517714133883487 29.661281470160375 -2.3705512220626748
-1.4999237579853237 26.64111639898391 -1.0955150425734639
0.46876049899061006 26.5411425348886 -0.32509621391861687
1.8245664264765318 26.835513536759457 -0.2364139862101532
3.4326168954325276 27.12824476261261 -0.282766107219101
5.288566749608722 27.486091474259393 -0.2065373156789781
7.353253544434454 28.077671364602544 0.2292818978942181
9.553008763550615 28.136873443432513 1.2303401434409895
11.829734995812 28.747871695097302 2.289079043184264
13.339726601978594 30.816583926918106 3.0704694844275915
11.143618005331554 27.960400576774155 -33.09670242456488
11.036073793222727 26.279688146757024 -33.43513306588472
10.802575468667023 24.762321577722453 -34.17512746539187
10.445646418869082 22.342279299324147 -35.3587491787553
11.444131951038528 20.2809432580816 -35.3411417456989
13.293070563549797 19.411082529893466 -33.98003736892338
14.940806263315526 18.895321536386625 -32.49568283720173
17.291126179914414 19.963444070756836 -30.2795628640938
19.80578939584775 21.28995870566065 -27.746985111129497
21.258950345371357 22.425639681465665 -25.735049949552668
21.991821416193144 23.86539459638744 -25.003751197739664
22.595379476060195 25.551768465731502 -24.371754230889653
# level 28
24.817069374669035 26.527933139579268 -24.99805303699575
28.565942214615482 25.819825408499526 -26.845571416755273
30.542469136082417 30.96141858425575 -26.123320282182075
29.092708244937093 36.315338046656464 -23.67011967322349
27.54399207517151 40.15729533605163 -20.756317926785385
24.802510644724606 43.495793197328375 -17.531634302981793
22.396052716249873 44.96931005638021 -16.082640728008137
20.29748331905522 46.255078438893506 -15.355590530575927
17.33625639228766 46.14682241294106 -14.140741338470937
15.119461098587575 45.81053100114445 -12.721794289817211
11.518833647876653 45.82227441205633 -8.661834354400035
9.248386247713198 45.23322992149423 -6.856761686046072
7.18800489181794 43.77108273197804 -6.622584450379244
5.9029614949694755 42.32679177080497 -6.319849793299933
5.068681420728266 41.19589681346222 -5.874071909735149
4.317768914762344 38.73655067960308 -5.091720862100236
3.5639853085497157 36.136313669876984 -4.400788814004322
1.7444587057889145 33.90762592689763 -3.47443194816353
-0.7999373173054355 31.104186773754044 -3.162206079830321
-1.4941504243369617 28.13149182531556 -2.340883139315307
-0.3686208630285647 26.73351278027421 -1.4501261167482822
0.7283570003390792 26.477919314662465 -1.2680492811910218
2.354303199461519 26.631962417838338 -1.0201752488501659
4.194285258546034 26.878261677147954 -0.4776794611422007
6.145284897558386 27.206489799396316 0.00648627832757076
7.795375524311378 27.53755420596138 0.5799558786697453
9.887310148642186 27.714928064498586 1.5064340356367003
11.961957123915006 28.464747238978454 2.4171997898874094
13.339726601978594 30.816583926918106 3.0704694844275915
11.143618005331554 27.960400576774155 -33.09670242456488
11.270642580847765 26.22437944959845 -33.36530282782152
11.2559948819424 24.694774505853964 -33.98798626302075
11.186299845509765 22.40729755819603 -34.89752875996474
12.751868964488057 21.05577791235296 -34.11585483385376
14.596954866684152 20.42454172500606 -32.658420553152084
16.60065812296813 20.655394907203153 -31.027283778917734
18.74882952103804 21.80986963628407 -28.87331013817657
20.13215639566903 22.87928998562803 -27.04585161391242
21.077108630522424 24.170061461934672 -25.9107307747827
21.91539784493295 25.3905501146095 -25.3687410327041
# level 29
24.093353005540393 25.68937887222887 -26.89635700373666
28.488297098894613 22.228552485542558 -30.75608516951715
32.31518305363612 27.08917371099878 -32.37641089827253
29.33009442189114 34.93601221971864 -26.42568608305109
27.274896136703983 39.11687555194871 -22.804067904121688
25.00335131882924 42.55469336672495 -19.222785047717995
22.304015050403823 44.11079487593716 -17.262475879166008
20.10556695282992 45.41390027910093 -16.340040077673425
17.841848162229574 45.65915379932194 -15.479761277403373
15.346237459967 45.3012079265161 -13.975002331229577
11.50596496786367 45.30483846898506 -9.69236116884243
9.097715006125245 44.66048249193418 -7.815409286404999
6.972774352815627 43.343980483734214 -7.3416808477303075
5.454702242368239 42.105649690507434 -7.039796429696366
4.783966246297387 41.25515715246421 -6.386430047699936
3.6159249590528395 39.25396402838651 -5.956019165963804
3.3090866449640775 36.394807978197505 -4.910766452678737
2.2420765642681784 34.144781352315185 -4.089033925881365
-0.24777879168816552 31.32716777634669 -3.719147182059989
-1.462776459123341 29.06348150946897 -3.4563565848640687
-0.8889759964876844 27.11989626731427 -2.5648493993352677
0.2008131351387571 26.459537429131693 -2.126409781832039
1.2132227382539884 26.143625521031698 -1.6509137791272392
3.1554304901284183 26.34195834793321 -1.14950223693043
4.991256275325295 26.346144386908072 -0.313111827425475
6.711131887711668 26.499053425910624 0.5538528833616074
8.233480907277306 26.95186531013096 0.9294634047881676
10.312823999178603 27.354991961656005 1.8090400502565647
12.061818770348701 28.31001013141851 2.497056277488602
13.339726601978594 30.816583926918106 3.0704694844275915
11.143618005331554 27.960400576774155 -33.09670242456488
11.514944947882801 26.170288653174303 -33.295593134100805
11.715498312159312 24.664757182874304 -33.78286110731875
12.26192701986329 22.872680555412988 -34.01017270592665
14.030520292210516 22.01479517746808 -32.86750976800343
15.9207087378272 21.890913041026163 -31.438268198061273
17.780875422978056 22.28709366618704 -29.93186057203979
19.043647308912323 23.231800417725104 -28.264161229467746
20.15612286097281 24.4748157219113 -26.823899508443592
21.191237065588403 25.331530002111773 -26.222405538489134
# level 30
22.76156656728713 26.176331576689364 -27.268807298669884
25.72246359570952 21.116472158298002 -32.39519698411404
33.5656837240628 24.088860036217113 -36.89508079672834
30.20317338448944 31.78097723569704 -31.683452704296556
26.957821283450315 37.89419512905606 -24.87194605504491
24.85338327861531 41.41183654652075 -21.10240089266629
22.334959182643104 43.47160590274423 -18.294548598236922
19.9068438820389 44.61912791618675 -17.22392180702927
17.959461213544664 45.09030152857174 -16.55194734021402
15.407431691754784 44.868458968038766 -14.826267543781245
11.775226459695327 44.71438182121096 -11.097517843660047
8.97808585732982 44.06429149889458 -8.848645077924907
6.70897391856972 42.93397954087475 -7.908829942601894
5.388544570106572 42.12354447621758 -7.539532447100392
4.34470797424414 41.11961007255157 -6.993259294367333
3.125830272651441 39.50210005430327 -6.626511300759274
2.503960046157288 37.15146882667383 -5.714394220324231
1.4529537297637936 33.8943401900315 -4.666209174813913
0.06296572666726336 31.80191472310998 -4.123571791128528
-1.224444428517425 29.366302637247166 -4.107375641713465
-1.1191518109659426 27.493157368546502 -3.5088741130455823
-0.2684717258315569 26.282039735012113 -2.8215755910317477
0.9471221083023048 25.571041485335414 -2.37102935616588
2.0907974890586964 25.807012835242148 -1.7824756071222656
4.1014837527905375 25.527365981619553 -0.8930801360037407
5.849041768613954 25.556585306202603 0.20774338499505
7.399905850260955 25.869513232689883 1.0082409063314206
8.7364057551504 26.44745374603432 1.2735908996729144
10.807406300818778 27.01280365853413 2.1408589247046645
12.234644835398704 28.247341680221425 2.5479194454818606
13.339726601978594 30.816583926918106 3.0704694844275915
11.143618005331554 27.960400576774155 -33.09670242456488
11.771284197742574 26.151828907534707 -33.21197169065573
12.19021178473006 24.728564232116707 -33.532776068289515
13.354884517054392 23.467519727802696 -33.076516248744895
15.084318546343855 22.688856289716924 -32.091604837064104
16.602988432966388 22.796252627632917 -30.886652982066515
18.12263535835227 23.480484197627796 -29.374755259682637
19.361842953285333 24.595559881035527 -27.767640011581822
20.453505505868165 25.265340210022014 -27.086935528165824
# level 31
21.891744231289145 26.48335242568273 -27.756563894593057
23.63653881073996 24.07388768621371 -32.03016595807923
24.351031924962797 25.1573274342559 -43.667528365873316
29.068024129654233 30.528809688265618 -35.48582194225387
26.628505185490962 36.467024103849546 -27.27703730637771
24.675581837835175 40.29670663298189 -22.68609973007032
22.146687717712183 43.006966862004894 -18.863321365210222
19.748952750675116 44.070965548001936 -17.815607582800755
17.80892052273384 44.49150900739147 -17.3385109654835
16.14142037914579 44.19453443402647 -16.829706013490753
12.69382092214684 43.98318238876112 -13.40146299495774
8.972972231747992 43.43554287619614 -10.059008721020152
6.452290943819484 42.52971811671085 -8.47491582289279
5.4100200902575875 42.0393260029034 -7.995146768547743
4.264468260319084 41.11718456126091 -7.489069274822575
2.9531271214662493 39.666012407900865 -6.995070518023212
1.8553116722417171 37.781185739832765 -6.398346639138582
0.6834215715754577 34.478788223605875 -5.397413320880447
-0.37971258459368074 31.821058437141403 -4.81374650229503
-1.2844350859299236 30.04122475458248 -4.640310171151579
-1.5923465415537263 27.38577261629691 -4.069965322324136
-0.8861783398547752 26.46494314309342 -3.5836166256649533
0.6350444536980899 25.09147636103723 -3.0817284048674187
1.5195707629263107 25.22243938842513 -2.459847077835211
3.1697724153925897 24.800956229288595 -1.459213488608686
5.1290192296151496 24.491168798279777 -0.3216694201644651
6.808686197205013 24.86611613233285 0.7678802946952961
8.149762798217777 25.257282825134872 1.3593549947797134
9.474635044200774 25.954565614144506 1.7642036788233055
11.167266522993648 26.817495523822387 2.273588011985591
12.418663612145878 28.21810264880316 2.605537256996531
13.339726601978594 30.816583926918106 3.0704694844275915
11.143618005331554 27.960400576774155 -33.09670242456488
12.0328561551164 26.151161635396353 -33.12121262644274
12.685713346048775 24.854544517551364 -33.281736524154454
14.157769816790008 23.907876461694205 -32.54811071495818
15.788901862440746 23.466376220502973 -31.53522906006079
17.13945810392117 23.76139987789982 -30.447569605185365
18.474741067149015 24.62749819568512 -28.918903624478546
19.70093775382136 25.58879822539205 -27.67685603121018
# level 32
20.557823139982425 27.15742997244199 -27.52905824214666
21.796138201565807 27.480778962605697 -28.92150098520036
23.002055974341516 26.473010916315996 -35.55046627411738
25.94883175702711 29.952939354700796 -36.20575503766747
25.17749047658836 35.598641387457036 -28.82481437046293
24.056885511632384 39.34842415155752 -23.905516321086594
22.009722022140238 41.91117075602192 -20.35208370059826
19.69463501091893 43.537035699714 -18.321005207153263
17.846452884960424 43.98408788764222 -18.020884372132258
16.225066074355 43.699806328419896 -17.54904234009823
13.618372083738354 43.24811794220636 -15.718235427999346
9.380546267123362 42.63874590250144 -12.001516389536391
6.315747849540748 42.18255764380968 -9.189848950167228
5.406766015147378 41.89644167029256 -8.459591849236213
4.25172759237163 41.108472896809545 -8.027935552203209
2.776529374611063 39.715799949176564 -7.641303734479503
1.588891165962866 38.01038597389243 -6.837519930159836
-0.22313963344976917 34.86476945407795 -6.331261781239076
-1.0990952647528816 32.145821223952524 -5.577698943307773
-1.7998599389316015 30.458926174215737 -5.351514122952335
-1.777726041738522 27.712151892872853 -4.579072024315895
-1.4399556182538993 26.100786518832653 -4.158915412992016
-0.08577642696585722 24.416564485393526 -3.793171968150739
1.587146217711081 23.645962140203963 -2.747670471547633
2.6610589077892337 23.640816521046894 -1.881501470433482
4.505178581930474 23.355969062464126 -0.8064891246394773
6.284931593359021 23.779779779142373 0.3013949550282061
7.66980754241335 24.246667530067203 1.0880973401161818
8.874839038102063 24.80965056735168 1.6087993088294628
10.090779975807788 25.62356502128435 2.0566822827218045
11.55044307406962 26.715026845356356 2.3748988687392245
12.6250678122874 28.25572245694255 2.6766643555540264
13.339726601978594 30.816583926918106 3.0704694844275915
11.143618005331554 27.960400576774155 -33.09670242456488
12.310126235032392 26.203871783761755 -33.00904069992603
13.218034657194334 25.08221390677219 -32.966169664649954
14.89242721020738 24.433817005595436 -32.06496515183082
16.44524491886698 24.327781815978355 -31.01989896363458
17.622325395647636 24.714994785048496 -29.997300890870978
18.850952583130614 25.67254990226749 -28.59090969342071
# level 33
19.78681009879191 27.27442734623176 -28.081205146671472
20.581135962206744 28.0768562559325 -28.16619528109547
21.261929998772903 29.99016185974785 -29.343773556777798
23.45901396798388 30.609943244126192 -33.355846233309045
23.365178668396137 35.8603534625577 -28.044184079740454
22.97175780709281 38.6819741111229 -24.41070372405614
21.790987023898673 41.045664417688 -21.226084763788464
19.64208182003147 42.71154934819874 -18.966757367522092
17.931705810649248 43.384722137780045 -18.634396425212216
16.29844612836037 43.21416414285795 -18.225383894344425
14.412944771545977 42.57064389921426 -17.81959178787084
9.641676346303164 41.91130895009506 -13.748467858043698
6.479926706819623 41.62845126925392 -10.931664762940393
5.3516808089617145 41.38432651421489 -9.95920803580834
4.187441847654442 40.94461706840412 -8.958302706684023
2.595610116317366 39.69380013876727 -8.450970758737618
1.0338515055594384 37.950520024105614 -7.66875118926435
-1.0551959770902173 35.08685368914181 -7.161796770931751
-2.0276523570823133 32.514763740910496 -6.524192248524204
-2.541964297257327 30.67812799866543 -6.130453979299251
-2.4646108802357714 28.1187100731198 -5.399959366347682
-1.9183845420371677 25.47522056701434 -4.623574905636377
-0.8839436155019513 23.539416659071705 -4.497646587051076
1.3581539941471161 22.29848820592427 -3.176271482604914
2.7357380231208763 22.043411413018188 -2.156668195864994
4.242572378858949 21.92866892646511 -1.1416600012913627
5.886568568145599 22.753420558504004 -0.29947287128530664
7.348036438927189 23.233741552771782 0.6391845267083293
8.484176393063805 23.81310233810671 1.2186739273824565
9.626349452926855 24.627568165774278 1.7455734962762088
10.767564230333383 25.539350205336927 2.1937937734651527
11.955723952841542 26.643901827952934 2.4803516073712455
12.842664724126097 28.326771684860766 2.754546097632934
13.339726601978594 30.816583926918106 3.0704694844275915
11.143618005331554 27.960400576774155 -33.09670242456488
12.556010639585544 26.29820891565314 -32.895340835653045
13.738509110860273 25.39958122731695 -32.61688830129454
15.540615632401936 25.035465537844914 -31.625917012990303
17.022501027315542 25.233440740274315 -30.56323798291698
17.997215589182765 25.687733048717377 -29.607452427660768
# level 34
19.106225854917497 27.46743833075582 -28.41398105507192
19.680334276314678 28.234033661782522 -27.949635033420982
20.36134198476541 30.0494593665941 -27.736522792599803
21.12405682659024 32.21491349063438 -28.1403248297591
22.009740056122887 35.97098314061406 -26.58105851238244
22.035290875407036 38.15968977447961 -24.270287308104457
20.87484934225406 39.69766442674589 -21.726131291262327
19.163994283430437 41.56606266523554 -19.821884108609254
17.978166151278238 42.59109388168656 -19.253133833843975
16.36979495149777 42.73025898316754 -18.898163178084083
14.443096679115456 42.28869922595698 -18.29763545531518
10.101333533312546 41.30034337832852 -15.6800784916827
6.708727927308022 41.08189268396553 -12.710399826352743
5.277596119001513 40.79426266682012 -11.664051287707546
4.126651354471731 40.438729452066184 -10.702208244490215
2.499343600524286 39.48808516275824 -9.501861448262332
0.41990624626166345 37.65974263225059 -8.760528750710568
-1.6457690208259668 35.09425947836764 -7.92278674301748
-2.9707246077787737 32.75383830327311 -7.575343864447481
-3.2977779422637106 30.886385501672073 -6.93478405720444
-3.3770860527863524 28.557451808735557 -6.355003999913426
-2.6415743389632875 25.140203337809865 -5.304675513356326
-1.5721582187853314 22.8025941232246 -5.186030346901175
0.6226251763763954 21.293908994879416 -3.869308507921297
2.7906211580603086 20.471261403128526 -2.442052231934578
4.173228762763748 20.701559341975873 -1.502365315450973
5.683295583399519 21.457280332555378 -0.6962125268580824
7.177258215048707 22.153691699254544 0.16084193075411818
8.19713003798748 22.775658941631693 0.8148819840739305
9.357163106087581 23.533036924082623 1.3861710047653588
10.543390944895595 24.667085002728726 1.912006452710337
11.544127345759303 25.558461219289313 2.328317661610611
12.41626565085333 26.651135963206045 2.5961590506992294
13.093839771056313 28.498109172115456 2.8526917702760795
13.339726601978594 30.816583926918106 3.0704694844275915
11.143618005331554 27.960400576774155 -33.09670242456488
12.786202206457274 26.413359539307518 -32.78087700250192
14.20443181111677 25.759248147072228 -32.29005361094117
16.075741894611905 25.691137653132053 -31.248700792705247
17.32856923136895 26.01580013369858 -30.245286497487665
# level 35
17.970237912224007 27.727288445749537 -29.348501702912355
19.062721516579018 28.372112146916386 -28.13918492812808
19.6146052736073 29.528724069490053 -27.761302278877068
19.564366402507392 31.77806623251614 -26.554424706457887
20.613097795797284 34.71866000222689 -25.230537881607276
20.729681372551035 37.14497638592192 -23.690147623944455
19.744297605482224 38.47457740218679 -21.71621761876102
18.572605386488554 40.48682624310098 -20.66966808733288
17.481133680103124 41.612456171841394 -20.106953581420765
16.204734187486075 42.364635639489876 -19.461816785472227
14.414234086598025 41.995980656033645 -18.725428303147453
10.890306960517707 41.147241718517904 -17.2552518199399
6.896363679916742 40.42080063991858 -14.805532466694476
5.299798861279763 40.2216171516605 -13.358041885607474
4.020497266925421 39.8323957555709 -12.398684169104431
2.1899129112847118 38.924766715596306 -11.288930319611108
-0.23144325788233122 37.28690811537522 -10.019464591197787
-2.450894107836812 35.138926140905504 -9.346556314708447
-3.9577469082611034 32.703023771977854 -8.86103643553787
-4.303390311931104 30.819774703495842 -8.116023963004622
-4.20968097423833 28.585111785500985 -7.312132915540707
-3.355810767417928 25.024486608281645 -5.958997251567331
-2.3631733816412663 22.178311244940343 -6.002577193336913
-0.49252652252773477 20.569084287018956 -4.834310669217416
2.2094271874062184 19.48053602046916 -3.1839230012787105
4.309799743295779 19.61201386326485 -1.9025291508422773
5.773590525726604 20.280484411860286 -1.0316052531355566
6.991954820048519 21.130478396984202 -0.4028371690874363
8.141930155073963 21.679741328053282 0.30867104944890794
9.109718573719078 22.448825671821872 1.0334051689196013
10.503464971048508 23.582432970275683 1.5942122003080192
11.473987954759949 24.7760715684449 2.100041035218446
12.308643243722846 25.646528474195335 2.479927200574398
12.904589807801845 26.724673955914994 2.715942682880117
13.334864993306821 28.735607100867703 2.9536179874560355
13.339726601978594 30.816583926918106 3.0704694844275915
11.143618005331554 27.960400576774155 -33.09670242456488
12.957562644645847 26.56887335418149 -32.68627054333052
14.587619982137472 26.141870830600872 -32.00498319512441
16.382074385342246 26.45477779256538 -30.965978526587854
# level 36
17.05687274699023 27.67119096732131 -30.174370226534293
17.823319187285083 28.50067907122555 -29.269747346881594
18.773591534816653 29.282872260329622 -28.15320812098283
18.80919698928488 31.169589655209762 -26.991152327937108
18.954359218162644 33.886323122398636 -25.087398911462564
19.39150035535468 35.83918098891733 -23.33482266577503
19.016449361707473 37.45866376650204 -21.95174718811838
17.565786169347568 40.048907481025594 -21.348304920663516
16.757905862228803 40.89493035038342 -21.034879760001697
15.808587062302681 41.599356908244765 -20.476575451708996
14.208572465378259 41.5906453898572 -19.48857130497549
11.799099826409517 40.94054129602653 -18.889863806759816
7.558632385555816 40.01314545126154 -16.764991585511716
5.444528392043782 39.58181157761818 -15.363685291305085
3.733941156441866 39.199471701684615 -13.981854509823586
1.7493544142883193 38.31609160691393 -13.058845635498098
-0.9894936590331037 36.732781975151674 -11.808553042982851
-3.325441276098493 34.87897905240793 -11.026323376828575
-4.932575758324493 32.65436754722692 -10.40338396021236
-5.330994367117839 30.73685111181971 -9.362478488779255
-5.048673206491435 28.209660730227878 -8.327207444359166
-4.111512419015293 24.759430247134453 -6.894081803378618
-3.125866954645577 21.63189758939157 -6.790897246605132
-1.4980715783537626 19.837081978297512 -5.785614527228596
1.1886370339427028 18.847905363762525 -4.229710353545348
3.5467258003131663 18.742795972578648 -2.8214855772546206
5.56517357756454 19.142681683610164 -1.6231716565042844
6.826798501561948 20.014904690822817 -1.0112399287826705
8.05839345565358 20.693840471238833 -0.41285532508613876
9.097034215990009 21.419815506312297 0.3925472160884857
10.316809598251767 22.411201946051094 1.1221613006987399
11.65566060546531 23.76012344394272 1.840040720258024
12.49605211616213 24.88364293466458 2.299910592044274
13.073451383818757 25.78384344811348 2.6452195850418505
13.382165899535975 26.836788680347787 2.8312530471316544
13.570815303217476 29.006185250368734 3.0559344769043975
13.339726601978594 30.816583926918106 3.0704694844275915
11.143618005331554 27.960400576774155 -33.09670242456488
13.05439937918901 26.778074995714153 -32.617203441166936
14.772491363793415 26.675468108082484 -31.819492628586936
# level 37
15.965541598082737 27.8574624628798 -30.964736511188406
16.70939310976012 28.505843495954004 -30.29868740134924
17.567102430575858 29.2697095095342 -29.292802312130448
18.018393227594004 30.6849619267089 -28.20958500262317
17.677946818009875 33.16598753440419 -26.94385205118897
17.921968201252614 35.59061963818515 -24.158196284796652
18.18204521728342 36.93359576944417 -22.72815662180603
16.948531151835553 39.45407933999015 -22.172370453994247
16.038647175033038 40.195615225232785 -21.94467047748357
15.31480492528853 40.79947164868199 -21.3986503113801
13.978059384034777 41.11060580566778 -20.301464567293095
11.771664938793222 40.60507862897233 -19.64336371531134
8.24160257479076 39.61182980432113 -18.730421359520125
5.64247061895001 38.94450647221207 -17.422389736360383
3.4683181675350516 38.551920792380294 -15.616620743254325
1.4211309462074335 37.74848031165902 -14.678005841699948
-1.7703809684824856 36.23705602639493 -13.59530055544403
-4.159692152691281 34.56912038176138 -12.498053005391416
-5.627627893441309 32.92072308369039 -12.014602137134304
-6.145917212399523 30.765347855495246 -10.813683242821625
-6.017692330029532 27.647319076484237 -9.742450754112468
-4.949695440361955 24.390232652153706 -8.119117109993809
-4.134150003364562 21.356933761622503 -7.87713376653444
-2.761405636277063 19.148512390805895 -7.070870285408681
0.15912216558923223 18.218811172741816 -5.280066022614934
2.7280636622314915 17.949101413261314 -3.7667485789883335
4.978922996018735 18.195087470140344 -2.4968610976422267
6.666493991359752 18.88597893857259 -1.609400106531754
8.001890800475454 19.65484229276575 -1.0901779527819901
9.147431264148778 20.393900546239415 -0.3197414251464027
9.965403504999053 21.100919032705185 0.3428485627049682
11.521148238102658 22.511308832873112 1.2398620212233527
12.774852340736098 24.04949412700534 2.112313336916427
13.510279627344302 25.070016940861432 2.520292479751431
13.797030577888052 25.970437588832645 2.8172937053902936
13.862504976718029 27.143114213682814 2.979559233498644
13.801690700788274 29.309843620618544 3.1596412386211647
13.339726601978594 30.816583926918106 3.0704694844275915
11.143618005331554 27.960400576774155 -33.09670242456488
13.089973523603156 27.044432444863503 -32.560307929112824
# level 38
14.545716582525086 28.00241126350126 -31.766329380749486
15.621326088384844 28.619095099203875 -31.03591551938675
16.335507528876928 29.297060461067993 -30.42584898807327
16.955661853076407 30.364132249767778 -29.43901187434654
16.970931523920566 32.34460355511658 -28.28157611996834
16.795846873928113 34.85484338127621 -26.565941461186036
17.052969447021646 37.05771150749945 -23.99629867969448
16.768220541084354 38.39985684779274 -23.068577313716617
15.617298075417134 39.461355021625614 -22.84997302110769
14.793310735222203 40.003360429864884 -22.271168608499487
13.66216709026377 40.34043005086932 -21.358890441064908
11.837125906155242 40.306398121585744 -20.407384944286314
8.860165350755214 39.39029136313306 -19.997186133504954
6.324476419734981 38.59652240556689 -19.209931576571492
3.5707400591097147 37.90364539955667 -17.59128204770937
1.1785191915331572 37.16875252976856 -16.206286041620384
-2.40257425606553 35.76290668630139 -15.392645301854408
-4.698093545948608 34.447614488656356 -13.863487138771555
-5.842412322160858 33.136984778613744 -13.287240896029026
-6.684605026389031 31.186950575941687 -12.473888320799158
-6.972696618411487 27.049810083397638 -11.351060956103264
-6.0664686510590755 24.50829916630219 -9.635239141113933
-5.1921639825006745 21.204943698352135 -8.961865748507137
-3.8922572970011937 18.651850707398438 -8.204685451220191
-1.3700264489187095 17.47126054431932 -6.6948899189741535
1.5082149263860523 17.10731601345098 -5.118175769110316
4.241296191283045 17.339996670757337 -3.478545746749645
6.515158968277633 17.742545291441555 -2.2142412965377662
7.940550924576742 18.498876234401383 -1.6932888711649765
9.183555162023973 19.38417742454219 -1.024568881029119
10.126577841315031 20.0487117478384 -0.35999990674598514
11.216313754411738 21.121342058692402 0.4394214359902427
12.769854313558106 22.818867592390443 1.4562829067812035
13.829983596963611 24.28142871202215 2.36240332890967
14.280752159471273 25.206171196180833 2.6975955808458307
14.376408873461298 26.151921897474303 2.9696206928956697
14.335448483556798 27.783860373961257 3.1937274004535907
14.027491186019216 29.64658221161713 3.2647382726063374
13.339726601978594 30.816583926918106 3.0704694844275915
11.143618005331554 27.960400576774155 -33.09670242456488
# level 39
12.96465555736747 27.681347377337616 -32.49767325410541
14.347699462173093 28.64006027865616 -31.789632890989676
15.207462526754682 29.357613091100703 -31.1457639882046
15.908291902751627 30.12900062220789 -30.41537064991803
16.223986831295665 31.433770907741582 -29.705484575854175
15.997264980730538 33.70085737826747 -28.308305100429564
16.07517981908055 36.15257842986497 -26.031947013358476
15.872824578813809 37.74595268303549 -24.555005300932994
15.266510551295253 38.61261452032958 -23.865220751456686
14.346155277730745 39.13259480173812 -23.405591232068822
13.339248068084098 39.60221664028912 -22.470081714814647
11.800019444340744 39.79258674454522 -21.571651546316183
9.471206029183412 39.298737370137154 -20.80956780293905
6.957686584317916 38.30821640590268 -20.76898693134151
4.277962884319832 37.630133743522634 -19.229514914030773
1.0770541121924966 36.77454073200268 -17.56100066970807
-2.676765914445479 35.35979496379744 -16.91542084725856
-4.659110747455997 34.411654471194794 -15.175182924387165
-5.993614128257322 33.30701373851185 -14.50359746139732
-7.03977549233159 31.514380379362322 -13.855756178300624
-7.5509188545926555 27.627064343722818 -13.00631702335987
-7.228001073094681 24.386745217790892 -11.459468468527586
-6.60686979571497 21.726971786675623 -10.483277868175232
-5.009885659453126 18.190560547161724 -9.251242593546062
-3.191313515231509 16.785421268944575 -8.26032598294798
0.13528070257657132 16.214872663068515 -6.642177964694136
3.399679915721382 16.550093007853427 -4.547367644143572
5.960766084700943 16.881163090394914 -3.2063905669207435
7.9316862206852194 17.523231520026044 -2.3584609028495427
9.239669706103173 18.34780342976435 -1.692933758665176
10.33464380403925 19.131905447798736 -1.05052399359593
11.155644014273792 19.9728466078755 -0.3356468450410928
12.781828251049227 21.700314239696752 0.7188949866343852
14.089892916039862 23.41708922570342 1.7991445880422625
14.655286039372507 24.385577799056023 2.548997908040837
14.918873418709786 25.356642573264324 2.861554197971441
14.801347241238751 26.403206436104924 3.0756841329970577
14.642236273820082 28.32410150428022 3.335534942726457
14.243141846570445 30.049481244113274 3.3726158511283217
13.339726601978594 30.816583926918106 3.0704694844275915
