# level 0
13.339726601978594 30.816583926918106 3.0704694844275915
13.339726601978594 30.816583926918106 3.0704694844275915
13.339726601978594 30.816583926918106 3.0704694844275915
13.339726601978594 30.816583926918106 3.0704694844275915
13.339726601978594 30.816583926918106 3.0704694844275915
13.339726601978594 30.816583926918106 3.0704694844275915
13.339726601978594 30.816583926918106 3.0704694844275915
13.339726601978594 30.816583926918106 3.0704694844275915
13.339726601978594 30.816583926918106 3.0704694844275915
13.339726601978594 30.816583926918106 3.0704694844275915
13.339726601978594 30.816583926918106 3.0704694844275915
13.339726601978594 30.816583926918106 3.0704694844275915
13.339726601978594 30.816583926918106 3.0704694844275915
13.339726601978594 30.816583926918106 3.0704694844275915
13.339726601978594 30.816583926918106 3.0704694844275915
13.339726601978594 30.816583926918106 3.0704694844275915
13.339726601978594 30.816583926918106 3.0704694844275915
13.339726601978594 30.816583926918106 3.0704694844275915
13.339726601978594 30.816583926918106 3.0704694844275915
13.339726601978594 30.816583926918106 3.0704694844275915
13.339726601978594 30.816583926918106 3.0704694844275915
13.339726601978594 30.816583926918106 3.0704694844275915
13.339726601978594 30.816583926918106 3.0704694844275915
13.339726601978594 30.816583926918106 3.0704694844275915
13.339726601978594 30.816583926918106 3.0704694844275915
13.339726601978594 30.816583926918106 3.0704694844275915
13.339726601978594 30.816583926918106 3.0704694844275915
13.339726601978594 30.816583926918106 3.0704694844275915
13.339726601978594 30.816583926918106 3.0704694844275915
13.339726601978594 30.816583926918106 3.0704694844275915
13.339726601978594 30.816583926918106 3.0704694844275915
# level 1
14.909201247719263 30.747042607578372 3.64961804833526
15.949860096142945 31.37540950744578 3.969388569183589
15.689198499038788 32.27170316228768 3.9959344501095115
15.873157995996246 33.303186867919216 4.1307372479922115
15.745381679584659 33.996130031092505 4.192361972553782
15.115818517162163 34.46451119981003 4.183955016581365
14.575260869007261 34.848208185827616 4.172809884297017
13.931932854004875 34.761628676364474 4.061298815933807
13.320885131153116 34.545168166203474 3.931824111783305
12.155745328080245 33.92615905551949 4.051179134407112
11.327598891786113 33.336221927618695 4.055582437046326
11.000870178362003 32.85371756585324 3.678276651527759
10.56416589086319 32.37860822199978 3.2663159636983936
9.964211491223537 31.7239564682406 2.757174209152023
9.323170085781815 31.14439130497408 1.8384903324667463
8.907144769271625 30.70628404284021 0.9045804142201448
8.696332353646726 30.122225258154746 0.5397333499189323
8.786948921786099 29.546867519013823 0.4916771305288556
9.163434174612629 28.95052276907873 0.7907051254123263
9.499990334617095 28.146673812672212 1.2014819946078112
10.0365410314498 27.62619299422485 1.6027613308338804
10.651035474056467 27.206431232878003 2.01362145839055
11.209412100703696 26.9005653959476 2.280420087180785
11.719029759730866 26.729189476414387 2.416765359188142
12.309327370188509 26.6851614804132 2.5676368010714095
12.93266808649918 26.77930892488995 2.720526707552718
13.510154162017537 27.020994043088397 2.8551110526299226
14.10783367653053 27.68607152293501 3.11009364100333
14.503956516899315 28.687261264697465 3.3323551649501266
14.911757384493205 28.95445201190376 3.467435729279085
14.909201247719263 30.747042607578372 3.64961804833526
# level 2
15.654853396191363 29.454197681253987 3.7048177567944016
17.087770875405095 31.547591355163366 3.9159383180826124
17.084407563459266 32.95437049990915 4.221103761013564
16.985472699898764 33.69444618165014 4.406460119170718
16.4380442096354 35.07332814235931 4.438518312090554
15.588056908244155 36.19159691458819 4.369085728606087
14.584522941149892 37.17361573297987 4.287569527751607
13.128916858727433 37.153657338663166 4.665775311111325
11.477501575806906 36.56898339245406 5.256639063408319
8.483816867793577 34.91743632453253 5.7885125575914715
5.935555410051367 33.17367804885943 6.117453199319191
5.049513175202531 31.596072745489362 5.856293640979676
4.763489714925286 30.597622961292632 5.343555650588607
5.030159027279293 29.97289857245046 4.556155810356683
5.473961565987143 29.814983914896626 3.5155313405554858
5.7163940732803 29.584888545646372 2.1366764629484303
5.132666224346646 28.99185174841467 0.6221329116525289
4.959703034906165 27.976008064548314 -0.06233406903562635
5.986774016168747 27.728715436816458 -0.045339850396042936
7.088021825531261 27.237181807094572 0.42298538726801715
7.936886325608029 26.381263094497207 1.048400832557973
8.840150934951593 25.680518869593104 1.582676479766965
9.880830419719292 25.29571257855263 1.978775546164537
11.070089454638344 25.28902699856663 2.174837118857752
12.25864179105513 25.400573349883913 2.4035135486501376
13.39742054424841 25.615864470212617 2.6526285251106017
14.294572894744388 25.89503541589892 2.8849118944390106
14.943757247021058 26.058219562736095 3.054421283074727
15.153180114355937 26.915714075187424 3.1025574005420555
15.779388552446978 27.780031951681245 3.2494900812921497
15.654853396191363 29.454197681253987 3.7048177567944016
# level 3
16.79559476197677 29.20991680119556 3.4539639466603016
18.06841798207364 32.13933255175179 3.7453688515086707
18.238186606836546 34.002032953665406 3.9742651457362306
17.935225644641484 35.7421573191113 4.142474885590488
17.343171785274873 36.81259096233403 4.3996641426316385
16.21931279727346 38.130014816449005 4.362659478790002
14.69351702745654 39.39946562041003 4.091959788551058
13.013302027481588 39.56694640839056 4.331489870321592
11.252533123709503 39.10550516717384 4.924356166536505
9.471037021686401 37.94573536130763 5.424199302757133
4.889714120159786 35.14915565020779 6.119039611815404
1.539943825848685 32.0626187841164 7.045608361073135
-1.808355729351009 28.595236846735137 7.786765651502024
-0.9495496329914781 26.43117979132838 6.4664997194122815
0.9449409324082884 26.475118249455274 4.447844142605912
2.3217650537914656 27.238215856853586 2.8121755755663407
2.938316509431014 27.47236500494106 1.0995513563405896
3.275645302264027 27.2406211244192 -0.17005961688934423
4.4689383986338695 26.96715910773929 -0.3943146340710519
5.750380982216792 26.150990328450945 0.12401413718696808
7.086631615323565 25.24028698597745 0.8983526119434024
8.280059185191373 24.421712783129763 1.3218680728682357
9.439431637245193 24.03236733826753 1.543276295088931
10.92610352111526 24.147512974704853 1.8277396372864678
12.357624991116534 24.46567495200818 2.1610935085526983
13.799960396708013 24.70720233182345 2.4707083690493192
14.72936020657569 24.885074926357266 2.6984426541593725
15.621309725289784 25.067608522995876 2.920170764335082
16.06962480408853 25.947190308775642 3.074646514219279
16.88199122742127 27.107253563249508 2.9670369329550095
16.79559476197677 29.20991680119556 3.4539639466603016
# level 4
18.25654833122151 29.541907075707133 2.7234422561573846
19.106890324753312 32.481563122499864 3.069979116738816
19.222060037127957 34.99821269300405 3.4028550933032893
18.888956579368056 37.54580486228116 3.497533034078815
18.00388235965326 38.86407837429783 3.6212556151501234
16.970590143258924 39.925365925380106 3.800936377785122
15.245832188941357 40.8926067159165 3.5141547425789947
13.243340001223952 41.49869954336462 3.2575505884307665
11.24483117707527 40.947732966056094 3.8884106671547696
8.769222447978745 39.81293558824817 4.544943905817669
3.796247532471624 37.476612103455096 4.8891749110504374
-3.7737849740592373 32.31428101179047 6.774005755443488
-8.772354845042008 28.53510607350925 8.871226321141757
-8.83329921331821 24.17872763774924 10.475146120020067
-5.080068416908187 22.07477543897882 6.404792442486587
-0.5353651278878246 25.16617863005558 2.7023546956701057
1.5195988787040338 26.794566596976114 0.6409587002718118
1.9458184368493465 26.75037387993481 -0.9343022646770003
3.243721968031127 26.364506885736233 -1.1154287106375176
4.735078914716928 25.042861897719245 -0.5518955572734978
6.394774323054529 23.941683733153504 0.42318607139537784
7.800538760658229 23.21572399316685 0.8182702181410062
9.130992655055696 22.681846074829757 1.1038256590683952
10.89115926154578 22.741884292749994 1.3380787733616706
12.540860736831961 23.013547987975194 1.5752826110249953
14.17402138810931 23.686187891191345 2.018469812566572
15.370770281616108 24.016442556436914 2.4133599639179173
16.47763859319893 24.29083771969808 2.7159983954852476
17.129461706128012 25.283900715292802 2.738651534688697
18.33674670987307 27.120587751225788 2.086977818758061
18.25654833122151 29.541907075707133 2.7234422561573846
# level 5
19.557983231871273 29.487140732501587 1.725885472917497
20.38628453705944 32.84890047004696 1.9991382905932447
20.671710802314138 36.00087205323307 1.9597594277494306
20.015931271918994 38.63106711218981 1.957657841416526
19.36115180456649 40.22597542538016 1.7942865508542951
17.917583565777104 41.282136028361954 2.284139865580907
15.935796012296422 42.483905766781646 2.6157298713987425
13.81014766923866 42.75952650107081 2.606408469013461
11.872580025535136 42.23914698151394 2.558589246095707
9.114637780563122 41.29767600930816 3.273905663941664
4.660677946526619 39.403230995456184 3.372001274320187
-2.3751271510452785 34.97721137947022 4.237649604018824
-10.021881602506424 30.424045082660545 5.522251022162979
-13.637134092100965 24.578784664234192 -0.24147175743834043
-9.093267446214378 11.183102047086454 3.2071640061684636
-1.107223209725728 25.957860172112486 0.06677180015100785
0.3194851807454517 26.511582632818627 -0.6189868999861476
0.8926200279285592 26.31453176829528 -1.6605725650770407
1.9576393616469783 25.767344710928164 -1.838644185866576
3.7263905177027654 24.033678467356975 -1.1954075932097452
5.855391410697193 22.685272466311822 -0.3420850854960573
7.651922654916492 21.792543046855926 0.2193523276294604
9.075572394575337 21.340348497377587 0.3302581065108677
10.339896354420423 20.899099183386497 0.26940144761973395
12.449343445553998 21.43437675374429 0.5728562943987189
14.551607709689867 22.403916647243395 1.1007476601165198
16.00265612665775 23.035199604374935 1.8204006362324623
17.12765568893371 23.84608042341291 2.1534341292889505
17.868585178136815 24.76805495047155 2.3202438963769
19.13371733943061 26.898073127585953 1.4693422747630915
19.557983231871273 29.487140732501587 1.725885472917497
# level 6
20.364339322722337 29.42141014146462 0.672243576216738
21.869861377719644 33.205444378117924 0.5745569308887022
21.552656625412734 36.98891875927405 0.8048467186860235
20.903381932091385 39.2035153704926 1.1522854838507728
20.093502346742405 40.99778241529074 1.456346304000698
18.597897151110597 42.322171952723956 1.2652364638765334
16.503313609490192 43.573867767908354 1.373326723799387
14.407348858102052 43.75981398388611 2.0252534716519275
12.377570370122488 43.32442590972691 1.676560101661869
10.111125511058184 42.62234668180681 1.4582467321684232
6.231628522191638 41.09900574865556 1.5741590754781778
0.47166398571138557 37.4421653185003 1.6797116545908293
-5.351510309496732 33.2668003752238 1.748843213254855
-10.196018388498105 29.357675531920364 1.2954513791725668
-7.461228686726288 26.596533135773605 -0.5936347887136383
-1.6628778094384573 26.99448808947946 -1.3849616639874638
-0.4495017002795978 26.762674773283173 -1.6366834542957636
0.47692152995455406 25.93232252352839 -2.399050448599379
1.5118186492648777 24.850575355438714 -2.547542074544128
3.3837536016901146 22.26960278469178 -1.6023139232212509
5.727667810082724 21.021667213136524 -0.802088645473926
7.506607111934391 20.514544347142273 -0.6909735634124008
9.15904407110722 19.96584142272007 -0.6195822777273543
10.676799558730716 19.568562200902754 -0.6753587718310641
12.704860789549024 20.075547832605174 -0.4542828006058819
14.906704718971987 21.087082150355574 -0.11448525347238442
16.668362883380897 22.188121407043216 0.1699857354974022
17.83141933189343 23.23681666220456 0.9613081742057683
18.766645425090868 24.496010984487643 0.9382614134789129
19.788927798930736 26.533463593630202 0.2911783773601663
20.364339322722337 29.42141014146462 0.672243576216738
# level 7
21.836455534989668 29.683186626308423 -0.7847133169195211
23.180682867375587 33.75546203968892 -0.668747037520204
22.636504994993395 37.104242133830915 -0.22336978986695888
21.230748704755005 39.72792679264008 0.9186583867654312
20.749801976946593 41.502622922654304 2.2103053219036317
18.10298309311427 44.84533058064423 1.1463670149070673
16.959166593729876 44.79169854960062 0.36164575503957364
14.791056646811315 44.8136808214206 0.6938386295527328
12.446575164097712 44.441552949016945 0.8457968608393487
10.45162483379007 43.29145551837333 0.4923071051651895
7.732635208957735 42.204871704765544 -0.08360971772155584
3.6668048424571404 39.39013337191931 -0.23911387169418097
-1.2870568927859243 35.14524251775131 -0.7995947250587326
-3.958639130827696 31.61657339785161 -1.3214559529952208
-2.4450417518279366 29.956513833187532 -2.4714555750963094
-1.4924499784147545 28.226696084271456 -2.4689734909500087
-0.737075868504137 27.131434920627076 -2.874086002657494
0.04112588045293236 25.639722367467087 -3.258511245153415
1.6789724061166544 22.792941622980237 -2.8572206068236676
3.621395471258297 20.318604820286907 -1.9538708795156754
5.724902834714751 19.485508390816555 -1.4250974442562245
7.420856030430993 18.931110135194267 -1.5172682964817996
9.271949617348195 18.522412697890754 -1.5596891672703082
11.162360567355385 18.490811743534145 -1.701247777894318
13.05791354686431 18.74261306553958 -1.6738115133272187
15.15359002229982 19.59328718191942 -1.580163522245261
17.307413193398354 21.202096147844706 -1.4199467792792935
18.80289011923427 22.676420854479353 -1.5236581917441658
19.59956077634156 24.2414619179848 -1.1263620880111436
20.58982645860916 26.301732066066464 -1.1496201437862177
21.836455534989668 29.683186626308423 -0.7847133169195211
# level 8
23.597700283804013 30.040188093942973 -2.4267469727205024
24.101723059346174 33.92201178591896 -1.7098716702697203
23.44806546689156 37.47149814614774 -1.0756133211712795
23.96227740475603 39.0641441741102 -0.7345569355282731
23.567583819886735 41.17920057346868 7.848158119462524
18.302592128910412 47.71166852974365 1.9180158545069088
17.07113222549363 46.13249003987961 -0.24837990134099053
15.450374417193435 45.73098191560474 -0.6121179342955667
12.674805411142707 45.56836418141729 0.05280214998595525
10.567130952578061 44.11587530617506 -0.3502947055506569
8.288806327196019 42.69383191421794 -1.3258577649640935
5.5314610059778815 40.395499788020345 -1.8192453623118068
3.02026515666933 36.916796646838186 -2.4998817157212914
0.7727719662177672 33.75873181638337 -2.7229055118420313
-0.7409345621771111 31.11706929973967 -3.2488616856520283
-1.3438990595929767 28.844980528249614 -3.673724198178544
-1.2780407991712037 27.170892301792186 -3.852455301200731
-0.7949024564807412 24.507370841108344 -4.188796906212215
1.1443261692662188 21.058148997182784 -3.5346342938647712
3.1681302833754375 18.992749210224353 -2.883244846434006
5.192162392726469 18.06696658871632 -2.4986286231654344
7.408514024571465 17.46745869814886 -2.4074536548470666
9.514501220266181 17.207719507603578 -2.752727511876535
11.394170432371915 17.293555391278655 -3.01539891113967
13.592821285251661 17.568884379586006 -3.18118687536161
15.840204361439099 18.546807816335075 -3.156947980245982
17.97395387264129 20.12113985337251 -3.1045864448546316
19.81676070552216 21.677048868422375 -3.3534254342036838
21.377463018149765 23.382855885784576 -3.6383059917982647
21.935662584866062 25.715395403826825 -2.9143083756205295
23.597700283804013 30.040188093942973 -2.4267469727205024
# level 9
25.12918019533104 29.945243063368558 -4.773735620475291
24.957768313565616 34.13083470341673 -2.8116536340264373
24.56865965267368 37.75666798217944 -2.5599730318631457
25.909970453683822 39.38300353540503 -2.0590219719899125
45.80588274504813 54.16014217210362 21.480844768690993
20.285493824100158 51.79049706664184 7.327589608961237
17.449343539378464 48.178806123656656 -1.6767614776884174
15.896113861716515 46.8164481823361 -2.6117639042263163
12.770238206518584 46.233820273891276 -1.2954183780871422
10.46787064785648 44.91770661860563 -1.2051819850821601
8.11717558287664 42.94808033477012 -2.5447097289396186
5.720364308261761 40.090368959804294 -3.5943039620666797
4.05972931231142 37.01973731320236 -3.9532775892189145
2.5148062548476307 34.589384432041385 -3.699118975249256
-0.02734062856848768 31.45645766649023 -3.8680808555366974
-1.3322448143429804 29.312961853997994 -4.420691644699127
-1.9508513727356265 26.425515675280767 -4.423618873739532
-1.603089787752589 22.951827313515427 -5.1628498782081325
-0.14178872422289823 19.685867681749848 -4.780382996181038
2.07437348064139 17.84943158619381 -4.233771034137275
4.23779321625347 16.85482767210481 -3.9190311595441707
7.058123915273114 16.20755887145931 -3.655142923841882
9.7806363307916 15.862970979131306 -4.023405667175999
11.782044581068414 16.050622422886395 -4.326346080264138
14.013365288097612 16.5034483793152 -4.717217249129234
16.367384306106096 17.258556832606757 -5.066662489458373
18.698843464723176 18.259585506124218 -5.838536098360374
20.674366951560494 20.56077728164304 -5.444993771062608
22.374395762171265 22.42344365813471 -5.655037766351885
23.168109517241884 24.9183736246947 -4.732214536293863
25.12918019533104 29.945243063368558 -4.773735620475291
# level 10
26.373715859248136 29.583432293558975 -6.640589374348091
26.239060227200824 34.502818139497776 -4.555635820930094
25.536539034789943 37.76731031159166 -3.8106783196238307
26.357177080205503 40.804245337617346 -4.436707359489544
36.50774556811335 67.94690517446234 -6.300611158246004
21.085435406679657 64.17871944804928 2.734977329428811
18.103349352035742 49.49271206466108 -3.3288074631562377
16.68130000012724 47.99784737947405 -4.2218238538586625
13.37981838315753 46.90231510996954 -3.1275646418465293
10.557005291981648 45.87004312033085 -2.092129193553983
7.8261866488181155 43.638992615177386 -3.7283918859382976
5.585818914517775 40.692355300506776 -4.783664745850142
4.099325116566415 37.62611043947433 -4.774532821877552
2.0388274523705148 34.41553321965469 -4.557311757618867
-0.5313795272024944 31.580752938944677 -4.8081132592029565
-2.2007740849224806 29.435480554777037 -5.469077605540101
-2.8693781678518686 25.752983215285354 -5.4242312309178455
-2.6756528654666494 21.439006036714456 -6.4697798536489275
-1.7104015811393873 18.38322694558396 -6.521243300213719
0.2517823321227963 16.455486007050084 -6.390840206044649
3.2287489272048333 15.675872263747994 -5.496940302711334
6.6896552341789715 15.009771117892106 -5.059761561360948
9.710740736998112 14.732594704016277 -5.300704842556967
12.297025884469454 14.942528733387189 -5.861241085200492
14.420315741832285 15.547003856705166 -6.273453298819745
16.95084419433427 16.438232457720304 -6.695998190720433
19.394448859578578 17.65723065951311 -7.519055229571276
21.551237220529412 19.639722878277063 -7.561759187228943
23.334970372207223 21.66816454953222 -7.799524271606362
24.557520899911673 24.48081064166626 -7.209080780410481
26.373715859248136 29.583432293558975 -6.640589374348091
# level 11
27.23104295208229 28.874069737749483 -7.967465547813897
27.632761054428173 34.68189380863904 -6.590911008342719
26.221465149120828 37.89708272714436 -4.91558496647358
26.432156338164212 42.27136697666389 -6.001731349297319
26.663369260755754 45.650331869908236 -7.444234719905921
21.404958265486062 51.660077313894966 -6.865103873008
18.804307280382453 49.70880953395193 -5.063452757012915
15.895304697917684 47.94938378171469 -5.420644920883378
12.779542490733313 47.017060905355045 -4.350877147927808
10.2602223913343 46.06799575565041 -3.209872288964007
7.371070011959013 43.855014642254005 -4.916596002058116
5.239832258533715 41.37122980997431 -5.841115537533756
3.022008818552139 38.25487836923596 -5.9713084889413865
0.6446316403051934 34.77143273476105 -5.588727265455653
-1.9526400635413077 31.806621126480948 -6.097398861244423
-3.68743871966293 29.420841110504018 -6.868854868940572
-4.006727839984981 24.6582527386914 -6.774305200303827
-4.155130379224096 20.310067441666135 -8.061289093188343
-3.899031018550893 17.0133778715921 -8.630765057091214
-1.749792348547363 15.19763156507505 -8.406950831724547
2.1377422352978273 14.47730322278713 -7.440178034826581
6.332909710352625 14.151922498157461 -6.292860600782326
9.384782664775113 13.843169001237099 -6.442801385081957
12.685175967755523 13.840969297147767 -7.34241756460556
14.836055101346876 14.649378596317534 -7.822100397864001
16.939529064404866 15.576689223535004 -8.257965940362492
19.49259553035117 16.738578065074062 -9.168244270621374
21.230537284824052 18.259929353601336 -9.05908338129455
23.948682160994736 21.298868751281272 -9.24122457554619
26.19074819381261 24.353787406979446 -8.929601152655946
27.23104295208229 28.874069737749483 -7.967465547813897
# level 12
27.776979922883516 28.975083179395632 -9.258589241098605
28.398134419277717 35.282183171661295 -7.968198088474904
26.422184534008732 39.55676867652153 -6.200330809116011
26.212861785328617 42.70482575945954 -7.423484827205774
24.701714040608778 46.10357780648412 -8.354420079719015
22.38198974523582 49.43644655106213 -7.499133823734276
18.342517202122895 48.41912214942771 -6.932894616086039
15.29524921001674 47.8576203126879 -6.865239254036195
12.414515673472934 47.01659563646553 -5.557588059160133
9.748774441534724 45.94707994417758 -4.533183267023508
6.6089166225689455 43.21662987381619 -6.071761774078276
4.63577281275067 41.202512378069294 -6.574179348687632
2.2092528757591756 38.63967778336597 -6.74976887593056
-1.1563114781440746 34.6711938983983 -6.968635360657254
-3.7565073591119678 31.654488687130954 -7.850469280969472
-5.222188752656298 28.219216087358085 -8.542717432134719
-5.746534692073222 23.66541428045426 -9.212998228225576
-5.803092172754658 19.430332321152125 -9.759082386187277
-5.820533771771366 15.574645818189962 -10.428802159137017
-3.591737547838001 14.098834574225636 -10.178042361335192
0.27869125136538075 13.437376957282762 -9.616733771762012
5.134806300109409 13.338962151055542 -7.869527640323072
9.129044775858462 12.958449780223546 -7.9362184037978505
13.12904292426196 12.959983977325976 -9.17312664732921
15.34713883879633 13.897144388506293 -9.363179063196462
17.017750912141597 15.016942793527804 -9.35064995531116
20.824297395841157 16.869190488361152 -11.134185246220433
21.636652717512128 17.8970726978603 -10.353277538819045
24.86660470457766 21.153698834922636 -10.952079775304048
27.63633326259734 24.50725390484892 -10.186968155921534
27.776979922883516 28.975083179395632 -9.258589241098605
# level 13
28.418621482830012 29.26892069647458 -10.547995262996759
28.788648642775556 35.669030625799316 -8.994723555266313
27.758545349959086 39.04653305460437 -7.739931780043321
26.374753611381536 42.42219920683959 -8.237219451031716
24.470482981522586 45.095231108905196 -9.30536637956071
20.251774646941016 48.044347704561396 -8.742650122728438
17.78334851535884 48.08721074445234 -8.870287374742237
15.140643171929373 47.636506366137056 -8.113898792675
12.111113910686843 46.68995835835621 -6.692209523160972
9.235281730583539 45.3838390896284 -6.24986903011759
5.774447842524366 42.45769242391513 -7.306559282123574
4.015441230082268 40.89841626600683 -7.329259681721462
1.5605494059003542 38.39672703857784 -7.476124919646411
-3.0417149755996804 33.96172127334999 -8.8087807344291
-5.660336616902157 30.94082909628986 -9.913265859368693
-6.807066123164926 26.00244961005204 -10.999194049927764
-7.6185379480235795 23.197067596660986 -11.865960886964151
-8.392117263754034 18.53579879461232 -12.069069888343343
-9.378652750961013 13.453620357362208 -13.305552015803814
-6.2008520169156895 12.059624098835522 -12.604532122061508
-1.7541010610891266 12.198425546808664 -11.68695826008145
2.898662410528439 12.504464677947674 -10.224730134672617
8.754660875332792 12.096586671924413 -9.574341645796931
13.25977157567779 12.092695682242507 -10.893818152798518
15.625810720440546 13.025199294157588 -10.89910460700923
17.09948036854159 14.350277713525946 -10.729508821768922
18.785657017438908 15.54543421913261 -11.06443071499353
22.359434572306068 17.896929292307362 -12.05355516989916
24.966510301620563 20.905841377554268 -12.004713910746716
27.804344722251834 24.422811942211528 -11.277112167398885
28.418621482830012 29.26892069647458 -10.547995262996759
# level 14
28.4569771293039 30.308713804765183 -11.413370868377022
29.033752427505977 35.49803029386591 -10.159774850508807
28.419454785526668 39.52825128677698 -9.618928264362848
27.315306559779454 42.39556928852338 -9.99748529238243
25.398663201672825 44.87775241079048 -10.896403457538934
20.765960393841326 47.274863043868336 -10.773645773633529
17.922683863813752 47.520235514877264 -10.696553817942052
15.00700119731942 47.138598184014 -9.365274407996017
11.882825882464097 46.270506176917664 -8.163605454578642
8.519871331385056 44.50993067196154 -7.328946452745477
5.576602487620094 42.15055242452232 -7.939726803849451
3.517734668340682 40.490006726849444 -8.28455239701842
0.016082856435265747 37.39096183698882 -9.184985412404465
-5.045128580497441 33.26604007083251 -11.278904871823471
-6.8739220338551466 30.703101200674062 -12.46246720797483
-7.9379073588042 25.633069328562954 -13.631356543713785
-9.111064533136103 22.41449871771643 -13.59533169502016
-13.588547462795681 16.399157650579625 -16.265414840356584
-15.775586395269604 9.449345124477663 -18.434264777170732
-9.200965713561475 8.933328195016392 -15.81943953160911
-2.698402953985937 11.154471789884688 -13.600294935120818
1.92529043693394 11.805781969812188 -12.280313965137557
8.396115535543561 11.450714491662112 -11.325267710769202
12.892511763396762 11.455297332217757 -12.406820840713
15.555924396950124 12.586827951337458 -11.998228025147267
18.34408325902249 14.376639396505063 -12.823987334304283
19.965542655571184 15.637497923263957 -13.183904476634137
21.999383031431627 17.29775790067501 -13.415044693582622
24.729177896812715 20.397441352111805 -12.859706922766351
27.56503734763968 24.196849278640858 -12.585355328906985
28.4569771293039 30.308713804765183 -11.413370868377022
# level 15
28.10851360093786 30.806839600746187 -12.421110206690056
28.76115363425427 36.19066816703401 -11.829910068012929
28.456554934031054 39.49670743721806 -11.574433786309577
27.298734887769417 42.33287394134463 -11.841226074371148
25.10965228785526 45.18843691252642 -12.657323221532048
21.72441022880913 46.9305755321227 -13.322126971819758
17.99330041931934 46.90868992897299 -12.654799893938574
15.51113358420848 46.11951102623965 -12.391643682407782
11.436196362669072 45.31988662843668 -9.570494150787038
7.70728002878048 43.38226701661152 -8.532517480955581
5.366758063756938 41.766951424534824 -8.794793775849902
3.0431408108026323 39.73272079248058 -10.263319678988971
-1.7980414019267243 36.22418059583741 -11.489342336148086
-5.77875566702186 33.20652087195597 -13.291620489769548
-7.554771802298971 30.09205676861252 -14.435827149393718
-8.439401724739518 25.35341034075111 -15.042953580896565
-9.95336126013069 22.679956097400908 -15.380094368014657
-18.678615508155907 14.652055686886152 -20.924288402190232
-23.21142920815732 4.8652134406362455 -24.25088800981382
-15.25051112566193 4.110233977370591 -21.550970096055323
-2.9456767973878537 10.084381224055173 -15.33954559220008
2.139141726989988 11.291451869418347 -13.850126315840722
8.048127693470127 11.057865237082336 -13.139542529391019
12.281415260760383 11.001553487536293 -13.826480291758452
15.173865501876735 12.029235915178576 -13.11041224917276
18.18844119675979 13.818128021574463 -13.956842149116122
20.602029224415688 15.701682672832538 -15.05907010000427
22.354135323764027 17.44464705755182 -15.332375157926405
24.79950610008922 20.243431922865472 -14.259976666417046
26.830110398960734 23.926182258351336 -14.150567028645412
28.10851360093786 30.806839600746187 -12.421110206690056
# level 16
27.30250716311446 30.548377262155146 -13.935360792114363
28.734151633999346 36.841697922402965 -13.831007923944941
28.572801203350735 39.51875478099775 -14.0410034549802
27.239580114342647 42.086277370847085 -13.926898966525858
24.70897472283618 44.56268602347804 -14.31231080346623
21.50423782192935 46.45010266904835 -14.678321784655829
18.436637101848905 46.31954063707101 -14.562604496424417
16.023683223431103 45.22738684195755 -14.855618876056187
11.677594563346048 44.158528513979505 -11.967215237196228
7.346246046324868 42.255454849987835 -10.271329332232828
5.078073706591985 40.75186705689173 -11.439449259556515
2.196157792722116 38.61496301363461 -12.89463642419988
-3.600026678386444 35.11792012371944 -14.000646418675435
-6.272922440097036 33.162485202868595 -15.046888698884697
-7.967113706926032 28.73577775581382 -16.08977327555314
-8.83521095622081 25.155836697290923 -16.66207939609615
-12.123217324868797 21.8539667648753 -18.73239912720049
-24.267263742590508 10.801972428344284 -26.682418622440107
-27.66183800332187 -0.79872721239607 -26.40058586385724
-12.308330815110866 2.507117299352139 -24.797679547374102
-2.74699793324791 9.594267072421026 -16.756206172749927
2.07732381168736 11.306846391665156 -15.826196861294802
7.566313622718325 10.896495969615794 -14.956079034852454
11.473333959857678 10.78607947401197 -15.258946136223166
15.109740080298291 11.932948258211223 -15.030340403231817
18.370877471541448 13.81855503768944 -15.519043888916233
21.005737786358928 15.698539833023288 -16.870510933430392
22.592086799969636 17.66665367560598 -16.906230011298085
24.56329027519022 20.056752591257577 -16.435744830983715
26.383696137333366 23.798119033127797 -16.109868806954072
27.30250716311446 30.548377262155146 -13.935360792114363
# level 17
26.00113296812598 30.460976648339443 -15.82150132516336
29.00546178374875 36.448241600112446 -15.881233790603268
28.931042038043444 39.40567259987503 -17.307451784649185
27.426065440118784 42.137626046651334 -16.98474075807595
23.35088649602727 44.503906721901636 -16.128281018796834
21.50215053918759 45.04202795619217 -16.378301724063608
18.77926323598575 45.388138309206525 -16.4614492328688
16.422545250603655 44.34789793132103 -16.83738261775829
12.722739312377902 42.86442145850714 -15.396169217841916
7.323206395941448 41.273865827628455 -12.846969432545329
4.89891714319532 39.76796133891856 -14.093660578600463
1.2302734027832714 37.49859313193926 -15.187145684431734
-4.183835275910302 34.65908141881072 -15.961267635192115
-6.464596272438822 32.58655369660689 -16.521677607128108
-8.03042831563889 28.121491975074527 -17.56022690166526
-8.966908220069586 25.14574485543965 -18.610698736095337
-13.807095494843166 20.93602010462099 -21.886336508536687
-30.63267595579991 6.477137458465084 -33.52152246253167
-34.58162535930666 1.7672262063449333 -41.40672803543042
-11.181260153868598 2.5121760491049208 -27.68703013509824
-1.5101423186510958 9.992297280450199 -19.074141249417664
1.9598752625416922 11.85018929175113 -17.697042753132333
7.051106766910397 10.972663452136604 -16.956392587270106
10.702477875452294 10.726425543944849 -16.471836195796772
14.650237009607322 11.816028990614047 -17.09770628717917
18.54839857077952 13.8543133465576 -17.52910061896913
21.399460223832108 16.090489177406624 -18.282769933547677
22.989358012311463 18.119952597814702 -18.30950280089039
24.37117158415107 20.41651632799951 -17.964393317604436
25.80887424379327 23.672514822585953 -17.846071347531158
26.00113296812598 30.460976648339443 -15.82150132516336
# level 18
25.330096997918574 30.136273737721865 -17.41703299653946
29.26580467530747 35.15473673338944 -18.67356782812273
28.860825004162436 37.41043983086905 -22.213169551112
27.197287679165825 40.78043931645966 -20.413000400222874
24.24714133185654 43.07533292457917 -18.707680426345163
21.476034475836506 43.83926354440099 -17.758917595922362
18.645215597412164 44.39732302716356 -17.718369230759713
16.57864929210504 43.621498448440924 -17.878974144648595
13.724458602496114 42.172657094402794 -17.882030447366233
7.602996219483574 40.2804819797723 -16.032452982577865
4.8216036341214625 38.76466399095136 -16.83274964125946
0.5395224317391901 36.638992281487994 -17.249596063706015
-4.083029877206986 34.43473176824125 -17.479059071429162
-6.478948779590503 32.15010273662404 -17.8618913625805
-7.785947999042246 28.245273711656957 -18.641074993539558
-8.662024583596688 25.128404191850272 -20.52473070164082
-11.920518300545757 22.06522441503037 -23.559612055150723
-27.465980040898536 7.206859022415211 -41.86539297779278
-14.089284758703165 0.06104522699521031 -33.61324090353002
-6.755795832455088 6.763668952258181 -26.381052806485997
-0.5777507446062714 11.785305586766576 -21.064371804669136
2.450817528021175 12.87888299811339 -19.77050640450951
7.1328640406803885 11.485254914599517 -19.72742806587643
10.58718440267314 11.079384393845984 -18.857293915869274
14.291282198560397 11.858082711522048 -19.31079725157079
17.981860819453395 13.604205858691497 -19.577200054493975
21.395516456524007 16.318561974548437 -19.969396270817285
23.23673367915212 18.602319973084715 -19.859315349636503
24.02327512802475 20.56161236257576 -19.23123690791461
25.6983028145174 23.862086079849533 -18.513902734482258
25.330096997918574 30.136273737721865 -17.41703299653946
# level 19
25.080789027210486 29.901440340505935 -19.027006491530095
29.705711078985644 32.63351808883142 -22.32303310890447
29.177111140488023 35.69817899725504 -25.149494573791245
26.68062863532855 38.90799927721689 -23.631820043157415
24.60082896440492 41.108475615462005 -21.585935018750405
21.639151638588537 43.053130878947 -18.762131069282688
19.081183595922756 43.376751651034695 -18.519090016852097
16.77992322937083 42.97634190759777 -18.844547919849933
13.901795103029746 41.7936842307844 -18.74071262025694
8.627517711702167 39.757838437530545 -18.746741849095784
5.365388848883369 38.148213313092725 -19.236321982417238
0.9853971027916999 36.20620198536307 -19.077789102628593
-3.7681876557310607 34.15231672986598 -18.858063595652894
-6.049754049653805 31.90009706473147 -19.23257585292787
-7.131580841698883 28.710569772029075 -19.944106641065932
-7.7164962212762545 25.580899593111845 -21.403215906192383
-9.380679021516308 22.350082763930814 -25.05049299218772
-14.001305942592142 14.577475050711913 -33.073775041017456
-10.026622188372773 11.078199086556642 -32.55123483554109
-4.968373165063177 12.02059189870039 -26.62419993934401
-0.039102498267572144 13.599296172374444 -23.07453182724583
2.5415782380847 13.977003479139363 -22.535312434111887
7.372459079485301 12.157988280480822 -22.208318338005494
11.018751939246567 11.798910769055007 -22.266093288590262
13.786278329619336 12.38425620992844 -22.647484414674974
16.919198339802453 13.466853446403812 -22.047505035758444
20.94982954324372 16.261782327319512 -22.06593798237605
23.05540660323482 18.88009615728227 -21.704248158338984
23.960962245137956 20.942582144486522 -20.743759568101083
25.21936242717426 24.01724652606635 -19.59307361599124
25.080789027210486 29.901440340505935 -19.027006491530095
# level 20
25.281960326653984 29.05073605956924 -21.59076287783508
31.669430800869222 25.31909761701459 -31.164172882217414
30.726652848269236 31.336327147911536 -31.217061455562423
26.77095433289517 36.81403638593381 -26.708636767728176
24.14604433549747 39.68521104937017 -23.499105909202733
21.91723020296675 41.46229679077928 -20.842915816011455
19.003102847010524 42.10395210693872 -19.467259266124604
16.568662135515464 42.18699725645745 -19.876556584824584
13.715728073694391 41.276466180060766 -19.782626931813546
9.507739570558563 39.553928500114914 -20.179245453015856
6.326495354206041 37.78491790645114 -21.43204955945943
1.5696462279235792 35.71044876633794 -21.201839203168113
-3.338251065928426 33.9941543022552 -19.912134412303637
-5.246645029310823 31.656390002589603 -20.796720240593928
-5.804682567320959 28.9304731104511 -22.01697168892028
-6.75370652895533 25.858230182970352 -22.505051600034292
-6.479094780960358 23.365320448387752 -24.68510003123201
-7.813626408198524 18.446261775197602 -28.814316425756786
-5.75860307124972 15.835231776255672 -28.631460992129323
-2.564947292649335 16.478510373144015 -25.106033579593237
0.2629914184745553 14.816947523938909 -24.829126284101406
3.228672657052175 13.298208542748926 -24.41457045365363
7.287614517652418 11.871481654006773 -24.50332907609322
10.601539516560589 11.719015956035738 -24.741741210307243
13.332332276557112 12.66022349065653 -25.354429401007057
16.82010287326191 14.503815220346173 -25.885320529894138
20.515968037758093 16.61943638947503 -23.756074833016157
22.47037703990094 19.05635377836597 -23.322001902536293
23.767954190712924 21.406494894619907 -22.025166285821427
24.020424716107307 24.156510844418563 -21.46380659882867
25.281960326653984 29.05073605956924 -21.59076287783508
# level 21
24.81795084789787 26.532444151215937 -24.991285064066894
32.67667182144618 21.42683952723585 -33.245830834194464
28.623263479792122 30.428291352603896 -35.875090890455105
28.833620413057186 32.964134525716915 -31.443784757224904
23.720442297574955 37.97726154975541 -25.575445311398354
21.556756555740698 39.86080924796622 -22.04024491299485
18.532162882971246 40.761419775452794 -20.489034328822804
15.93046328322639 41.17247869551226 -20.988336970062242
13.433765378570703 40.49474894437803 -20.995598867103332
10.328394569286134 39.435767972779615 -21.256880604642078
6.7440095946138285 37.26934096054396 -23.406936551791745
2.190442602481463 35.270616470024315 -23.325076535624323
-2.1931434942663075 33.62592215950454 -21.89339439298707
-4.123626793759235 31.469760871142206 -22.53357697836151
-4.186462732564004 29.336315363455668 -23.872402934684963
-5.2935533944315045 26.386084977010565 -23.405500459183525
-4.68922751664419 24.06077758865262 -24.822656739491833
-4.418779002717868 20.189937048799226 -26.563266712630433
-3.9896350150443745 16.863308195510044 -28.286155335377934
-1.1838226782911572 16.254918287313952 -27.0697410529433
0.7961061749962626 12.635296946642635 -27.071795530347963
3.761664408916431 11.319681966839516 -26.87058799140848
6.954050712460999 10.082836880936668 -27.874033093090176
10.088376793162071 10.839076277447816 -27.811746896942264
12.803777624680045 12.266358812780094 -28.734306723313125
15.949914325566226 14.72398929318698 -28.01735580442125
19.84931543263918 17.143995339305775 -25.81454436276905
21.912589940072852 19.295655575495637 -24.471902793550132
23.356789863089006 21.829171945465195 -23.227771455812164
23.244809107476257 24.671713314798794 -22.990669814499203
24.81795084789787 26.532444151215937 -24.991285064066894
# level 22
23.557690087291412 25.93583186507412 -26.99396019195433
24.54176912326684 18.242463468868838 -42.68368001838645
26.35179590382409 29.863773364659544 -36.51982915477827
25.05288810030607 34.397739641026995 -30.390628670550793
22.781788469134217 37.75578162976207 -25.3817113694134
20.313361195977574 38.69869010552675 -22.165524917834567
17.394845203320926 40.13975397488988 -21.374717033991047
15.248806285849033 40.17695115134073 -22.079530501520715
13.029943749644715 39.558254516402 -22.449659656769295
10.119338368290231 38.60647354198163 -22.95003693503813
6.637640500062551 36.582522187130294 -25.284078767139277
2.8527269149206753 34.86883666664819 -25.42530398147131
-0.7160465041988546 33.15037972998365 -24.423428462447923
-2.2802641090222675 31.351228013534154 -24.712256425060176
-2.4421699739650364 29.568662941882003 -25.70469006111982
-3.35529964318876 26.85755173054553 -25.2552608760516
-2.7951577672438686 22.729605091688263 -26.02598225994576
-2.594920635336482 19.67226770596871 -27.262402198427722
-3.255429690291111 17.134661433170262 -28.964260089282156
-2.6961096847337274 13.576273520438232 -29.707096095578635
-2.2555937883038037 8.573423547240008 -31.383842308085
-0.11852997404977483 6.210977685012109 -32.53817615873257
3.37286720028654 5.910073742285654 -33.65665319241681
8.447151736193357 9.03067227702976 -31.400102768193687
12.570417115174385 12.541188230070226 -31.072763029553727
15.286443698684858 14.874073023780232 -29.82266589901498
19.044346890833125 17.71653810240447 -27.445598558262922
21.649019435844693 19.7456375728015 -25.104025087784883
22.687365514802735 22.09957450605822 -24.197214427116315
22.51601230869202 25.253130838163383 -24.500156920105173
23.557690087291412 25.93583186507412 -26.99396019195433
# level 23
22.182388769156216 26.38087105758381 -27.59387238714529
22.843782840672638 26.368504630817895 -34.335028990647004
23.485680489404068 29.7715636048223 -34.0608027487058
22.59086545626966 35.80612351248224 -27.48948547561866
21.38459744562276 37.496643249368326 -24.17288947807517
19.249057654528883 37.38248932753826 -21.930188351800442
16.61720649841934 39.45672746504905 -22.354537426247703
14.607905157914383 39.08698740270926 -23.49714022689666
12.52307167987023 38.59092453313395 -24.043523076515495
9.776469510527823 37.659099362921296 -24.924188690959966
6.584113626721271 35.85507040025688 -27.108950729415966
3.5320386593475495 34.501511355816916 -27.169742944197026
1.2206903335837709 33.10849220038564 -26.8610554504563
-0.12863673727964942 31.402256750400134 -27.15990137637594
-0.5776624810219568 29.570657128637606 -27.835570995706117
-1.7485275697169829 27.71974549830926 -27.02186513534504
-1.2779468546297768 23.370099548211606 -27.901008385270345
-1.4716868881952407 21.628831716983274 -29.0088660709248
-4.8063079174670325 16.231823037584583 -32.402294633961716
-6.325885918785707 12.299049397249853 -33.65191981827243
-8.058557318101316 4.637158632468534 -35.94355698477979
-6.2440716133635785 -1.5182600225310514 -40.071304351999494
1.5548093074032936 2.63350207817005 -39.89211522120658
6.864567348572096 7.219003571639566 -36.00899524618119
11.744402981659615 12.119954050044004 -33.59560594468417
14.941227626936294 15.367535375528503 -31.030905012341172
19.004154679149543 18.371260589544146 -28.002433261519958
21.05826090179401 20.33447268890518 -26.11709200099044
21.648766556669305 22.58675334949299 -25.322480442631196
21.600595582341146 25.213560619942278 -25.61175402629584
22.182388769156216 26.38087105758381 -27.59387238714529
# level 24
20.55598415257446 27.157661472046826 -27.530371628406854
20.998323324951276 29.331503858937168 -28.570813038596828
21.42979825020486 32.1594415896681 -28.856878573660765
20.802138474542193 35.145868055943 -25.215356572535725
19.418151904237373 35.79141244627769 -23.34581558777768
17.961476742910442 37.0435548193554 -22.92651989531508
15.984056161565078 38.54447565760705 -23.707067815016053
13.953422335702369 37.9192808067419 -25.106664827593416
11.961898696833765 37.55229682685158 -25.753516662917036
9.40494905287791 36.57030688341342 -27.102429034220496
6.537346788244381 35.12235111719878 -28.79070721084406
4.2161716255912784 34.08711859463855 -28.58950776703734
2.7683382654283744 32.98866462487455 -28.814283185978383
1.7930971997909886 31.400562785707024 -29.375983852136017
0.983923273343215 29.093502532152492 -29.808109718677887
0.06485097118738858 26.841075151799316 -29.57353679173703
-0.11538493946703249 24.879649890215614 -30.209929060150074
-2.7424193667938987 20.58116387843597 -33.03463669751995
-7.780049588951298 14.65745920615082 -37.705782808786
-14.159960615069227 5.763884234078246 -41.57051868876378
-11.607307599791387 -5.402636874784326 -42.540603282817614
0.9299316066660379 -16.15498161637189 -51.488185171472196
0.615267066271058 0.8879251030395742 -45.584069882797465
5.87724986788878 6.983475772426179 -40.16233235420063
10.864637726719902 12.428623712566859 -35.85775508588493
14.715080902874181 16.102050532259604 -31.979360651061675
17.499480984470928 18.414770941224322 -29.7649849708543
20.006630750128682 20.849924760396767 -27.577209543118578
20.344109793303183 23.186884840533402 -26.72587814973223
20.66504467277288 25.17775310060702 -26.748841116158488
20.55598415257446 27.157661472046826 -27.530371628406854
# level 25
19.538546599934662 27.311482093774657 -28.25894811222171
19.99968198365261 29.404423857456628 -27.78374539219706
19.411621452951152 31.74979374701853 -26.5684459836726
18.53670672117183 33.86828097281201 -25.226316628539966
17.483343503639496 35.49592445371601 -24.938163743294382
16.415126041787666 37.19797264233793 -24.702024754748596
14.71805068282545 37.06680988541325 -26.018063922996177
12.904306874995376 36.59762279366842 -27.259089731266286
11.045197876012264 36.12149953282575 -28.216919220638307
9.057318836874021 35.52026288861842 -29.120911716380267
6.806121141009914 34.54435576909538 -29.816854880588735
5.014985480232353 33.699173135913654 -29.924851469975074
3.5985171551708475 32.61403586624101 -30.03356645367899
2.42788050397039 30.94495521415701 -30.371788436329616
1.8020754324567518 28.79541134561485 -30.851862740894866
1.5050272221937506 26.384522487449274 -31.575793810765852
0.9266781815451235 24.97238368093333 -32.1319342471107
-1.0574374570705558 22.40504471373732 -34.196994948960665
-7.262631989163824 15.352816974280922 -41.62617026456685
-18.717808976829993 4.0501945487124935 -50.38869299784584
-20.367911657010485 -4.149013323444661 -52.60155560149107
1.4548166390780566 -5.930804446019051 -54.6774938469962
0.37930937927863584 2.395933073247432 -49.04668370556131
3.664986164404866 6.975605321076247 -44.804319150570684
10.570056036148529 13.573930889686167 -36.9500429797029
14.0524426670409 16.561806986149417 -33.177900612821745
16.268692875378523 18.806174521377987 -31.17428887602382
18.762290338416154 21.60851571736489 -28.896212467176014
18.992627667594867 23.656328860640254 -28.265136215411083
19.723537953855754 25.446515508631627 -27.610152707343687
19.538546599934662 27.311482093774657 -28.25894811222171
# level 26
18.36795779022747 27.648263474927603 -28.998810160884485
19.153131517289168 29.028159556053623 -27.893700701146773
18.366184051269997 31.081509391064913 -27.56074226244511
17.19229587542953 32.88366028324555 -27.679545422640842
16.00492975405163 34.33212778583267 -27.837886715873633
15.08110136779832 35.40888915081909 -27.657886890686804
13.796258021703865 35.53240753317246 -28.247071952939944
12.300071870221569 35.29939457509166 -29.103734714926784
10.425592922769024 34.89078987654414 -29.9682355237729
8.925752249684866 34.46976420376631 -30.405129296906573
7.151928108796701 33.83584219246386 -30.815519199448413
5.760914903591366 33.05360081938392 -30.99378838105568
4.588229421388314 32.06893508989424 -31.14289316567306
3.580622071726715 30.701839831639514 -31.391206675947355
2.749396498256792 28.596173821401607 -31.698466360556466
2.4830802772774563 26.58083128744363 -32.2636696290391
1.9256398377579134 25.043826467808017 -33.44643444708673
0.07631787749287813 22.80844876303824 -35.54795319432048
-4.269565942505606 17.466646187938778 -41.55094896473973
-11.296665389232508 9.740533793369584 -50.05986126466332
-9.846324563377408 4.800706899239083 -55.81145509513621
-3.3970813173555463 3.7417917510382406 -53.67122170186048
0.7911624666518551 6.540632480607519 -48.68720377893747
5.118858359933851 10.850848978213572 -43.3837890441923
10.335830967532676 15.247016903946212 -37.41605120449089
13.747088701231213 17.910097230336675 -33.68816534152578
15.897834567668657 19.969104677637112 -31.647064337134083
17.64328310045781 22.349098991233216 -30.0842167771023
17.88631466934091 24.024142237909043 -29.612405475009552
18.59586495528248 25.60115177177598 -28.909759280479534
18.36795779022747 27.648263474927603 -28.998810160884485
# level 27
17.05682999246308 27.67121791289393 -30.17440232584977
17.700828514708917 29.0903075196343 -29.217798383028782
16.89658183829318 30.446119244385525 -29.462218210801737
16.170725421280686 31.708207947708768 -29.57097447264263
15.186970797980251 32.85035239783001 -29.60151260367055
14.210061615432853 33.80425254170366 -29.669296287308125
13.272170650560119 34.115288458744836 -29.965137271571574
12.035114496826605 34.14681137399769 -30.396174767597174
10.454714914059764 33.88241866969004 -30.937057131483844
8.88212020725859 33.421583661285325 -31.562889880549914
7.680509048318483 32.89320561076225 -31.772686920619297
6.576136330737186 32.19119547034817 -32.05571066321381
5.647677469056481 31.430328130413127 -32.21248765689819
4.832724659104248 30.27635656142225 -32.38536586529132
4.1110993197960175 28.528186826373762 -32.570629068014114
3.6730364716450468 26.823214567031457 -32.86810918866842
3.216811265478054 25.614440116469908 -33.80392512011849
2.34691257809666 23.98843421538988 -35.36945145099323
0.7424302426605239 21.5896869246061 -38.05633547716715
-1.519634434587497 17.611780390937646 -42.81671737363328
-2.8003085428073042 12.854309309507972 -47.89693798536429
0.6126443877861198 12.130643030447184 -47.115059455272416
3.5671055765561492 13.166607802747723 -44.340425335285566
6.8653363706213675 14.895707985056351 -40.865116093885305
11.471637340500477 18.00356090059794 -35.90058909916736
13.721935338540181 19.9183184622675 -33.52288898222087
15.369535020298324 21.808932310712663 -31.874779544426442
16.173471192239163 22.99146255786446 -31.21773930974038
17.028054794995253 24.48112927309151 -30.549134934041597
17.679882677395696 25.838304046607917 -29.91030499397611
17.05682999246308 27.67121791289393 -30.17440232584977
# level 28
15.517320769726698 28.03871287015557 -31.209838309619812
16.194183768039306 29.129932262019878 -30.583033952249956
15.437791868306963 30.084069079791497 -30.760300714392617
15.063893679740138 30.84850326808651 -30.734825209145185
14.435499359850684 31.575295134178152 -30.898792377032134
13.728355317022356 32.21612533371071 -30.9404461854822
12.702671130802376 32.647718863732905 -31.111205059452587
11.545140443279468 32.92106551553739 -31.424608139361897
10.377125133177769 32.777412577646636 -31.835622039569586
9.308164441624488 32.32973816432622 -32.107705166281114
8.284564610941791 31.753710513150907 -32.43389783957083
7.481080796379837 31.2440028419644 -32.65219672342968
6.79066060515024 30.654018685169483 -32.75734077432555
6.240373630679455 29.569621486250337 -32.94860815481849
5.807897333786113 28.286419155599322 -33.17518388486066
5.468429480099098 27.148147688891548 -33.41646259737178
5.43142032214634 26.48739968278794 -33.745650297410776
5.523646167149906 25.54489871476789 -34.39222707241663
5.198670322934044 24.186182930310093 -35.60933488609054
4.536172401649541 22.298046250543752 -37.37572574397921
5.494610524555269 20.511869792305642 -38.881616069449215
6.077374661299861 18.707185280036533 -39.96966280758917
7.549391419963099 18.511444111913505 -39.059962303441466
10.035515345224411 19.85403180869097 -36.5815803657559
11.653530817914664 20.93214453945554 -34.97530186652374
13.150089276741046 22.102607181559417 -33.50495263616102
14.575199946753765 23.206846817242628 -32.3663647085916
15.604364822776544 24.140702692885668 -31.671250574546832
16.3102519070119 25.16479884351034 -31.147728091664465
16.602577343068315 26.405068704822174 -30.841064022149915
15.517320769726698 28.03871287015557 -31.209838309619812
# level 29
13.522462251315554 27.7583904325381 -32.28472688425018
14.519034165786234 29.327313762765524 -31.58932624486785
13.650691092097743 29.642226478516903 -31.902685366917854
13.313149796858918 30.07521492685798 -31.900858200040734
12.919654198613824 30.448636912146675 -31.937486876231045
12.309165513055309 30.72647217256352 -32.07711263972871
11.747085571863636 31.016952250046778 -32.16899091396049
11.102674210667637 31.176854958023387 -32.334451885509964
10.468752436200319 31.154717873207787 -32.47317222059811
9.802230327971781 30.916870429199243 -32.64332897517774
9.157273111106361 30.568491581992106 -32.84750436126459
8.706700144029677 29.88266499700071 -33.06284213820385
8.429277679901112 29.056127220721244 -33.27002115970449
8.157234627462572 28.48377285237676 -33.37243549947746
7.988957193540985 27.83013952767743 -33.49097700683545
7.887047438725743 27.16671694576045 -33.655470763410634
7.750919166386047 26.61850611264895 -33.90135893313008
7.828619311155105 26.015665578368907 -34.16163981798607
8.093715718810854 25.564762512445224 -34.28557233246056
8.621723021124337 25.14117824398531 -34.38562575416623
9.27869345641584 24.788631807161998 -34.46286700719856
9.976538626924436 24.51873562486747 -34.49187844626975
10.734091356543862 24.365285741499903 -34.367331331056604
11.34331889526361 24.220347020477377 -34.134432950934254
12.033078200350209 24.35959517300621 -33.75296723380812
12.663792470997803 24.677710148301497 -33.342213440555945
13.325717358486987 25.125644969038927 -32.898072036904836
13.847815403871133 25.58792192570146 -32.52072774288749
14.237089530491637 26.10938772811327 -32.206246734064244
14.753649728114496 26.619673150422216 -31.837296182354255
13.522462251315554 27.7583904325381 -32.28472688425018
# level 30
11.143618005331554 27.960400576774155 -33.09670242456488
11.143618005331554 27.960400576774155 -33.09670242456488
11.143618005331554 27.960400576774155 -33.09670242456488
11.143618005331554 27.960400576774155 -33.09670242456488
11.143618005331554 27.960400576774155 -33.09670242456488
11.143618005331554 27.960400576774155 -33.09670242456488
11.143618005331554 27.960400576774155 -33.09670242456488
11.143618005331554 27.960400576774155 -33.09670242456488
11.143618005331554 27.960400576774155 -33.09670242456488
11.143618005331554 27.960400576774155 -33.09670242456488
11.143618005331554 27.960400576774155 -33.09670242456488
11.143618005331554 27.960400576774155 -33.09670242456488
11.143618005331554 27.960400576774155 -33.09670242456488
11.143618005331554 27.960400576774155 -33.09670242456488
11.143618005331554 27.960400576774155 -33.09670242456488
11.143618005331554 27.960400576774155 -33.09670242456488
11.143618005331554 27.960400576774155 -33.09670242456488
11.143618005331554 27.960400576774155 -33.09670242456488
11.143618005331554 27.960400576774155 -33.09670242456488
11.143618005331554 27.960400576774155 -33.09670242456488
11.143618005331554 27.960400576774155 -33.09670242456488
11.143618005331554 27.960400576774155 -33.09670242456488
11.143618005331554 27.960400576774155 -33.09670242456488
11.143618005331554 27.960400576774155 -33.09670242456488
11.143618005331554 27.960400576774155 -33.09670242456488
11.143618005331554 27.960400576774155 -33.09670242456488
11.143618005331554 27.960400576774155 -33.09670242456488
11.143618005331554 27.960400576774155 -33.09670242456488
11.143618005331554 27.960400576774155 -33.09670242456488
11.143618005331554 27.960400576774155 -33.09670242456488
11.143618005331554 27.960400576774155 -33.09670242456488
