# level 0
13.339726601978594 30.816583926918106 3.0704694844275915
13.339726601978594 30.816583926918106 3.0704694844275915
13.339726601978594 30.816583926918106 3.0704694844275915
13.339726601978594 30.816583926918106 3.0704694844275915
13.339726601978594 30.816583926918106 3.0704694844275915
13.339726601978594 30.816583926918106 3.0704694844275915
13.339726601978594 30.816583926918106 3.0704694844275915
13.339726601978594 30.816583926918106 3.0704694844275915
13.339726601978594 30.816583926918106 3.0704694844275915
13.339726601978594 30.816583926918106 3.0704694844275915
13.339726601978594 30.816583926918106 3.0704694844275915
13.339726601978594 30.816583926918106 3.0704694844275915
13.339726601978594 30.816583926918106 3.0704694844275915
13.339726601978594 30.816583926918106 3.0704694844275915
13.339726601978594 30.816583926918106 3.0704694844275915
13.339726601978594 30.816583926918106 3.0704694844275915
13.339726601978594 30.816583926918106 3.0704694844275915
13.339726601978594 30.816583926918106 3.0704694844275915
13.339726601978594 30.816583926918106 3.0704694844275915
13.339726601978594 30.816583926918106 3.0704694844275915
13.339726601978594 30.816583926918106 3.0704694844275915
# level 1
15.279116880318835 30.106544373384907 3.6770919895358984
16.703724441224445 31.977248735730072 4.109773139501183
16.76894280489947 33.8176131911956 4.371178216472396
15.774601951382493 35.30078076857934 4.3851998918000215
14.459653613024388 36.608910280893866 4.2783587620714725
12.495799473418804 36.3638044091698 4.862661937782732
8.776659927996544 34.53650429162107 5.559608760276564
6.518082951608481 32.695059105611826 5.632199720686295
5.625324694186004 30.961787025870095 5.125265385578003
5.976322342997227 30.23576119269886 3.9423809537304577
6.453316352457184 29.99933007179184 2.077214485709881
5.9783125120600955 29.062816669084057 0.08243937653669814
6.741245468274951 28.210232500312408 0.13199002043484667
8.024117880743992 27.55744636014338 0.6427017609059839
9.381933220422056 26.519711701403175 1.5710842617122167
10.733140785523501 25.97691064754275 2.2025239581810387
11.985585298435463 25.942970481119257 2.5082348406926585
13.294633509187062 26.240017768901758 2.808319648002899
14.369415794164217 26.80307280113819 3.111967576188086
14.937926348170162 27.892790615761772 3.365723288554291
15.279116880318835 30.106544373384907 3.6770919895358984
# level 2
16.795624770192994 29.20996641818418 3.4539674689582083
18.460099526357098 33.45994649460581 3.7902441066265364
18.069514219454277 36.274613274380705 4.083739262414522
16.97928109427273 37.98884200181023 4.348366133663104
14.667614072240836 39.89310571882318 3.897887248515967
12.065419148237387 39.97292395872679 4.38320488447319
9.334169334979087 38.51049498357087 5.183093467634206
2.13374265029566 34.24422519307883 6.392756128891754
-4.016189290042149 28.458601245449884 8.49941495555677
-4.993049064907845 23.876019028617733 7.634160683254624
0.6604997068957442 26.09657232874231 3.3808823420461263
2.556296319154538 27.19256526816642 0.5193013466741719
4.053285743247132 26.904364400543614 -0.465642870731861
6.05170470975859 25.681071329791536 0.31253606711462667
8.035258139865256 24.38676162616317 1.2376800227284352
9.94384066470311 23.939997069111932 1.6020992268001457
12.192990414200306 24.346028745518563 2.098938085123479
14.234953552836437 24.728497556199986 2.5606901584798263
15.622388383917462 25.153769478003547 2.9434737679747593
16.51939471374739 26.530604275600197 3.1059502835313832
16.795624770192994 29.20996641818418 3.4539674689582083
# level 3
18.99017595362438 29.66234586223567 2.244105002335281
20.857077860928733 35.11613181197309 1.8682911516480787
19.69931759327401 38.790563062079784 2.196075780155102
18.19204959432956 40.79109037602364 2.3830505491098477
15.575106560276836 42.533540253205494 2.7799794820799093
12.756820512241738 42.40095500986341 2.5504562502115955
9.149930509690153 41.0839950244531 3.521688367522692
0.9029650084269889 36.997601925808425 3.877888132455359
-10.71752638016023 30.294792102657063 5.909230012492236
-16.074828451395664 22.3539677771246 -0.8603300199250801
-4.478616703358431 23.885555345248967 1.1564681887018637
0.5531744879234292 26.492649005980798 -0.7177845884194628
1.9779297443343942 26.007968478373613 -1.6320168940800648
4.52816554992552 23.75810314911359 -0.7527336297126097
7.419059383847804 22.375883025810296 0.3441506284779469
9.427306065865487 21.61092531410018 0.5943833322899317
12.103950537823742 21.8148771458093 0.8534939440533069
14.93829045014341 23.077724977824655 1.6787287735757788
16.835577226763704 24.005619045342268 2.410834434713784
18.263894912003405 26.06618527603818 2.1249626790827705
18.99017595362438 29.66234586223567 2.244105002335281
# level 4
20.365666523290457 29.421383641794815 0.6703434621200768
22.42820938155379 36.889423264472256 -0.0008723100557819219
20.99204095567807 40.207585192844036 1.251480372083693
18.897773079721222 43.59833996690389 1.6742721207081086
16.915345074662373 44.55060419300282 0.4540029665777522
13.725166425665643 44.222691278265394 1.4402897239126486
10.480040157815603 42.98306360133774 0.9988860054385014
3.804130904337865 39.83548175195166 1.2880762267267598
-6.921988808964475 32.08417079216864 1.6447821867015722
-12.622162370237515 25.837527033114927 0.061946244685860095
-2.4836583777303534 27.894289655430544 -1.775585275860846
-0.44700990309161537 26.75907632734689 -2.1293603240962486
1.2194742625706059 24.857827585574107 -2.790306995242828
4.058545216108313 21.106499228546635 -1.3867691366496928
7.127215682948263 20.278121874382634 -0.8477832114187479
9.63919081933798 19.50121666378336 -0.8364134089667621
12.282683901914734 19.621653016695156 -0.7578243239336988
15.622815932723825 21.28178367992845 -0.34388926220526483
17.90467967267204 23.14232235902546 0.631972322768937
19.2665579849025 25.340775375471118 0.6643672952010256
20.365666523290457 29.421383641794815 0.6703434621200768
# level 5
22.719351867947804 29.872053227322098 -1.592979892579596
23.74793625748564 38.08229889442285 -1.4443306944821825
28.66234725870966 39.3349072234174 9.880442760420934
21.455282093737715 50.03581515480436 10.186808391751008
17.635582666327796 47.73365586973111 -0.20259788856160155
14.766544053180269 45.847442750569584 -0.6626167906904963
10.803964736306714 44.050376724056946 -0.0869158703132332
6.762590747640365 41.613420450001854 -1.0416360253601329
0.897625268884751 36.212860082975354 -1.6181547362212334
-2.2610695424350253 31.60740539490889 -2.173850560595981
-1.54203603229896 29.583352523500782 -3.2867029656368167
-1.1082824605483155 26.900211725639217 -3.6787763554229143
0.764808396307032 22.23675916777212 -3.6057362245586253
3.9251449976646255 19.042604450228268 -2.440689771530037
6.934153337323583 17.910980086941738 -2.0889622342892786
9.9612413882199 17.556748859330305 -2.5268762325591796
12.941795172298745 17.82443088954304 -2.6746792781674085
16.292165494460768 19.372261222938878 -2.566677716239676
19.36090916837066 21.909525758348156 -2.707417469349056
20.94864317075134 24.609049892615175 -2.348798164665163
22.719351867947804 29.872053227322098 -1.592979892579596
# level 6
25.12643349156275 29.94542110797847 -4.769485838171375
25.359289907524257 38.952997820172754 -3.337515339235013
27.4067928146112 75.97718062182088 20.704360175987034
31.265196094314152 79.35681888321271 0.36334584732721914
18.40042761852909 51.5862439227227 -0.3806836060295037
15.84980047843595 47.31082618609205 -3.4794967984008545
10.803645595898377 45.324623997688406 -1.3094662140426132
6.913328791706451 41.90583522299564 -3.3331360203995173
4.279070362993196 37.39205811007 -4.07574611132512
1.8063089200427063 33.66097669924096 -3.7747764488730393
-1.2685831428511753 29.891713465243893 -4.513028922591226
-1.997909272100872 25.454401899905772 -4.67877195101464
-0.8886495989566386 20.02490174437737 -5.2353434684226965
2.1864660513436966 17.158250383856043 -4.653861841977927
6.239430653100866 16.018499114285188 -3.9892831138270344
10.418271206923308 15.554411877025615 -4.430746359124408
13.532739323118268 16.20116035362958 -4.953826043108754
17.161069465316743 17.44140179199108 -5.465139926532642
20.693491539814712 20.16247204652643 -5.9049932402300165
23.334530711696274 23.28758001936937 -6.2519828399722766
25.12643349156275 29.94542110797847 -4.769485838171375
# level 7
26.82216820230886 29.252956293340517 -7.2806869132687435
25.952329266374495 40.013043179190724 -4.7662972202615315
46.48625284527421 60.1924424125708 -0.43627080427995263
35.062073235095866 78.13943987785225 8.730615518297174
18.825829416006737 51.40967788982346 -2.8803774139435383
15.49818346953099 47.77913317318466 -4.980664769908818
10.525022731247244 46.07068487288845 -2.6456302769046434
6.6621753064481455 42.7581642673542 -4.891249755440059
3.6978061565237024 38.4566672039528 -5.481824388489561
0.25790331758434243 33.17022526630497 -5.019162438034202
-2.8516047357871397 30.012430144111825 -6.235319971061664
-3.560450109720046 23.735688616995116 -6.539799567753467
-3.4180672974888164 17.866858574496913 -7.971031943971804
-0.19293535894088326 15.221575720715245 -7.731862389850537
5.960712835334931 14.488583856116698 -5.901783897738756
10.404151808446143 14.080205018846554 -6.354315759318425
14.298567265156972 14.73856981132199 -7.253736374163992
17.72591232648184 16.121141235745483 -8.076282826187402
21.46259087728 18.43556595834089 -9.125162874676521
24.55544317921604 22.146190032202064 -9.179165109727892
26.82216820230886 29.252956293340517 -7.2806869132687435
# level 8
27.776991602058875 28.97516676408945 -9.25856451395999
26.387140190559926 39.627961207564525 -6.064271160373535
25.981346246064028 45.43782239556472 -7.650435467958683
24.71263485762018 49.87680995257984 -7.3955427364013495
19.123155920677988 49.17012835620745 -6.123295455267082
14.450885614857599 47.60967585508117 -6.429916706456246
9.928414543584577 46.039976425392084 -4.499501192683168
5.643064701818898 42.075833792987794 -6.56366063787956
2.4299825501587797 38.89619240827809 -6.766021325634179
-2.311014852851006 33.32374061129093 -7.170456986567464
-5.308280127380866 28.957355231905197 -8.696557494854554
-6.306003090847215 22.43159358573093 -10.085548290471813
-6.179743431439214 15.837299769177797 -10.597094105245565
-2.9988159597344684 13.565041599856412 -10.437573694106195
3.84334207569447 13.209619763691528 -8.566743418960662
10.252642027718046 12.835453413733335 -8.268522392727776
15.04821678019136 13.615177518126188 -9.544780690658897
18.64861339466991 15.660206876723606 -10.3268807785591
21.207676692134612 17.233204195458505 -10.979849467689238
25.47755268322391 21.762538511251233 -11.170785234516789
27.776991602058875 28.97516676408945 -9.25856451395999
# level 9
28.417547369272224 29.77875689521647 -11.0554286041636
28.077908187934906 39.400132809117636 -8.361312179881097
25.74720250438866 43.768980199968524 -9.072619743139361
21.861188009606693 46.856111077775864 -9.594092293776498
17.62177476309745 47.941323876693076 -9.30712020538844
13.44208882037976 46.9520337849287 -7.678507646383682
8.950872548648313 45.022962160481605 -6.821892375963863
4.919745385996582 41.70207937632652 -7.581064057385419
1.2040880913561776 38.23231095932623 -8.131064430543937
-5.142539916511169 32.39092439676752 -10.449773970987808
-7.397334520580232 26.106689167358844 -12.350751706726324
-9.425285647754924 20.958218748809372 -13.275082728924264
-12.536900198551256 12.501292672927278 -15.524960616213772
-6.358458319405748 10.684668068281566 -14.00041756130071
1.296449360977748 11.953294533583383 -11.884352063926762
9.77739785052053 11.608676133415711 -10.833252671609053
15.108743222602738 12.490744361654333 -11.592753194482633
18.46291993084025 14.896413173237072 -12.020275124707513
21.601352909410846 17.123727918210477 -12.578133644532402
25.75398637546028 21.844559135559297 -12.332293918217287
28.417547369272224 29.77875689521647 -11.0554286041636
# level 10
28.10851360093786 30.806839600746187 -12.421110206690056
28.546719558229675 39.17456647646071 -11.151158283710581
26.82096116295299 43.226228312986386 -11.63384582914857
22.9179689676554 46.58327599260251 -13.035352477032673
17.559364441453834 46.92144432283593 -12.235009705308133
13.402957246521938 45.86839532066737 -10.755851094457656
7.714447869155786 43.50930128913011 -8.288152794620165
4.514639197616357 41.14050079491616 -9.21340595934076
-1.3830541138455215 36.474601771749356 -11.165574044910514
-6.64226324834039 32.33532897226429 -13.804095775527758
-8.518484401114167 24.949707051148927 -14.895361517384963
-17.151576504937204 16.72904987702618 -20.53138431688062
-25.046597648438826 3.7057213465598307 -25.669662154099864
-9.922932216232926 5.957020309090136 -19.31249444919056
1.273767523421313 11.164295654356913 -14.106376798984913
9.340383914597442 10.948312792967506 -13.482812450253064
14.541424864570853 11.714729912817731 -13.35024090936808
19.113704508774354 14.418502052293173 -14.457028480150012
21.833091590772376 16.96044612795754 -15.344814957952092
25.538384597477698 21.413209290219566 -14.628605800994942
28.10851360093786 30.806839600746187 -12.421110206690056
# level 11
26.639928362459663 30.520920052964172 -14.867433343626443
28.889023067423395 38.87597066214374 -14.835625932878534
27.014230009984225 42.58196545239685 -15.080278697583571
22.517030454685848 45.85807413089637 -15.111376316125206
18.414481344193618 45.97122931141703 -15.25412554269778
13.61399746727788 44.44375721807752 -13.602842375303908
7.124324412047078 41.87051181884924 -10.96098484336088
3.8073443641694755 39.52811695591146 -12.965333829234012
-4.078561712494052 34.788989107683285 -14.818738369635513
-7.3783209522844935 31.0802229424759 -15.889771024849807
-9.373137602863606 24.643460725115133 -17.81187591308653
-28.59928278628314 8.401072289463462 -33.113001152218956
-32.358257142479076 4.91258439772302 -35.680745996891886
-12.868019538356268 1.442397252954779 -26.883008308123422
0.8491920349906151 11.109978826189247 -17.192790926686627
8.56246006657151 10.774046894867453 -16.211858628097637
13.779012267098437 11.399252794652075 -16.24080302969448
19.371446499893278 14.405276072021092 -16.837902015717454
22.458870119053262 17.379397857934116 -17.775500840830638
25.06435617100329 21.247724177533467 -17.26245323211304
26.639928362459663 30.520920052964172 -14.867433343626443
# level 12
25.330082562608922 30.13625805580648 -17.417062345933395
29.427766213967413 36.42563560282475 -21.120140047017962
26.980182002207545 41.1961373112475 -19.841357355830198
22.78840931374024 43.632779065858536 -18.066983005495445
18.419471586174677 44.579282857606096 -17.483671660008277
15.16015822667891 42.88085535029889 -17.92134714433798
7.244315301669479 40.393048214334314 -15.288144298951694
2.7512430552047666 37.98221977704632 -16.267130289485916
-4.228350475841689 34.43981080690465 -17.198235804181216
-7.375539424450954 30.56079161696877 -17.70464334337773
-8.905198627989105 25.205119467561047 -19.97447674253758
-23.549934864310902 12.43586006989318 -33.8569584033387
-35.59828369909469 -0.25728892984192725 -38.42140960313991
-8.041142254969628 5.504296127774512 -27.152277830072997
1.5652632268145468 12.858393523614225 -19.929053296525005
8.52462882323102 11.186236917112518 -19.545453076649025
13.299184129340588 11.609966498854789 -19.090186964830224
18.886295337094687 14.257959776072362 -19.750222120631797
23.051936076025036 18.171927175997165 -19.883246718381905
24.628025462062894 21.56885531337009 -19.110458789199562
25.330082562608922 30.13625805580648 -17.417062345933395
# level 13
25.08824337556532 29.830619598324205 -20.171866499802327
29.990694368837527 33.60648876014552 -27.080412888150917
26.869149105181513 37.879396535121 -24.972284035770507
23.244844239874688 41.56767503990813 -20.912748524631688
19.026559765111635 43.17621204073968 -18.691309666740562
15.243299104625077 42.22241467267713 -18.93624206325881
8.640984990936127 39.57471108841724 -19.2995379147874
3.471012543160523 37.09890297996334 -19.66067342391847
-3.8295832321249623 33.9871777673373 -19.209376978347485
-6.306982494272275 30.39974871727303 -20.517633940830237
-7.493687506682958 25.469650074524516 -21.850737059789882
-10.74320439640895 19.343531084881892 -28.340944968202024
-9.409518139246462 13.167059849675539 -31.71071775564232
-1.936863071395951 14.1795838119972 -23.85036594648929
2.2153550540178024 13.760639842230553 -23.549307695391775
8.26098298622381 11.99250433469133 -23.07922500010142
12.944930503278817 12.33760621209602 -23.70408080682008
17.89760329704925 14.47425131731508 -23.53946492993124
22.288573473019824 18.285966242740415 -22.761346694817405
24.071709808518108 21.99158772485498 -20.909479366628652
25.08824337556532 29.830619598324205 -20.171866499802327
# level 14
24.817069374669035 26.527933139579268 -24.99805303699575
29.079875300725064 30.358893199365195 -35.84055691446477
27.72532373340061 32.58858174819552 -32.8379869908674
23.190545447880748 39.526363316636434 -23.473229592166806
18.627926791209966 41.13709842336695 -20.185580971390785
14.781953339800818 41.134658090301805 -20.680614152133323
9.836083311013233 39.35698057800934 -21.00059350927888
4.0995599294941245 36.30485632287797 -22.770561993716825
-2.831471687310445 33.621425024444164 -21.2069894493557
-4.6557713237427425 30.19842080828827 -22.884556315402634
-5.577587749695762 26.174113620623544 -23.267712389337632
-4.874047669688127 22.32649727066071 -25.663320854699332
-4.12336603196659 16.829191149681982 -28.164866095790572
-0.29124985352302757 15.2506536577988 -26.82698109505843
3.0337398550441703 11.73824585971096 -26.547473144105368
7.833411796607689 10.45460835253943 -27.361495029291632
12.269642650797472 11.958831488788952 -28.340718042152993
17.186782044333683 15.330087477055738 -27.28516726623318
21.574692926719106 18.75269710400746 -24.74725365112639
23.40531751576706 22.818908205193516 -23.052936646720227
24.817069374669035 26.527933139579268 -24.99805303699575
# level 15
22.76156656728713 26.176331576689364 -27.268807298669884
26.862642130597056 29.792823092986144 -37.59297303689669
25.623749366267955 32.79658679023543 -32.5525693216949
21.65743120068755 38.59649777410327 -23.440950927547
17.101740515188652 40.037140334288964 -21.56459145298291
14.078373174032073 39.66912816494086 -22.639539835922566
9.790490709624788 38.25276402998584 -23.55921548027963
4.472321110654874 35.390330889207796 -26.34377775055153
-0.5448238400578391 32.97776156551832 -24.950495084384624
-1.9502864666645103 30.287626103878495 -25.791461062987096
-2.9581677594728193 26.87693328983184 -25.701601366398528
-2.236299691303917 21.205250250106776 -26.741090721367268
-3.5607957384822706 16.542932468704347 -29.728626475891748
-4.635636570941815 8.165364942065374 -32.74927795985718
-4.173118802173455 2.7955327373371093 -35.92284165474301
3.9153946678487 5.356892729873818 -35.38080239249544
11.164947374277691 11.212608898712004 -32.01220420251303
16.005740089380716 15.661924967286671 -29.72551328242797
21.164588369902972 19.63019246893316 -25.751419232258073
22.329287029461227 23.29121781801183 -24.662035667135157
22.76156656728713 26.176331576689364 -27.268807298669884
# level 16
20.557823139982425 27.15742997244199 -27.52905824214666
22.19749142320874 30.574795623441346 -31.458317456041733
21.41089884991116 35.315078265710085 -26.298675249082734
19.11955474037734 36.55927835996358 -23.00318296981954
16.14576575948666 38.87435091690275 -23.246608128395227
13.04003974861228 38.04692585691011 -24.966852795435162
9.25609464368939 36.75397981498115 -26.627271164048274
4.905506006980069 34.60583576547397 -28.39716565571522
2.4191811988205125 32.91379526929441 -28.549051984673568
1.0448670181206863 30.34807484167845 -29.34926106135406
-0.40123137892449057 26.865437117589217 -28.956709550082483
-0.7041658482144955 23.3062211443806 -30.263666520490723
-6.785720356039185 14.985062791654103 -35.75010482368049
-14.039085694755924 -6.670031891290973 -43.926549076130186
1.2412785448033328 -15.48311003678543 -52.60691723184692
1.4107314651039247 2.042038350265228 -43.62450475196484
10.09659982010794 11.071751913290548 -36.18158503366561
15.712607341396325 16.690059995159476 -31.050704540957128
19.934675891644005 20.520480396369162 -27.591658328403014
20.533783420104967 24.058331835230415 -26.444960377284772
20.557823139982425 27.15742997244199 -27.52905824214666
# level 17
19.106225854917497 27.46743833075582 -28.41398105507192
19.67090572352022 30.3344198265446 -27.46057932602337
17.993500769535878 33.474271397057805 -26.299135112240055
16.551424201218552 36.10765569158497 -25.609293089474082
14.26855254941439 36.63207752194549 -26.748811108451996
11.55885157314933 35.91536291150363 -28.575572893804317
8.843422589264094 35.192777306488296 -29.49004520481883
5.818853376551206 33.92581066557119 -30.12329904492727
3.616282239072349 32.28809274617451 -30.31293669077156
2.1587330886050475 29.690940023379998 -30.868108199011004
1.6906723655288545 26.274100923595356 -31.855978066121054
0.10793370853245213 23.611466555837538 -33.61744535427462
-7.737838808684558 14.833067533555997 -42.244419418610796
-20.498097311274826 -1.8882309040014533 -55.235553513306336
2.364324050421725 -10.668223605290189 -55.05647067862359
1.5125864654469316 4.23845466604813 -47.42262368220876
9.600530092342675 13.25594978010773 -38.174703204443034
14.423416708566227 17.51022895201304 -32.92098490523413
18.236479684985547 21.627362738568994 -29.496035630640645
18.83918890789961 24.51744153950682 -28.431256590975266
19.106225854917497 27.46743833075582 -28.41398105507192
# level 18
17.05687274699023 27.67119096732131 -30.174370226534293
17.61478943876746 29.61719728376756 -29.11542953672987
16.303793344774462 31.677535571278025 -29.464470946450263
14.763593274250322 33.61023327427476 -29.44648293616968
13.269074367105365 34.32414760233256 -29.83303432642612
11.171475651321009 34.156153538957746 -30.543805780222264
8.748870607609847 33.56848437225156 -31.462971463408135
6.894861695351592 32.654282979399625 -31.850816017367016
5.3741843603761845 31.448370131780827 -32.04937201075618
4.131524645717287 29.297467197274543 -32.31148217006173
3.2515402252127616 26.629719238475 -32.89119658994941
2.6505410534721903 24.75292847538342 -34.36346732779216
-0.8206345414883034 20.16833901758722 -39.50579181809902
-6.148297540378474 12.172870134105498 -48.58465464481969
-1.3808689232281317 9.43278236589569 -49.72801207941352
3.77713639035288 12.27132000982537 -44.41951630871658
10.631547208775139 17.149578888744585 -36.86317468195074
14.35163545952825 20.28445493522198 -32.900606402580785
16.20106087230267 22.88045356990134 -31.19855366393215
17.36691768280182 25.012572008352535 -30.23613844779075
17.05687274699023 27.67119096732131 -30.174370226534293
# level 19
14.545716582525086 28.00241126350126 -31.766329380749486
15.152601344532808 29.53031003344008 -31.125026586134314
14.497559809686612 30.553333945075053 -31.214933914168135
13.514588335512686 31.37747882267187 -31.437639344715063
12.243355216023083 31.955161129254176 -31.67297132080563
10.820882231055927 32.201008998726 -32.07550321807308
9.47250021434399 31.74363195712854 -32.40216241414359
8.212774510175347 30.993163693275022 -32.82484397461019
7.292880997189488 29.96847972620745 -33.046187839786015
6.638401329811871 28.583602935504558 -33.29999315919857
6.247091495683492 27.201810689553298 -33.639702802945976
6.103237429202429 25.97690029761979 -34.035734632453945
5.691648482553344 24.219673628491307 -35.55221072410759
5.7885568928865485 22.02275559794787 -37.37800112854438
7.193230447234816 20.323310978789713 -38.24864768228718
9.110529602603782 20.344506774189615 -37.14556782546813
11.347410673150582 22.03102531360498 -34.86095090045898
13.439099779962756 23.547933941580055 -33.00640157542703
14.671600483847843 24.762683254641384 -32.165007548602695
15.595554974681164 25.964901499806587 -31.47693191338439
14.545716582525086 28.00241126350126 -31.766329380749486
# level 20
11.143618005331554 27.960400576774155 -33.09670242456488
11.143618005331554 27.960400576774155 -33.09670242456488
11.143618005331554 27.960400576774155 -33.09670242456488
11.143618005331554 27.960400576774155 -33.09670242456488
11.143618005331554 27.960400576774155 -33.09670242456488
11.143618005331554 27.960400576774155 -33.09670242456488
11.143618005331554 27.960400576774155 -33.09670242456488
11.143618005331554 27.960400576774155 -33.09670242456488
11.143618005331554 27.960400576774155 -33.09670242456488
11.143618005331554 27.960400576774155 -33.09670242456488
11.143618005331554 27.960400576774155 -33.09670242456488
11.143618005331554 27.960400576774155 -33.09670242456488
11.143618005331554 27.960400576774155 -33.09670242456488
11.143618005331554 27.960400576774155 -33.09670242456488
11.143618005331554 27.960400576774155 -33.09670242456488
11.143618005331554 27.960400576774155 -33.09670242456488
11.143618005331554 27.960400576774155 -33.09670242456488
11.143618005331554 27.960400576774155 -33.09670242456488
11.143618005331554 27.960400576774155 -33.09670242456488
11.143618005331554 27.960400576774155 -33.09670242456488
11.143618005331554 27.960400576774155 -33.09670242456488
