# level 0
-4.140140537880134 16.171833430168284 -30.936755884093287
-4.260720215543908 15.7497086810398 -31.095135884013416
-4.387309516620001 15.313661552947222 -31.24723103487952
-4.457832200569061 14.665405471968988 -31.144259574543337
-4.3556387573499915 13.686012856926027 -31.248124485881554
-4.222159191813947 12.533742853411281 -31.41536231597535
-4.097073678139691 11.384023962534078 -31.590880138329542
-3.980465755631896 10.23744778359714 -31.77460812015775
-3.90636029387162 9.204281630378196 -31.994363727893287
-3.957665418057718 8.410855333109742 -32.30863935256158
-4.022655038178328 7.608010649373314 -32.63329637445854
-4.101309983623862 6.7962174009822185 -32.96815439906737
-3.678547819040185 6.428726797312827 -33.0409028189147
-3.126599370439745 6.177144917903077 -33.0485590271777
-2.7107839521790815 5.650740369734497 -33.26447426523503
-2.15476228243081 5.340688165318172 -33.47008906171418
-1.574341878516809 5.093007671442335 -33.67503232293684
-1.0074980859078333 4.886455979166627 -33.918901015646
-0.3463729740543013 4.703917786710377 -34.23054467572014
0.3115700280719528 4.605254325972987 -34.455450924656134
0.9884072910520583 4.674920556376018 -34.57186339944275
1.6604635828290188 4.740071459740101 -34.77646438727082
2.3114149132168955 4.951228045420849 -34.894001176159904
2.92975905285519 5.1069494281150645 -34.984102798185596
3.871235759011658 5.671126211469199 -34.557036226151986
4.924080056649602 6.376301438169379 -33.95363591671811
5.964231012726537 7.067295162764674 -33.370880614848524
6.68716374386249 7.509664663683694 -33.036133706426114
7.09166340731789 7.75141645067645 -32.93691980159869
7.568252641847207 8.113055318350986 -32.77929522880147
8.041349828520984 8.469244934049092 -32.63498040489846
# level 1
-4.451927128044869 16.09367744072295 -31.596447001811754
-4.571188105998685 15.676159837866717 -31.753092596514612
-4.689281880113429 15.121681725326786 -31.702800656585666
-4.7623730913270865 14.48176083586136 -31.598002659420438
-4.723472040325432 13.788769382468239 -31.613388846292462
-4.591421135682632 12.649067155039937 -31.778773568382476
-4.46770401345274 11.511915395188929 -31.952374080768813
-4.352374078215985 10.377905379687812 -32.13408844968306
-4.548607578697135 9.075546506813527 -32.38241120069069
-4.56828913964104 8.080427356440715 -32.74294907807369
-4.622659609115134 7.214813880638136 -33.08129848427816
-4.700431800162888 6.411939558488266 -33.41246806636303
-4.379747104047476 5.962645571621682 -33.53595584236534
-3.9104145968787325 5.545072500826462 -33.669290250798646
-3.5112076201285327 4.9978057844003745 -33.902686251068396
-2.970997350026992 4.676293476184567 -34.10864545839816
-2.5642994701047517 4.2410019057516894 -34.49929754439192
-2.074378995865137 3.889333090191612 -34.92128798996687
-1.3517765264375823 3.760924681816748 -35.18661609733548
-0.4035152310850692 3.8033440424801395 -35.363509163164274
0.382564410451924 3.9268941660399594 -35.55191772650918
1.0470731704146023 4.003365400106613 -35.74722952014262
1.6953132907620019 4.220481202174599 -35.87250847218789
2.321525813774088 4.404879062522371 -36.00036853713294
3.3245578789365102 5.0530160958541215 -35.46345571125449
4.365786869656674 5.750399967314233 -34.86673970804047
5.39460338914075 6.433877233089091 -34.290303471295616
6.436649217457141 7.13237722180133 -33.71997617894354
6.940942722155468 7.513591462561353 -33.52279892077013
7.412323613555293 7.87127546420904 -33.36690883693827
7.880251095659699 8.223576979427207 -33.22415313700446
# level 2
-4.763707634214485 16.015500511314276 -32.25611970084375
-4.877754083142017 15.54544604860066 -32.31587222979691
-4.991284584398852 14.929756992407519 -32.158461035510484
-5.0669296618683575 14.298062656290789 -32.05177309418533
-5.031455646561981 13.62767601812411 -32.061497203932944
-4.960626867957409 12.764319820042761 -32.14214404063482
-4.8383059836067694 11.63993239098552 -32.31380396545785
-4.917210409589491 10.396086233955613 -32.521376431079275
-5.180011550700158 9.043260490257364 -32.76327488901677
-5.220330628882954 8.03015843812872 -33.11110073082406
-5.254614275092975 7.044976370856908 -33.47599262306898
-5.303665721302117 6.058949648060681 -33.849119275240874
-5.118906793961619 5.412621989273736 -34.093530453269445
-4.779912102110583 4.7984262391374815 -34.390933337287606
-4.514073131078092 4.103790189903776 -34.76329368784743
-4.139821144494095 3.6307493361572973 -35.121298505938874
-3.781025923543846 3.1551997767527458 -35.56400917344512
-3.4676049102956368 2.6473015913209013 -36.125616103195284
-2.642359901369449 2.583525957515584 -36.34534814195794
-1.3683328755785775 2.8047883852021194 -36.38055704122617
-0.4604763764482971 3.016468305896913 -36.554225471234574
0.4797134369800082 3.298396181439216 -36.67799856126103
1.1516093662594218 3.5344345568252677 -36.774921189755005
1.908949384810127 3.879583428414525 -36.789820187090605
3.009256007564802 4.652904029219719 -36.23556436779385
4.0829723211496365 5.384098025016734 -35.6198099904242
5.1520215611308515 6.108613921190953 -35.02022628546243
6.064912311033768 6.774555864551435 -34.53695205019193
6.667126474039143 7.228142693469737 -34.257308734558414
7.18663026430562 7.6027580971006055 -34.03827068519497
7.698651504466747 7.97023314166308 -33.83754694629347
# level 3
-5.075406889811413 15.937370590981445 -32.9156270635568
-5.1810250085165785 15.346536532106033 -32.76970945446186
-5.293237400400055 14.737916855387104 -32.61407812937034
-5.371483040317854 14.114322146867238 -32.50554277622413
-5.336411446282906 13.451607226951836 -32.515150534070585
-5.308248525363387 12.78504857682403 -32.53502253743486
-5.279984247368913 11.722892578881059 -32.6852824865535
-5.525943704850388 10.385851353007599 -32.91545306354918
-5.785689226589785 9.048602961011785 -33.15454703604993
-5.87229618822895 7.979852500098306 -33.47922459006556
-5.9061672318756955 7.005889436344272 -33.8399492593134
-6.272891035386981 5.5562167812462535 -34.57608766779773
-6.401038954751841 4.250186120056215 -35.22172033019773
-6.046138469550607 3.5854101328655448 -35.54431143544557
-5.766028232468248 2.9208235675991383 -35.90551799137331
-5.361125215250129 2.517596067562507 -36.22377003615816
-5.005648087320895 2.045718783158205 -36.655798627004614
-4.711376915373697 1.4710595381130198 -37.241401299842074
-3.634380505408316 1.5891442960085946 -37.3767973155783
-2.353955050527637 1.8072290575576895 -37.40460905930132
-1.2761131047984196 2.144149381623282 -37.49288091893243
0.04805811138171465 2.6923214000698983 -37.47330963067577
0.7371752975518575 2.9371871976769963 -37.565391002892675
1.693209823122714 3.546588418233801 -37.36134656881684
2.8172209620311763 4.368664663550303 -36.93739861906169
3.8786572540390267 5.091495386438855 -36.32868911312899
4.925827144922698 5.804325779195534 -35.741768781447206
5.693106482585387 6.416661147371417 -35.35415159819215
6.352963306605222 6.926607034711203 -35.041372136488796
6.8664905700322585 7.296909924785361 -34.824878521468285
7.372628936082294 7.660163894105892 -34.62645201906005
# level 4
-5.380180214624161 15.744658386367934 -33.38749793672416
-5.48429232895258 15.147610434524694 -33.22352982714233
-5.595185577916156 14.546131481407611 -33.06971955996962
-5.676014941864647 13.93058537074931 -32.959281293117044
-5.641355128949381 13.27565696766418 -32.96877574937318
-5.71539115332106 12.56750959044744 -33.054504992249704
-5.942846192302891 11.597123697538867 -33.182559103943255
-6.171837570652174 10.302842538090818 -33.382624564273634
-6.417140451109503 9.003659489828305 -33.59642197676799
-6.835389135395617 7.464968771475563 -34.206520519227794
-7.184287059392304 6.031818030294049 -34.926999673786895
-7.6208674440606385 4.538004093882418 -35.738432546037984
-7.8020304841144785 3.211199183556661 -36.4328636596404
-7.430402648481355 2.372792586770766 -36.73335040445269
-7.182384749899681 1.5002786270220463 -37.19210940602098
-6.85683391936767 0.9615016924878035 -37.573074691471206
-6.351220613158632 0.5649760170034044 -37.92961618575124
-6.011502947920773 0.03281520597681553 -38.46705134257052
-4.80609003187053 0.27628769602580283 -38.51772190449424
-3.297254395732402 0.7500694351485614 -38.40264190987244
-1.8354967225816772 1.4781321638221638 -38.309458111564055
-0.5268811622207701 2.0198698557863737 -38.29010686530034
0.34969427970115985 2.374978808721356 -38.327180884146415
1.4775134687461118 3.213588593601439 -37.93296404654785
2.600469086745365 4.044633709045795 -37.55179748092473
3.6743574999948745 4.798911970457441 -37.037525545616305
4.562886057545317 5.453492419783416 -36.55462625077688
5.321188086145843 6.05866364026067 -36.17154129157604
6.038758673374277 6.625030115208574 -35.82555172551078
6.546252156631889 6.99098063744434 -35.611614248593106
7.061905614287377 7.370147076348115 -35.39468300791196
# level 5
-5.670663992882744 15.585622196699125 -33.852563547143156
-5.78527331868118 14.954604203931458 -33.67794800665754
-5.8970275962840635 14.354467440040564 -33.52523339462619
-5.980434373497258 13.746878008440053 -33.412855712626985
-6.206128989917859 12.973635014196399 -33.591053297915224
-6.506955214887762 12.163102629911977 -33.82400877745633
-6.699428250949544 11.230499633697757 -33.88885618814258
-6.886545723026826 10.086474182208782 -33.9843160549396
-7.275747886399329 8.549026430479344 -34.38296149292779
-7.918780545023907 6.679070481201177 -35.18891120316441
-8.477996347086213 5.034692216961403 -36.03194625160485
-9.010938323447112 3.491916288374206 -36.94834211029549
-9.202936441939842 2.1723165568716007 -37.643912539096576
-8.793487915065889 0.9290772631310568 -38.04460404482641
-8.652051271940008 0.07347027864250089 -38.5065512137774
-8.36024586079189 -0.6404922844984385 -38.95162425623482
-7.80248772846929 -0.9928603849682383 -39.29239844850682
-7.31151924459614 -1.4053209420230883 -39.69261059946442
-5.732702068939186 -0.8723212045560669 -39.518218593918334
-4.047430600149115 -0.27339784607168527 -39.293265200645365
-2.5900166666600475 0.4621722217206539 -39.195881039617205
-1.183792830157644 1.2004473502118311 -39.136136500838646
0.14874421402360105 2.04772213604132 -38.90988790992214
1.262511816166696 2.8787610767326806 -38.51164880793684
2.3716884690624673 3.7009243112307306 -38.13106472930774
3.4429612547590343 4.497157622662197 -37.764124816690504
4.200155844208438 5.102833699222544 -37.36731187135347
4.949321562160126 5.700712381778503 -36.98885486676486
5.690119312684755 6.290529154224867 -36.62886231727073
6.226070094955181 6.685108908860462 -36.39817916907294
6.848314416967472 7.205386528930493 -36.038807227990006
# level 6
-5.909819216539923 15.606395765162304 -34.37279960988667
-6.02301144637847 14.98309812731202 -34.200288939169894
-6.14164281941378 14.360539195669489 -34.03978616737353
-6.664281502761972 13.405665818490586 -34.1937843639988
-7.001395262238928 12.55932595245811 -34.36343062975406
-7.298509977412567 11.758756439036425 -34.59350859613125
-7.469080080916243 10.819955946857975 -34.62881258017548
-7.706612489416882 9.730258687469284 -34.71099311855149
-8.473453646837566 7.681130619811752 -35.52859874384339
-9.115663892856144 5.822569886134806 -36.286726121229236
-9.954512693707876 3.9322246443616864 -37.368944138218005
-10.62648593019255 2.249524889179087 -38.40049942116997
-10.54068504068901 0.5646648876757109 -39.074154869619456
-10.115117829056446 -0.840554235233008 -39.52700656659057
-9.997501228751535 -1.6351438222076242 -39.95856817876248
-9.243607238561925 -2.0985998155544165 -40.068109002692985
-8.578004748409137 -2.409385520509521 -40.33626398799524
-7.445980988523841 -2.2790099824638714 -40.37923118874198
-6.1776429938058675 -1.7879545017131862 -40.29536719535044
-4.797689520028411 -1.2968986241301441 -40.18390381547214
-3.2575464540852215 -0.5057932989980709 -40.07961479478267
-1.553128419568058 0.4388242758459626 -39.999942588439666
-0.07648706038038705 1.607876199538295 -39.67750871484908
1.060678475449222 2.491301170111938 -39.279755264139
2.15629081486783 3.3034202879795505 -38.90379526851457
3.1718364277502125 4.190174380840059 -38.48663101895115
3.8890201041935257 4.781675088216316 -38.133753496399585
4.582331241058921 5.345747209888776 -37.80136573861642
5.309252066990547 5.925418963182223 -37.45047404679555
5.914525656581134 6.390503833911715 -37.173055685400676
6.634786579450941 7.0406866726717325 -36.68295050172316
# level 7
-6.148994601411944 15.627124719758292 -34.893048864565
-6.260770434286772 15.01166397896393 -34.72272162247791
-6.446232048328325 14.340311802025173 -34.61492627902423
-7.283583237095227 13.132864484086712 -34.99927267708159
-7.710244408874565 12.227207853698786 -35.19977578896072
-8.068208764430969 11.375265919202313 -35.37909542580659
-8.884996949955422 9.713907587808324 -36.025982941431394
-9.638853382701884 8.069132125829098 -36.63811069859718
-10.66805365667481 5.8785106662406506 -37.610830481635865
-10.968491218830566 4.400638888265917 -38.01902577744545
-11.596761595936183 2.6932460900481505 -38.88411938166317
-12.378140612319475 0.8888555070526937 -39.998711578715586
-11.918710100103326 -0.8445272689562341 -40.501302653793566
-11.344628132980734 -2.5497485300557323 -40.94899648625294
-10.374776504985004 -3.14633896579691 -41.00446338890949
-9.547375746968891 -3.5901293852544804 -41.07701595043912
-8.98294346772091 -3.7461911333270423 -41.20506749244759
-7.270650515005166 -3.003950487623034 -40.923000799018126
-5.847917638609584 -2.430637134175574 -40.77157447379902
-4.530529798863208 -1.8191806827235404 -40.8572574790769
-3.4852075143463384 -1.1735289712612338 -40.93469081166653
-1.8021537530931928 -0.24075323178160518 -40.856019435996366
-0.41047703421229326 0.9854445680327266 -40.45914261676346
0.8589635311355661 2.1039559685241738 -40.04774192639467
1.8953334219657354 2.95638601651821 -39.640951309372184
2.877724564463783 3.8552501519348987 -39.21299531847659
3.6300195087112437 4.490009604026717 -38.85419729027598
4.314625080223887 5.0469953221753885 -38.52600989129426
4.993078640907658 5.597148640750889 -38.21423164145568
5.72985195005592 6.264016479525043 -37.77226046903794
6.438804742378178 6.902531888332803 -37.292647622162534
# level 8
-6.387127746204254 15.647021654504552 -35.41133036118479
-6.4985111175936385 15.040239072858828 -35.24512165185695
-7.052343311033939 14.069617487189145 -35.41403410382837
-7.878919139391537 12.877716892429607 -35.79344220009358
-8.409721616609758 11.904224583805084 -36.04354202170764
-9.442252176440409 10.248898870801774 -36.799548015859656
-10.638971460420532 8.226080320358726 -37.78682761911497
-11.585051787234518 6.379064088442941 -38.5835033716151
-12.3732301506823 4.3737639631383 -39.38297483521258
-12.805645793248264 2.7003331045115324 -39.91884790808906
-13.452686755029372 1.0798210329388196 -40.759745996259156
-13.819205783952139 -0.3211529604183955 -41.449166748324075
-13.490441043864223 -1.7632204115776418 -41.89757282201725
-11.948922984176864 -3.3085757909840563 -41.726612976177414
-10.78622786341703 -4.335208776152568 -41.897479702484915
-9.655505982404627 -4.9730043822489085 -41.951335170952305
-8.47749903873481 -4.756591691790383 -41.62299746982466
-6.912313559615707 -3.958074998552046 -41.38147375251409
-5.358296158071977 -3.078632512635795 -41.36019218571922
-3.88196388101502 -2.096557565677948 -41.520683404968366
-2.9847837156119708 -1.523088717855705 -41.63509721961863
-2.083095882899894 -0.8859138153464985 -41.674397265944535
-0.7463058254229491 0.3291347201956304 -41.332655264662364
0.6172776949550691 1.6100380480604992 -41.018362307340055
1.6138344031533978 2.633005301894806 -40.361793241502376
2.5835531522020942 3.520273210096908 -39.93936944455482
3.37107660276609 4.198396631578466 -39.57457235127578
4.050098047278607 4.775247878748604 -39.260350140245855
4.72927181164697 5.396632788988923 -38.98230816901007
5.506256692603191 6.113820082473273 -38.435142158730415
6.283280749310013 6.826066362737601 -37.823058593778185
# level 9
-6.520853281096716 15.656105917764876 -35.78143979651196
-6.856030541962757 14.969391041014806 -35.85638386544016
-7.658276841979132 13.799100529756386 -36.21299220138944
-8.480490735757918 12.613647875452308 -36.59330464913903
-9.620714979402381 11.000230740296603 -37.34787247288366
-10.819403278253645 9.14235714403637 -38.24049405552988
-12.043149071587713 7.226518647689707 -39.28031500745429
-13.208939039252122 5.299146784704956 -40.30728812327358
-13.873625397440518 3.2590412258956887 -41.016661705558896
-14.540508386173544 1.2450601676215884 -41.734096992461396
-14.77593373823629 0.22560816273282738 -42.20945487428549
-14.936270735092972 -1.05051648586745 -42.76215950277534
-14.551883087295685 -2.6762081832452274 -43.14228424434227
-12.580684062105249 -4.054542937217574 -42.530202624329256
-11.45369282298801 -5.208697821069195 -42.463676277461566
-10.119087927726866 -5.905881657483562 -42.3357664059287
-7.981899968150859 -5.75952664668659 -42.03122155359358
-6.477085166350804 -5.135773681372799 -41.93458280804501
-4.964603683789715 -4.386498820485652 -41.963937453738254
-3.5342436044600145 -3.1664245295295275 -42.15498740200392
-2.6175127843851005 -2.2432888296639812 -42.357788776785185
-1.813258462114402 -1.2460410976897933 -42.678487224798474
-1.093759794875416 -0.5429275528512792 -42.79128930619136
0.38368723046653525 1.0949617048728801 -42.30752254916938
1.4351950044811055 2.2156588216476654 -41.640450833623625
2.343383147940509 3.135979226911277 -40.958512745513914
3.120531085037472 3.9761102832463044 -40.320831407110404
3.796387505899589 4.593330632563596 -40.02918761044196
4.466590515861553 5.206508553687751 -39.75482434584139
5.263014872730388 5.942863427778867 -39.13316479929896
6.097783161580409 6.717637174292051 -38.407659018464436
# level 10
-6.599350953795754 15.709040338087073 -36.178733932330545
-7.513655283696788 14.614631321248577 -36.70755710081722
-8.327756176934843 13.439541786247883 -37.0699948538798
-9.154736888992396 12.248169224982432 -37.459768706112804
-10.682479364320303 10.289144114647897 -38.60868638876883
-12.087884127314275 8.349311907528703 -39.71055656248649
-13.466948616483057 6.4795352818699055 -40.8793886882208
-14.653829191518177 4.6109793002643915 -41.911162722058734
-15.364499199380571 2.610969171111012 -42.646841254622146
-15.837597707476817 0.8620760668626118 -43.185665402644595
-16.001312119000524 -0.31749065512456515 -43.57666390309259
-15.963727170772195 -1.747608378086818 -43.869946255111785
-15.552263563069474 -3.402854117307286 -43.984199133276164
-13.458089343934088 -5.1001219347186995 -43.29390972010732
-12.010652239841214 -6.54150866286486 -42.89596375656282
-10.566836316797412 -6.8570397993140295 -42.55078457600191
-8.033406590093117 -6.725325765077109 -42.08221873042595
-5.995861592592041 -6.221645094790992 -42.230761356356595
-4.568063775412343 -5.644714985546375 -42.562386804353984
-3.299319225769585 -4.324167855913508 -42.8846914517453
-2.169124390578439 -2.912597270211927 -43.232742730350154
-1.4290763449771284 -1.5802397089043683 -43.593343542164206
-0.6577517848821954 -0.6162901631242823 -43.718557342289614
0.2168112877092534 0.6328694799302207 -43.55662040141543
1.2741296910889124 1.8500026294383112 -42.891380872660505
2.2069606185478707 2.9816128493405976 -41.94844191173511
2.9252600203019994 3.7942598846333087 -41.24955499044066
3.5427419543510825 4.411470583623928 -40.79796850435069
4.2039328562204625 5.016403098492931 -40.527293165812175
5.019763106169533 5.771903425270992 -39.83124833077521
5.843325965232511 6.536277376769842 -39.11548400411646
# level 11
-6.68192230515556 15.741271984923916 -36.67805113160149
-8.179651576621989 14.116399410616575 -37.68766257892571
-9.00059795505079 13.016778111923248 -37.98381425278105
-9.931711660455106 11.76889306442863 -38.43708193926358
-11.661352742782562 9.664948259132508 -39.86446191686391
-13.552471819989927 7.4210792542604045 -41.41723453688266
-14.987481605212729 5.523443905651481 -42.6252814524712
-16.0867833416591 3.8439324910722883 -43.533780462983444
-16.655133972292518 2.2037174464626546 -44.09391016911388
-17.134685605923384 0.47923828374358746 -44.63723124814859
-17.41982635021387 -0.9379764388883741 -45.0429883181367
-17.20786156704481 -2.4396385704980594 -45.05089259972523
-16.610485126272756 -4.056292697028516 -44.7525945502759
-14.26703359326282 -6.357211582404996 -43.98317090160781
-11.986610656169756 -8.320684364052331 -43.216471383817115
-9.358181905514002 -9.141378612212536 -42.20270636990108
-6.973126623622799 -8.329361539924655 -41.80682364870145
-4.596141012988447 -7.288422022215093 -42.2812511576261
-2.9320927735609628 -6.159849804320835 -43.20930654560742
-2.279640163232273 -5.1135212423565655 -43.90241850026088
-1.3678214914977098 -3.7836815255289493 -44.27276660960795
-0.8519129608313483 -2.276915016900719 -44.61085297479612
-0.44647071616962675 -0.6504425403394614 -44.59928208205263
0.3044615409982675 0.5370192853148714 -44.45271034594116
1.1629568605907907 1.720808708880783 -43.799570306080085
2.075342305490835 2.85652441941394 -42.903126068856245
2.7508112816119543 3.608709576886147 -42.24851267634596
3.3325074981056306 4.222367391147369 -41.71071882831877
3.959013470337774 4.843400048569611 -41.25049336563505
4.7722756832684 5.604028711193883 -40.53301462647061
5.553547825862488 6.379032543612282 -39.85744053186789
# level 12
-7.149222735107941 15.39065693910457 -37.438763025543295
-8.70031438327106 13.730700845324275 -38.51299188751601
-9.655117688853172 12.533904851435757 -38.95975390662924
-10.81495920698144 11.224860172595656 -39.81024911243588
-12.736587080114207 9.052486475032982 -41.35836263182966
-14.689248877378887 6.781843640949896 -42.96703935362838
-16.238222570156015 4.832012375473421 -44.19939097334682
-17.063964551939872 3.3961843685450095 -44.884905297803954
-17.574247341978484 1.9494830984721097 -45.201700188477375
-18.104139841564926 0.2165107024498985 -45.77213323046236
-18.853256192374218 -1.6384219192783807 -46.48491821856359
-18.547077414747342 -3.1571985731944645 -46.40786494203598
-16.97273797960791 -4.681496600503342 -45.31178905028061
-14.650523568499018 -7.238629883453685 -44.56913995385537
-10.839343763425791 -11.1594087531043 -43.535183037529414
-7.860421587993189 -12.019776687286651 -42.13638473849534
-4.642192527588748 -10.453133083093672 -41.448430340177126
-1.951348854463732 -8.737917964749776 -42.19598691518622
-1.2028231070574205 -6.607645203908739 -43.852025019982136
-0.9652088209538365 -5.338375084190229 -44.77154274423004
-0.8001487587184171 -4.482693310929255 -45.36009935725738
-0.43332284504725205 -3.1282340374690567 -45.746345106947444
-0.3598075526797719 -1.046026153137004 -45.529398417698346
0.2029357987341674 0.3655186075315401 -45.371213770815544
1.0738878335002748 1.5327527393062201 -44.609677409679115
1.9440807271197007 2.70994790846443 -43.77892119982505
2.5971334478462813 3.5080003370342903 -43.10293689036892
3.1790054261423353 4.147132683962948 -42.514757937929446
3.7391317390958267 4.785586436571165 -41.9563213034187
4.426262211932402 5.503583944272604 -41.331806970607204
5.196553334482384 6.26768755395848 -40.6657132446363
# level 13
-7.616556303189843 15.040020321708669 -38.19953848992296
-9.14514216782633 13.404152912812046 -39.25819037587643
-10.580707495991474 11.878539515628518 -40.369378244991225
-11.768199630377046 10.560396306837577 -41.278926491956184
-13.602977346630016 8.529250854476258 -42.765508132304205
-15.77750285683665 6.204956682538247 -44.586314611938015
-17.078274468928594 4.492819954695209 -45.52953905757313
-17.955078518642082 2.9597940120199286 -46.12497110793505
-18.461179786989273 1.5780326607550315 -46.4052036534461
-19.125422777408914 0.0004962601147271428 -46.91517173114558
-19.886181641360757 -1.7263661475965575 -47.599224367949674
-19.424814868916677 -3.6960598432725833 -47.690237994701036
-17.48610828517637 -5.463558315087904 -46.30697845669667
-14.772989791450076 -8.041437720033981 -45.23674479676935
-11.071065474616123 -12.398417914871903 -44.54231915433356
-7.103472881546231 -15.181798848526986 -43.53488118363907
-1.839586578567836 -13.139507655821074 -42.043914193222264
0.518248744787548 -10.151876327262594 -42.933677901454686
1.1215994244275103 -7.324173795349109 -44.893009440274504
0.12426071351011889 -5.600805555723561 -45.75217800116047
-0.09497244641280293 -4.578868216613133 -46.330880195988144
-0.16706205478410735 -3.4239919290261294 -46.900573065576715
-0.0718871190563697 -1.6043142509935504 -46.550772491788656
0.11227170854878848 0.19394897946913586 -46.237291815363264
0.9402820239721306 1.3921596496375637 -45.35367361894126
1.7633825180240228 2.589577518779599 -44.483496074907976
2.4740043767282436 3.5322501130132338 -43.74549659413971
3.047471193256755 4.162153272850746 -43.16582398679519
3.582021727134995 4.790573310725561 -42.6294993950078
4.110327137159022 5.419303498182304 -42.110590938545066
4.8394824908504415 6.156313332776441 -41.474147679131804
# level 14
-7.968553225935068 14.822879907966943 -38.96020590671604
-9.307656879545858 13.404675425199452 -40.00470606657372
-10.789761995245435 11.848402795774964 -41.17511747162462
-12.33581894678457 10.234521939599064 -42.42782671645079
-14.414140708054036 8.075035499520375 -44.13969990649565
-16.471934249569948 5.874107721022709 -45.86646668690955
-17.794750171392334 4.176542795609151 -46.83964890918509
-18.523401378815407 2.953067310145256 -47.224401655078246
-19.201738041179336 1.559456029490316 -47.59039699970066
-20.22208653878065 -0.0064186725315927284 -48.15999223981004
-20.778883260657842 -1.7571510030533894 -48.68920061624937
-20.643691223848183 -4.002259390944611 -49.44355266289359
-18.440035766544934 -6.569205808473056 -48.545681173338394
-15.713344230892211 -8.731749202971942 -47.348585537371115
-12.185280372157887 -12.799799536801354 -46.755429032128596
-6.821721519152643 -16.86859863429171 -46.31813203245588
1.0347475152169452 -16.33067657698774 -46.01554599304856
3.5222838481647583 -11.071862507547298 -45.70200158761733
3.150564079179442 -7.814764925907021 -47.14096779286086
1.5407787901648033 -5.618425906359887 -47.6562423777258
0.17080619285400328 -4.123598814633519 -47.904679989301044
0.03564273403692873 -3.068717176696497 -48.434861934498
0.09477033535537104 -1.2884272970114874 -47.84274626926735
0.1522149325244032 0.3896182002985356 -46.76395175711701
0.8270863071742894 1.3694739327048258 -46.0015983537585
1.5826435245932933 2.4691573580803436 -45.1881485207851
2.3509203769330305 3.5565236951541737 -44.38792725408849
2.9009558291420356 4.176240263312066 -43.828757926421105
3.424894132053523 4.795540964836684 -43.302699366646515
3.945438287741416 5.415041488397031 -42.7914328076927
4.482473692033336 6.044961548043192 -42.28244798555852
# level 15
-7.87769228592866 15.015051512161838 -39.55167646429729
-9.240332976162893 13.58539391148986 -40.60977105551147
-10.53127852956407 12.289655688459732 -41.771452980016605
-12.15850822940343 10.616977970972883 -43.133658263018766
-14.795252862164062 7.943709686696233 -45.154269120997164
-17.025774811434037 5.634699428910871 -47.026031274094066
-18.218278238784293 4.12540079842132 -47.898985130938456
-18.959186452689018 2.9455098225590604 -48.30524098966364
-20.10517702844735 1.5772319876626135 -48.906676103078944
-21.122700524120667 0.1950662408393923 -49.50796718035444
-21.45829320582755 -1.3661823734905045 -50.28630795907398
-21.07360825523604 -3.7528213874231744 -50.87181571507439
-18.724564885823295 -6.570491485203701 -50.219202505733044
-15.760194058486192 -8.895310191985459 -49.07549658333534
-12.553291970469601 -11.328706913320786 -49.449589634495126
-6.590858197293852 -15.20332390552003 -50.890842963097334
2.0793981817745655 -15.128695734303598 -52.29902052972599
4.5074662804439996 -11.286899666438131 -49.990069682748576
3.867730482383238 -7.788787596551494 -49.93292992160525
1.8916343550141823 -5.085769543952612 -49.816375548562206
0.46699682192186903 -3.5900466608729755 -49.656462790377795
0.08483815251190757 -2.584242463649702 -49.52224447402095
0.14796914006093617 -1.0120206771704008 -48.323518188661495
0.21774737214931128 0.6254802338505825 -47.26763438609771
0.8823666814036233 1.5904542194521478 -46.51687587087856
1.5482710084925648 2.5603673033681598 -45.77728359204504
2.215066592059664 3.5346364600443714 -45.04925588834524
2.7517808042062546 4.190629415554171 -44.4940311909938
3.2678605490666834 4.800683919380793 -43.975270332269105
3.7782382801427334 5.4136904495151565 -43.4702533252689
4.283134154675142 6.028923612257941 -42.9790392441065
# level 16
-7.393205858053186 15.503489874325918 -39.880540193270306
-8.734824916790043 14.095888356529297 -40.92229109937372
-9.9911961864806 12.909058188972534 -42.150004028390995
-12.20035263407665 10.73700579028313 -43.94132417916596
-15.061095853859008 7.896955283418996 -46.11911840420909
-17.195285788965993 5.671325261883164 -47.95727443550202
-18.44547187208187 4.2412449022301155 -49.01778091348016
-19.364105627442378 3.1027592587884385 -49.56284020599179
-20.441341555905325 2.032922167712445 -50.1460333334256
-21.332418532646145 0.7550307558359286 -50.71000620018536
-21.68174128442378 -0.3856283490503728 -51.94858035617122
-21.260573531834147 -2.449501590465437 -52.99068277652678
-19.219069651035404 -5.635186267703135 -51.753398747458604
-14.996516092360144 -7.2640096874674 -53.06429550109351
-10.644116630387648 -7.095750843688309 -55.96814823806107
-4.44091006824316 -9.883940353884656 -58.136119532676226
0.5070615989834111 -11.245235822766922 -56.51461604217474
3.1552435419936176 -9.051352624746253 -53.81251831395466
2.8900229179367622 -6.669556490549142 -52.34099984280406
1.6072915660145106 -4.598622555827196 -51.697010861701976
0.20970199097506315 -3.013157982271099 -50.75276103271969
-0.06485651034690786 -1.8788002614524064 -50.22005635175458
0.08984074153988997 -0.514657829001365 -48.932804815557894
0.28336129637872814 0.8614453146551974 -47.771162311228686
0.915457282341459 1.8278369500171314 -47.006918838699434
1.5371083359073794 2.8079079391369834 -46.24070093425702
2.1174997715819703 3.727444853804748 -45.538138366036904
2.5205338614976274 4.311189117734739 -45.102837863286325
3.0281835982438157 4.912247392762497 -44.59227382516451
3.5306938713316347 5.5158020303673 -44.09503934460909
4.027767333813157 6.121489363458478 -43.6114224371822
# level 17
-7.1853092072741775 15.670910669367077 -40.21273306452756
-8.229055919605479 14.606656204784244 -41.23462157662634
-9.975734027170096 12.929798774037822 -42.7895360207237
-11.870573064127303 11.108224938204819 -44.46740148641709
-14.776058473142474 8.284844481352783 -46.77503205875441
-17.194810290017262 5.85962126959103 -48.73932992501784
-18.2857317059924 4.561055851810187 -49.786255224992416
-19.402471530546705 3.408094620418227 -50.61802362294157
-20.562061974857055 2.369514896791403 -51.25827136701338
-21.097997011451014 1.5053887398565093 -52.513162338657786
-21.2973280351227 0.5109272797353304 -53.90409500903671
-20.6503492573201 -1.1551890228061765 -55.362225483608704
-17.746282007397802 -2.6231293594182388 -57.17816438294922
-13.288226674274208 -4.182987274066519 -58.931488922116884
-9.6112475943366 -4.551128962650422 -59.46893341059107
-4.683149412958908 -6.5503316590685525 -59.07721006325525
-1.12713506617381 -7.916847024835207 -57.934702091326976
1.0083685733731416 -7.0600170811962855 -56.004922013167274
1.4982972363662614 -5.436612170562896 -54.144453959477175
0.571880421275841 -3.5872153637460786 -52.90337360719697
-0.28309345495770344 -2.3241263816717312 -52.07535414158784
-0.20032555625386947 -1.1568918981504763 -50.757019071908715
-0.04032627326490627 0.19469042099385186 -49.40241888510164
0.2823678758388045 1.288596431405849 -48.23562523986787
0.8736080266784101 2.1214264273368832 -47.41269649020106
1.485428823962137 3.0860135773463018 -46.658608849050964
1.9836387676003446 3.869895699992556 -46.066455119686154
2.3484429722059037 4.440418537948515 -45.663472517680106
2.7885579406830825 5.023864010389721 -45.209218515391754
3.283097778011081 5.617830164566721 -44.719856184502646
3.7687376743857253 6.208713643562818 -44.198059775664426
# level 18
-7.013180926692797 15.78506896064464 -40.556657210389844
-7.930894174244292 14.796453871471993 -41.630940838199784
-9.848208887264924 12.997959667232866 -43.33528492584114
-11.70080573184946 11.221464491733263 -44.98231438272076
-14.481671850939751 8.54521622589624 -47.227190492944175
-16.78409108788345 6.325622412927041 -49.19066624863616
-17.987431847429487 4.980651243499709 -50.623258125064986
-19.07140445790414 3.839190079319169 -51.48524483798406
-20.143383372375673 2.903813118844879 -52.2121599283267
-20.616915736582857 2.12853438271997 -53.670519385969826
-20.428733604596164 1.2004400138542324 -55.46964588410191
-19.679673518889587 0.14014714893197025 -57.0831483493096
-17.215326137928333 -0.9223322181242956 -58.915628685838605
-12.890092181105317 -2.431954049586283 -60.14291545703847
-9.275437247325915 -3.1243943181501925 -59.86716537907908
-5.081029499868958 -4.559774583927962 -59.246005038023384
-2.6932543405966705 -5.237336338228152 -58.43122839187092
-0.9032930874481244 -5.04878332693191 -56.91763570983315
-0.3705294818572924 -3.9185144901658546 -55.40860027303547
-0.9131632984817903 -2.3070416911075706 -53.96863290654968
-0.867049278833798 -1.5325527108077672 -52.597336096561115
-0.4049489579578388 -0.3785888920266006 -51.110378803825846
-0.15830581326210527 0.9182959728398228 -49.733950410916755
0.2831066725566241 1.7895919158670859 -48.721533079143796
0.8425138246725133 2.4772155801925773 -47.84799411002633
1.433679265610232 3.363945668440677 -47.07654092789439
1.849842407398863 4.012452072629806 -46.594705254031176
2.2086927518765265 4.573645723314383 -46.19828030136749
2.5645400181231093 5.137674343235382 -45.81331756749264
3.0352169950946193 5.719333752607378 -45.34203467509562
3.509401820244477 6.295591926024154 -44.779040906544445
# level 19
-6.754777484105849 15.90792060660753 -40.99357451141707
-7.657238119207473 14.935741798405244 -42.049978266426635
-9.531181852530679 13.176461166986826 -43.71885408403534
-11.43508936225861 11.392851885906438 -45.412383901364706
-13.949124548741247 9.074002824080985 -47.456418315571426
-16.238126910351987 6.8715652255668624 -49.39946262176881
-17.423296318869017 5.49053990613414 -50.857668843250195
-18.579918456609303 4.264156379981805 -52.14951726762483
-19.691003071346326 3.4034510116844787 -53.054216153600734
-19.67934638363107 2.856430184211051 -54.689808655611124
-19.233079591876727 2.124093765811786 -56.58980861489629
-18.16114727965551 1.3211344407125163 -57.954963481234415
-16.54848914587396 0.35643778436037327 -59.20166794369785
-12.819835223903596 -0.6391218454764026 -60.00607006972433
-9.299171257099724 -1.517698209128182 -59.85973116799846
-6.266215304189149 -2.624060625013638 -59.2873865364439
-3.963357079602095 -3.479229248787645 -58.51135515025994
-2.3866215819251604 -3.6934954822324952 -57.507922621701134
-2.1945032366267183 -2.380176601471648 -56.14254674912917
-1.7424647267160693 -1.5014308322483076 -54.62425310043371
-1.3367120173006715 -0.8154704276560644 -53.03297793063111
-0.7820152733536287 0.4108095930302916 -51.537511359714316
-0.26618059938980526 1.625079675828623 -50.07663991550876
0.28384929306535056 2.290620826996826 -49.207462925620845
0.8206461321096165 2.951068334740615 -48.35037716807993
1.3563955213276384 3.6299870284220552 -47.502822347639395
1.7120699254981253 4.1857055925186035 -47.09481691694076
2.0635644057419587 4.747992405007283 -46.695562546978046
2.411509114506014 5.317440916406077 -46.30383529822902
2.8520819742580987 5.885969328955261 -45.76975425068892
3.3376819575071544 6.472404568665691 -45.175434315349534
# level 20
-6.496422698924748 16.030735680297337 -41.43047343853199
-7.383438984034545 15.075176020386746 -42.46888547625713
-9.187285895041454 13.378012682678143 -44.08066218964337
-10.943878622267581 11.723130260079392 -45.652947159909246
-13.319829898236604 9.533132614146922 -47.6127340593214
-15.669645702142393 7.286094838716862 -49.757405390522365
-16.8629572386621 5.881844914700878 -51.192589554834036
-18.006625258255532 4.604565363966818 -52.54158076649803
-18.677040819984484 3.9691367919649894 -53.734690209073136
-18.6792884628479 3.5423401043872214 -55.38943634879652
-17.70888792017992 3.1059967304579965 -56.889439352133095
-16.55836153604528 2.413394051602207 -58.19265161982735
-14.716874253056382 1.6926792933546024 -59.044189285642005
-12.36272104056905 0.7707092722990075 -59.54296456759628
-9.385537722677725 -0.335410758682752 -59.644620884142256
-6.778475282609714 -1.368351187194326 -59.07427596567388
-4.925634816116985 -2.0052775502389415 -58.41424719547093
-3.513186205493786 -2.2589500569498373 -57.57090103673644
-2.7929136786613458 -1.9138221385122358 -56.44303320974586
-2.2360534653743653 -1.0347619466500924 -54.95359982893981
-1.7816254930072222 -0.22196835815360422 -53.42054964944634
-1.2154590765886084 0.9068215142628516 -51.98400329784609
-0.5762221830896375 1.7463286142060155 -50.68763954140826
-0.026311523721309404 2.4283684009011726 -49.743820307056005
0.4949994436826691 3.0703340317979366 -48.902581653839974
1.084319040296511 3.855408296857496 -48.05105110926826
1.5514895170081002 4.5302988468614895 -47.44093280380636
1.8970056474903105 5.082973942571288 -47.048456000538096
2.2415400035652424 5.641983189272487 -46.65932338634178
2.758832088414412 6.189687826375789 -46.00073613958985
3.263513597236085 6.749839677764994 -45.36641112804845
# level 21
-6.292991879229457 16.127223420391314 -41.67097961710042
-7.090091864578261 15.221517169906836 -42.81346624330093
-8.662574986939209 13.699559867382433 -44.30709807706235
-10.367807052972921 12.08007959097884 -45.83863339217403
-12.747410350065365 9.871657065800498 -48.04477858901416
-15.07346675801227 7.653490255353487 -50.196696988847904
-16.25768179206906 6.273463855917949 -51.590742685049804
-17.12787244364262 5.1361056617064245 -52.77714378336127
-17.30554140386183 4.666808631882583 -53.982229818696105
-17.233502889098272 4.257807589294579 -55.267698705406715
-16.181842805351213 3.823377653773931 -56.868809629179665
-14.90004345200429 3.3169875401983555 -57.857337015912634
-13.485079970044954 2.573280442197347 -58.605467693175605
-11.83657120139084 1.4892087770153537 -59.174029405718116
-9.368945017750043 0.6359471096800111 -59.15699853922
-7.3700442138011155 -0.1365372853618123 -58.79071743411565
-5.658766205350761 -0.6251990133328067 -58.065946858966306
-4.222545776293009 -0.8253101080624783 -57.069067593683016
-3.463681673473995 -0.593946477256052 -56.02716491007848
-2.8337173223417667 -0.2637554572723929 -54.96915971149332
-2.1752175324929417 0.1844879692206262 -53.88963679565822
-1.5404703505642978 1.007152357388707 -52.60320692779235
-0.9124128982563855 1.8319396641840924 -51.329517794722996
-0.3428316422234981 2.5588535286362375 -50.28129626416019
0.2179405150834737 3.2807373762667553 -49.440547414633784
0.8122430077136179 4.080871637113218 -48.599290665683924
1.3909718684492236 4.8749251527193955 -47.78695907217367
1.7304509054991097 5.417972032846304 -47.40134764884938
2.1520385799113786 5.958370517556666 -46.888467399557186
2.6602535885889553 6.496475256701201 -46.241439612766165
3.1664171967091344 7.04098131438375 -45.59942562020682
# level 22
-5.994497461820021 16.26312477990671 -41.89106029844586
-6.696476092953565 15.406842087613501 -42.99702322848023
-8.145164259368071 13.975669957477084 -44.46742051047895
-9.702370607851746 12.465042717555228 -45.96667175988248
-12.034053070291877 10.299913980517253 -48.1333315505763
-14.14896070896611 8.305927456021871 -50.182614446593156
-15.34517506706964 6.948406519781961 -51.51019789334434
-15.649383254345512 6.315662478581133 -52.30215820558112
-15.719463396984146 5.596261985897384 -53.42486135769248
-15.614102769458754 5.034172615031385 -54.64620855698955
-14.701271853090066 4.473648128524289 -55.83512618640467
-13.635935096320127 3.9322187284973604 -56.87256990915547
-12.319649930061033 3.1310369028481317 -57.72539016763112
-11.076916812152572 2.169539330589091 -58.59862199625655
-9.30251916067865 1.5693474214821475 -58.424405189169065
-7.241113177972912 0.8671276504532732 -57.9948257310716
-5.892285680741449 0.6097192110563537 -57.2850808771091
-4.90122236500302 0.5950198936931159 -56.549437583241236
-3.968345312726405 0.5457555962638903 -55.651276794638264
-3.044990418186013 0.41842269591337794 -54.79068255683846
-2.2256007480525857 1.0119688826092723 -53.65996591971967
-1.6827607020891862 1.5855035785800464 -52.669995326114545
-1.1544210160891137 2.164055111632321 -51.686581315317774
-0.6111597255691514 2.767445296305004 -50.76873679134838
-0.0435399304923008 3.520525408343802 -49.97380490804415
0.540125492881337 4.306310035258385 -49.1475974604808
1.1181810153923697 5.096681966657564 -48.332677144550004
1.5638926754430063 5.752922915582303 -47.75423192846166
2.062559912139402 6.274839074834825 -47.11759844936313
2.561671217316209 6.80328114185742 -46.48215433397925
3.058743450777995 7.338013123854724 -45.85167344612226
# level 23
-5.613569827990322 16.432965825863054 -42.094625673068954
-6.302657700272822 15.592403346524273 -43.18029047831459
-7.742371179737001 14.173988580960891 -44.632127408921704
-9.06605369564701 12.842014535089177 -45.99031778867013
-10.786792562586198 11.176850846576519 -47.71801464395223
-12.819435110731522 9.25573191234557 -49.72958292418154
-13.977955737894021 8.002815993121358 -51.153387280178265
-14.162847551151328 7.476300180716439 -51.86444332744799
-14.322139037779555 6.735253416409515 -52.904133224709845
-14.4880767055618 5.860373063259161 -53.949184467836304
-13.427357257432076 5.204153089054818 -54.91823967500919
-12.34727326585689 4.566378336372807 -55.874810453123054
-11.312645675158059 3.667585016324244 -56.7946454892887
-10.26843728224748 2.7479019808841003 -57.69649131811952
-8.7056620014676 2.315065115555931 -57.439837760563634
-7.040164936818126 1.8738571532764619 -57.116313189037214
-5.934818637421451 1.7085597041434606 -56.51354290773241
-4.903113742300854 1.5802788733158293 -55.956650708131654
-4.008231883434293 1.1642594058091027 -55.414000817091384
-3.1370979243650847 1.0191687187175649 -54.64670288394077
-2.3600157269725157 1.7924347869419008 -53.46466944650192
-1.7101049773574388 2.465079192068157 -52.38903514733626
-1.153155293979152 3.0135939418656785 -51.44282671606985
-0.4878489663090906 3.5262863750646867 -50.54415550576697
0.028522526188351882 4.195326929904956 -49.84877365632019
0.5401006569316742 4.8865386444265395 -49.158843449117256
1.0539688994521013 5.592627817146186 -48.46462739317442
1.6139719429350183 6.193823830068273 -47.745647787105966
2.14740540331039 6.7250861223238125 -47.05898638082745
2.6724024889429803 7.27074361664799 -46.37735554736207
3.2012749920724173 7.827161901612466 -45.69091385469172
# level 24
-5.182185148910392 16.692982182891726 -42.148095387836975
-5.9088587372674315 15.777974079684157 -43.363497900795835
-7.072709367287863 14.576494569049649 -44.58010443063249
-8.201183213240807 13.399825975600823 -45.774603337541535
-9.699010941486144 11.92061506253057 -47.30308727046081
-11.472126659795013 10.223139823962383 -49.074660350721146
-12.678237446637048 8.985952053418746 -50.39230088323686
-12.848742865942562 8.46530319083359 -51.22573252601135
-13.25719666607455 7.626660652916916 -52.32629923479499
-13.513025160551972 6.752830972186441 -53.35656896651175
-12.480379715364224 6.104517269761042 -54.307577476869994
-11.705791635583367 5.319229552096261 -55.253531978440016
-10.693613071379017 4.3907202597267965 -56.086974474564926
-9.455259498882779 3.481765421244125 -56.750584798724304
-7.9275977224123135 3.3601134053097503 -56.45862547511256
-6.462461320499411 3.4717373477747966 -55.8911029498835
-5.563710157379152 3.1311160255845323 -55.56145812616624
-4.869420767053315 2.5415038069028575 -55.41039019313415
-3.995862062941712 2.2392264224380547 -54.855284897255544
-3.157959664574763 2.1308650247303307 -54.17829080733075
-2.436035074046769 2.7596294762378846 -53.12137908867671
-1.709138249929572 3.337334517701213 -52.11922046697265
-1.0512381438887364 3.813830015834564 -51.247872751708826
-0.3984157300483134 4.316955459259311 -50.36606012386595
0.14959938196382794 4.9346156072421055 -49.6269870171937
0.6515721952524737 5.612842092349453 -48.95001156567623
1.1688028851451793 6.268363143118517 -48.26309982394825
1.7545690508692737 6.761443222546866 -47.54021230013984
2.3431740209544896 7.266001356705581 -46.81317559289889
2.863176329393597 7.800001758844774 -46.140517969021964
3.3821076612143326 8.345959670655324 -45.46697921550132
# level 25
-4.656851390528349 17.11359367702277 -41.8876699019698
-5.46215936853525 16.038044930398108 -43.28637941268951
-6.432187625581546 14.964031947904264 -44.45772786513705
-7.422563301836875 13.89481791695885 -45.58879196603927
-8.484496870410425 12.771744583549577 -46.77241539946252
-9.820459383511896 11.448376272709783 -48.141835736902514
-11.123676560056792 10.149315504446534 -49.49273178037411
-11.70344971640902 9.260640867181692 -50.59934871032548
-12.09765827970302 8.451024340067315 -51.66358103829132
-12.485586533205973 7.6400847452741445 -52.7219271885625
-11.854736891892161 6.824962239186321 -53.70532891887255
-11.095138783954313 6.054861073863105 -54.63298770432682
-10.21885610611426 5.225938083651217 -55.501962445820915
-8.601505504257375 5.176111057685245 -55.4937329254464
-7.210623712326713 4.968173697441595 -55.351057021611055
-5.856525399316219 5.237424541857458 -54.59495271423329
-4.749858739462122 5.200008427894692 -54.05860802770617
-4.25158849785803 4.460693666825913 -54.056705215333174
-3.9239722752921553 3.5982166968297475 -54.1742954232233
-3.1306929757362076 3.3967314850471424 -53.58778446865743
-2.419136637962588 3.9523475045690306 -52.60422482196966
-1.6917256497542468 4.284280174419305 -51.8249339721759
-0.9639903272449503 4.635229468374871 -51.03975700120537
-0.3090219692959952 5.107552050429114 -50.18802140374104
0.2707587866429746 5.674007402054534 -49.405089905358324
0.7629930003531955 6.339079105872417 -48.741247887918256
1.3207359298574382 6.845616820802229 -48.043668242659166
1.8952024089571067 7.329167791716156 -47.33472677156752
2.472452203565316 7.824009761363682 -46.62171456863384
3.05212595830267 8.329793130299326 -45.90507845774389
3.5671092527145687 8.867093204684092 -45.24085069194285
# level 26
-4.231162261484676 17.344662628712275 -41.83994420025818
-5.014059826349703 16.29924777026665 -43.19813231640968
-5.93486924440533 15.247224155815962 -44.38507051977565
-6.725397001229965 14.347372750811315 -45.352343787425994
-7.279664143531882 13.639229051590775 -46.140700751576915
-8.46486601649864 12.439139636407855 -47.394442028118135
-9.679163517055146 11.207547933560065 -48.678517349524945
-10.419414087539696 10.264540173885242 -49.68667279899974
-10.794994544730354 9.4871703188349 -50.70761705520735
-11.34927094253353 8.473923465162581 -51.94812620449699
-11.447167521221989 7.464185332114152 -53.15262567026468
-10.635086564408546 6.7344438197009975 -54.046615270090726
-9.445280959705084 6.358477553677223 -54.53861108692842
-7.711049865785304 6.630705062499976 -54.05960253659106
-5.975846321578258 6.775208532046704 -53.68324894791131
-4.90828627801138 7.022875444558082 -53.09853629258566
-4.026218878574829 7.045991349368638 -52.70500547502342
-3.7144300258846803 6.189908685564068 -52.83147731347594
-3.392794849778575 5.3534352487052566 -52.94178443293904
-3.0578926509182223 4.618579333109895 -53.002840197990395
-2.387218595150381 4.906050188312917 -52.29435786119957
-1.674277705877741 5.231437291818846 -51.53055227540651
-0.9609412706384615 5.575376490137538 -50.76093017340516
-0.24756902052107216 5.9377883201073445 -49.98585208316224
0.39190278263248746 6.4132975799906395 -49.18322178429207
0.9127629963595335 6.960370567052454 -48.514584224493014
1.4727430481112391 7.4229418366279205 -47.824144609517525
2.0358082057133937 7.896898091776281 -47.12927320020826
2.600223738560717 8.382370360436 -46.43000304636474
3.1639400458933475 8.883500132396575 -45.72415922967066
3.7471155754922347 9.413725288631063 -45.01431931266622
# level 27
-4.0358484604629945 17.25895542519695 -42.254417872814685
-4.63451775314923 16.463912694512594 -43.25347445850477
-5.136994429902149 15.777430791473552 -44.07680694204611
-5.699750416055907 15.069800723324324 -44.85859318977061
-6.242722298761846 14.376104932629643 -45.63085679991054
-7.138028086824868 13.407117746461676 -46.66506352274644
-8.11753885407507 12.329711710710741 -47.789444954773145
-8.874466742346874 11.392126714138046 -48.774442662165484
-9.525065885519675 10.482271492718356 -49.78983291302204
-10.12585090349593 9.379847615041951 -51.09862841098611
-10.54234342396619 8.362407569599153 -52.31801806612738
-9.888271903266824 7.523992403271949 -53.32638017734767
-8.321177051560111 7.677772670889287 -53.20615443575356
-6.594290597921113 8.065576973375713 -52.666261146794454
-4.860166344686585 8.463356668772994 -52.08393290109488
-4.179284345560648 8.215095888240178 -52.0139370531446
-3.558698370615732 7.959074079045889 -51.91590031235016
-3.218689003878342 7.18470471341271 -52.014371395011935
-2.9036358990971505 6.365281650211848 -52.12245034090125
-2.603126459837788 5.914600603288742 -52.12267012853814
-2.052842229153099 5.999333087515142 -51.62672392827017
-1.4057898689428958 6.294250656960447 -50.93927416247284
-0.7520821732395997 6.610411236357689 -50.23866863641657
-0.09222783623224698 6.947460763701904 -49.52548863995318
0.5914257772765807 7.243002609730534 -48.815532791715384
1.064527711680462 7.559350767120623 -48.27291255164087
1.609772293989808 8.015732433318648 -47.594376152595885
2.157653646746999 8.483899599154235 -46.911145490718845
2.7078670974001953 8.963584184500002 -46.223601646382555
3.2601589296928752 9.454532113489176 -45.532066512469456
3.830139536226819 9.972687792423145 -44.83728531087104
# level 28
-3.37799541844209 17.772691000018572 -41.83761814626727
-3.8675127158325577 17.11939190476734 -42.64237131152017
-4.3450941833607075 16.44182770391887 -43.46430220671519
-4.808790598929553 15.765834329380219 -44.28320766867711
-5.257505438508439 15.102703255615467 -45.089952280029365
-5.785478181104958 14.390915937832958 -45.91929752304981
-6.499618404579133 13.52276307044964 -46.814630539587554
-7.16741578203093 12.696735448378556 -47.66798892966697
-7.78746669477758 11.808353037985556 -48.609384222547504
-8.34355473353978 10.748634065546643 -49.77506106835219
-8.71953856572065 9.746776811880938 -50.96206983745577
-8.147443190401301 9.161411486339553 -51.65604791117681
-7.1973770722790045 8.9964914917434 -51.87296452272578
-5.492039756845838 9.392659510438586 -51.36280207813023
-4.578256491300326 9.26412655015696 -51.25504635706625
-3.805184538346487 9.054205279573265 -51.217667454735476
-3.113162679115291 8.831513265473323 -51.142792687858375
-2.723003438418907 8.179458962674591 -51.19732684421701
-2.4345011047797076 7.667619658905226 -51.22659670949798
-2.140260953137159 7.228023429684759 -51.22626989673452
-1.7012899179190804 7.100667058901192 -50.93874514582067
-1.0677532812465584 7.3894345705295965 -50.265651514266
-0.42629949317003757 7.689613506145124 -49.58294427325288
0.25183998268357016 7.910427141748777 -48.911392902850544
0.9102890360720068 8.144922825996568 -48.252909237756825
1.316919645595778 8.362203451662513 -47.821571998425114
1.7404148574898368 8.61685666976453 -47.35925581394579
2.276818648471626 9.075196097495628 -46.69034111147861
2.815504859318184 9.544818074999792 -46.01720356055938
3.3562197737729873 10.025468526410247 -45.34016505407055
3.9131969742038875 10.531752082932288 -44.660200598145394
# level 29
-2.6213995061215702 18.414253015253514 -41.24367216023046
-3.100331336655888 17.77505810988497 -42.03106360247775
-3.5682199242410846 17.10366415924034 -42.841885869056476
-4.0219930859390605 16.442159074224417 -43.64323175509706
-4.4569211119304235 15.79688327982925 -44.42628985996288
-4.862709710894526 15.176669081123515 -45.17607297862656
-4.919582230508372 14.78590200680039 -45.69093904901521
-5.3595337042515325 14.127764729217272 -46.40890285505028
-5.959307006939014 13.212260139519929 -47.38786099461318
-6.553476384780045 12.144363123035301 -48.545706804085924
-7.097779228656415 11.107828744608408 -49.63320912927558
-6.32759183101598 10.851165245363836 -49.9414465973139
-5.532577061968254 10.615969749058006 -50.22951554937501
-5.002557440283193 10.23070241666509 -50.531806607899746
-4.258519912470514 10.017640539777751 -50.499111809299286
-3.505826696140712 9.816091223166154 -50.4563902620647
-2.744957481841696 9.626128058155892 -50.40370701359854
-2.2160821307550793 9.382952310975416 -50.31287798792885
-1.961060380602271 8.964425209008164 -50.33036457391429
-1.6774226508799024 8.541539348295009 -50.32984625910059
-1.3496618634020434 8.20192840613735 -50.25072169537279
-0.7077084793882006 8.406682975290108 -49.61170499227612
-0.051339864357827975 8.60546885813735 -48.96632954301734
0.6122126096380658 8.821512311250604 -48.30922976919865
1.2249514596615114 9.04664108742493 -47.694045995654136
1.6228125328657503 9.259171395603715 -47.27203087431196
2.02652918254074 9.488733428948773 -46.83953863289888
2.4357891598720958 9.735007704775947 -46.396947324610174
2.9230862810633798 10.12602121676202 -45.81087316747169
3.452173321384988 10.596360186333154 -45.14839047589749
3.996397346629315 11.09091712885826 -44.48295520699635
# level 30
-1.8648257781292483 19.055786415309992 -40.64976089442389
-2.3335011909287604 18.424343845773485 -41.42462367675491
-2.791427523885571 17.765413049195722 -42.21956350444809
-3.2256842356706574 17.12670685137043 -42.988832411701935
-3.6377145508580386 16.50696808429518 -43.73495318450105
-4.034576263481436 15.900419803579485 -44.4682086834107
-4.147192714083853 15.481468645248976 -45.00947883942229
-4.172332730867297 15.122561251647705 -45.48975402671966
-4.383945309349786 14.459627603140623 -46.25345996234371
-5.107918772756237 13.32695375174265 -47.434756832418564
-5.75471386625937 12.245965758335224 -48.565652536269845
-5.001680225965806 11.99496117265804 -48.86708312806626
-4.562379841026214 11.550093783385723 -49.29890107179163
-4.372156071880815 10.952569356692653 -49.832230436932434
-3.8019533542289277 10.632116867460134 -49.96524950471914
-3.0659447734999397 10.435005469896367 -49.92349545297097
-2.334174679393083 10.316328293869717 -49.774449376888406
-1.6131920206966417 10.316176188094692 -49.45992663348465
-1.2924663238871463 9.970112754741443 -49.42559764477974
-1.0307720365299793 9.579376266547428 -49.426029259542375
-0.7566603192078488 9.319202017880656 -49.34478276166178
-0.3181113106930435 9.327051541387872 -48.98067311527029
0.32378769493825954 9.521419760538324 -48.34953588378546
0.9726257081485854 9.732675390586374 -47.70700655303811
1.5397112967496267 9.948472461493598 -47.135060686322
1.9287893832030032 10.15634251923101 -46.722352110440994
2.3235362083480853 10.380727804756166 -46.299492447421116
2.7237402121198477 10.621598749140999 -45.86668049862851
3.129174205445254 10.878709056144356 -45.42419557941017
3.54795988967916 11.166997421587165 -44.956840610389634
4.079680351389152 11.650120159425356 -44.305620314744765
