# level 0
13.339726601978594 30.816583926918106 3.0704694844275915
11.143618005331554 27.960400576774155 -33.09670242456488
14.691251291612556 29.079410687762103 -31.52867438574744
16.150436420539066 29.58508594974534 -30.450159595013698
17.427104565449206 30.552207784019632 -28.929066919744162
18.023375453707487 32.58130074091599 -26.941389809836288
19.192838291863104 34.268525728385654 -24.463894106446105
20.44456631024816 35.73420725738837 -24.09667308902066
21.20346742935675 37.18333202984048 -24.260146422717614
20.91661706371424 37.52109400255992 -23.546177664675632
19.54679546358216 37.91952344591438 -21.731280147752564
17.317674379973543 40.087478827921394 -21.438842646903595
15.354750063068021 40.59208069405428 -21.62523231423925
12.522446811610154 40.39317020249377 -20.74998644690808
7.3173384578463345 38.27933682803619 -21.28400587560494
0.5652511807496299 35.891063150915066 -19.481341585968686
-5.259387411896235 33.43458333086997 -17.92170879562709
-7.815242159956939 28.68325321382074 -18.178338440703538
-10.186358279283782 24.008867862788286 -19.869577320230718
-20.68486849593004 15.302314964157432 -27.941410561554946
-25.666784461500214 11.126838291711014 -32.12342761068625
-30.0239255585053 7.160820304942767 -33.66725904079624
-29.15380688833769 7.7578211269570545 -32.80245700333169
-29.459706649973626 5.385659222146523 -29.745075319815854
-25.24481600661833 6.712237351393036 -25.893076239938367
-15.6078818387779 10.452518087591914 -18.01486718327467
-6.853151400641809 13.38179620230512 -12.005285141777556
-2.038763016961273 14.438188985525864 -9.252811556001395
2.7011817826200653 15.007845785208815 -6.544930456603602
6.381451530220493 15.383616623945906 -4.658057889903075
9.199366674708918 16.05649117081564 -3.733083243542472
10.62211364891845 17.009596306654508 -3.1576132869576665
11.864278840931815 18.066305266012815 -2.2047841535191557
13.10245603841525 19.424236062750452 -1.0261530849352607
14.456686350565455 21.306184145820232 0.2841975176527709
15.288552235108373 22.939134341138512 1.6301732098892847
15.698397045423233 24.150928306027062 2.53522665741962
15.745607056919233 25.18023286211099 2.974438770199346
15.383382152973285 26.5789391545518 3.0915726234641108
14.945149042433565 28.083651214386908 3.387000758641351
# level 1
14.560569799413708 30.852834915895237 3.5508204094012408
13.339726601978594 30.816583926918106 3.0704694844275915
11.143618005331554 27.960400576774155 -33.09670242456488
14.364068968942615 29.51173040334267 -31.639347194449133
15.778512736574497 30.193858612740257 -30.48158932221022
16.73838747268296 31.608821638465887 -29.02579667540809
17.04116528821325 33.79661911009027 -27.24576116523595
18.03136430745777 35.16200987898228 -24.392891221163676
18.843430814150317 36.28913989960182 -23.233025887022116
19.30630713975166 36.679284402433865 -22.844654189003066
18.244511251292646 37.98020168914524 -22.072668413996656
16.507359510465133 39.68554638643564 -22.162664005781856
14.882337084275385 39.95356486648565 -22.32524968892818
12.227489590575797 39.732037889056016 -21.867944197908038
8.233643892850058 38.40308688729805 -21.87237505747388
1.6137648110059504 35.76931210230356 -21.089207264431096
-4.989349936999345 33.398139755246994 -18.763863722030973
-7.520447906864966 29.292598052323175 -18.61272580385481
-10.033242656623521 24.086230101228566 -20.867291817424196
-18.975638834427947 16.734956793076304 -27.45468099185012
-30.501788646539516 6.968042314006428 -34.83144838055616
-33.71256380989869 4.247623600174188 -39.791317937919175
-30.243674333110683 7.093242586691807 -34.1816190655824
-33.766342708671836 2.7472939802299443 -35.03159920435914
-31.25660461608857 4.823172342525899 -31.76425704957357
-26.276492722360373 2.638749386465674 -26.46338041557854
-13.445845488935227 8.393992864661094 -17.579222437401096
-4.957045844427733 12.59428344146161 -11.838562098290208
1.339960968096689 13.87263305861652 -8.600724151172866
6.540060133675581 14.466788494988439 -5.798950086804641
9.40062779947733 14.9417073311381 -5.00920189411756
11.185541889418968 15.87859571116352 -4.295927933910928
12.324944342283812 17.046826193977736 -3.3669850309858482
13.582496384484207 18.222535840854206 -2.426416445659063
14.72519268448853 19.983022798610797 -1.0537983086946556
15.814307359956272 21.997106573434667 0.4111632690875209
16.35161499120089 23.451807120612482 2.1918992299004123
16.493641946713137 24.425084160352508 2.799342831921691
16.224082170475636 25.791260293745193 3.070252907834688
15.626907339604584 27.210487562154878 3.1219390662605786
# level 2
15.279116880318835 30.106544373384907 3.6770919895358984
16.10179485356149 31.18482321824466 3.9845343156494892
13.339726601978594 30.816583926918106 3.0704694844275915
11.143618005331554 27.960400576774155 -33.09670242456488
14.129017633525846 29.89568397264516 -31.649414740065637
15.366019865269777 30.817541955852132 -30.535727500259576
15.987813776755427 32.43904609892186 -29.219599909396354
16.250627923576918 34.512455713744096 -27.42563082287859
16.984965354470063 36.37368665588603 -24.75611931039299
17.450137141490153 37.0712866265761 -23.517244290982738
17.178946891987295 37.9608797076585 -22.983238971343695
15.859849642001336 39.129894709145766 -23.09607057382977
14.34383895323527 39.15199901865228 -23.377620697248418
11.994616195625245 39.102139441412355 -22.948836363240147
8.394192207584183 37.98307920189137 -23.225921219198014
2.641675064845085 35.69313037852895 -22.64126485224334
-4.291448598911832 33.51082050363792 -19.648732370295967
-6.891020886594372 29.665601460129817 -19.801268968158823
-8.66503417077758 25.05021130503753 -20.72434720677731
-18.66565841621393 16.65042606910415 -28.599880214678734
-28.87303880878446 8.554042616269168 -36.64697921038158
-32.090080252986596 5.281886016505107 -35.87597851117836
-32.44360118559433 4.982137307548137 -36.742494533354034
-32.55340972070479 4.071506225092183 -34.3990259338239
-29.31076417309184 7.9492103689402684 -33.99276414098952
-32.26173564147801 2.8871867309827017 -32.07853002545191
-23.115632336491455 2.22394860512254 -24.93517730420695
-8.839290899664672 9.275429014994533 -15.470870727892493
-1.33987679564809 12.718833820164257 -10.938351085146973
5.822729747224956 13.78106808044378 -6.935035190712758
9.36028291392919 14.159323606487014 -6.028490553472346
11.814219929441894 14.971072054661192 -5.626746401441163
12.86037007164238 16.15467300882511 -4.73948691934494
14.214273469336536 17.236818039727954 -3.7659924253783275
15.24594406551179 18.82256652189195 -2.460844569100712
16.259485348166727 20.912727013780888 -1.0294525455184573
16.989199209247364 22.70865161443636 0.807275739752142
17.105281666668322 24.045117593337633 2.288586986114096
17.086271503870535 25.172636438150587 2.761885155606823
16.5415532130257 26.60244490639969 3.1093243806797086
# level 3
15.934912101533811 29.35113744077304 3.6640350055739663
17.677584721188087 32.111431147466064 3.8829320333486246
16.271507561637 31.950702929363455 4.0917612019482075
13.339726601978594 30.816583926918106 3.0704694844275915
11.143618005331554 27.960400576774155 -33.09670242456488
13.802352308797007 30.169436171925177 -31.690519339650997
14.872710751347885 31.41599799700532 -30.65566903974746
15.18787492816672 33.11141082095565 -29.44441850899127
15.415242230951815 35.17327182862154 -27.611589642363768
15.69880855661595 36.77321578582784 -25.662481385213756
15.596267664550368 37.680946835973316 -24.812981381756458
14.98486239169928 38.17352383033449 -24.484256573840753
13.638781385619922 38.322470901944904 -24.5425675078899
11.709009877641641 38.439407140463786 -24.063119503168377
8.352681509753426 37.40199953560486 -24.647067433971895
3.3758176886431093 35.48486975334763 -24.407478027452747
-3.406417474454466 33.51349969863516 -20.72017650686267
-6.0626414851309045 30.19389034675634 -21.10977657083818
-8.020333880103305 25.38170233248034 -21.11515442284192
-14.640664351086773 19.636954192122552 -26.068671764659886
-26.07887107093368 10.74971505444945 -34.85411682227969
-32.208772672634545 5.119108980114072 -35.795245329569234
-31.546406697313444 5.494265201086993 -33.650314204189485
-31.6634627228678 5.773305399109202 -35.37551624556201
-32.46735406165779 4.188589263531204 -34.289996296542775
-33.193030953510686 3.7715249838032694 -35.616515947836604
-29.96554997476614 -0.23163616155754843 -27.8575078445218
-18.89756106785662 2.958117562894654 -23.25502863575621
-4.09696595547793 11.27941538677703 -13.318216164869614
3.275984749816521 12.964357882904103 -9.194838037131815
8.92856183476129 13.480497185775455 -6.976528506602752
12.346728382224901 14.146494884406096 -6.830910208233711
13.602038642622906 15.351888918748102 -6.087610249039074
14.751387233172084 16.419182030559362 -5.148504037074625
15.879495872952486 17.848267359259687 -3.980534408125912
16.869580276446946 19.929704816854354 -2.387710252691857
17.63357888711977 22.01857217129045 -0.9258406031158494
17.704826183930678 23.522881495595897 1.484988089651931
17.70647106740396 24.730921709669527 2.385449787079046
17.709862464318302 26.378382528137667 2.430003016967949
# level 4
16.795624770192994 29.20996641818418 3.4539674689582083
19.031955380246234 33.17274955282609 3.3311854938460277
17.919437064037133 33.40655053351397 4.015536018507669
16.39720987777045 32.944386399676475 4.210526100598343
13.339726601978594 30.816583926918106 3.0704694844275915
11.143618005331554 27.960400576774155 -33.09670242456488
13.349018406678798 30.38409257938502 -31.796326285697702
14.254713774397526 31.93580154821037 -30.810999920168
14.365781103040561 33.704527297419 -29.650966257092357
14.28075831692884 35.13955202025525 -28.45798088301641
14.124205209578376 36.29815349403743 -27.219782887526872
13.686516188638105 36.96035750936344 -26.526353080756856
12.803847071469137 37.43586859903998 -25.9487570374256
11.245088569234333 37.65303519768758 -25.388275838354573
8.257332123374237 36.85656588521654 -25.853492893248287
4.0620894870989295 35.255635776480695 -26.117567161966363
-1.8630392907303328 33.39979372358845 -22.659746089438556
-5.290469004719809 30.461567418154292 -21.9967103872981
-7.2542938929871355 25.997414846239653 -21.737206703944032
-10.925455021595926 22.027901595360397 -24.636977717704617
-25.001097397091417 11.107357231309438 -35.7228053996437
-31.159622796898432 6.531912325323429 -37.7801225619933
-31.123658896309188 6.40713639307606 -35.122889320825365
-32.550612527550925 3.6361125087159984 -33.39746713977688
-30.78649730590986 6.663593281406199 -34.657699784169566
-31.89590691645286 5.584029164043635 -36.310712265088966
-33.64136163789326 1.1873693471468052 -32.65546470067079
-25.54760320845785 -1.7417434295618417 -25.60104777133955
-8.092941261926963 7.615628116369246 -17.27467122760968
0.9477424990388392 12.155875827875015 -11.614782984556893
8.191316268047538 12.842304059809635 -8.224577487540744
12.626389472464489 13.420679768746744 -8.004612215856366
14.271428575491441 14.738986992205797 -7.23116738936195
15.359180382523405 15.744431067773306 -6.556364740746286
16.470703565064618 16.883845625873995 -5.668003715447083
17.45597402316211 18.80710824399204 -4.0640397644693635
18.361983831853454 21.01347024373099 -2.569424825507372
18.529503104519033 23.095579282404877 -0.706670430555007
18.43112748217323 24.418066137298606 1.4968074498885493
18.450724375721986 26.105948656653883 2.0237514903212084
# level 5
17.85062766563294 29.40964664467234 2.9534576657903324
21.386817620422068 35.13558340741226 1.253564891594969
19.429278693003575 35.518859690192365 3.21685820119828
17.94558836791887 34.70345456175054 4.133535020563714
16.57463477669907 33.93335791542877 4.339998653732737
13.339726601978594 30.816583926918106 3.0704694844275915
11.143618005331554 27.960400576774155 -33.09670242456488
12.833336907828993 30.570131944711214 -31.93384155302487
13.668808593534308 32.136717183033966 -31.01432305078152
13.62086139078552 33.75056619518086 -30.01464347564232
13.376266904766252 35.05320757048713 -28.974178951810295
12.624605245743545 35.780107837055795 -28.42550066613409
11.760372252609615 36.27101445976525 -27.961811075306628
10.556686412786762 36.69606048808363 -27.187502003652614
8.066678046776468 36.221958842458186 -27.178461715629567
4.531761094613504 34.96178816486845 -27.301092580762592
-0.3392921958417757 33.291142730768215 -24.639960600462516
-4.015987780316969 30.817352488020376 -23.223192431942554
-6.387930453770537 26.684909730427723 -22.177950351885496
-8.068727725281619 23.472893973384792 -24.021066827259663
-20.722837680542657 13.148497108973746 -34.49030184896768
-29.601162102769344 7.226673964216456 -40.16367728971085
-32.77657105604594 4.584458037502857 -36.54208383281026
-33.72808993817117 3.6175077057471596 -36.75497402684456
-32.47015125481165 4.623982979907389 -35.291555090589796
-34.248550309151625 1.413454257222924 -33.94074969931638
-32.14342461092324 5.406785444222036 -37.22971455136066
-31.716019292441253 -3.3822710251659336 -26.86001909222395
-17.8775167015893 0.18907012149987634 -25.88431025715129
-1.2580831920522564 11.19610222738785 -13.689421437325002
7.005484958825717 12.275813149111638 -9.383339929866704
12.363201933311103 12.86179104159526 -8.947183155439529
14.758257329732585 14.257791390303568 -8.346513767106593
15.996781541587195 15.422475709268353 -7.681511371056512
16.996581347841392 16.25800521304806 -7.066522085781324
18.053802794959992 17.421582199545472 -6.237095666896465
19.047615979398277 19.616984730723026 -4.686698008192954
19.431559535397504 22.19534554980448 -2.538984553399307
19.20915225536592 24.10966929600703 -0.45397582628499894
18.9845791115295 25.564477337500172 1.339953134070314
# level 6
18.99017595362438 29.66234586223567 2.244105002335281
22.435895863484046 37.747987608621244 -0.12573417054328256
20.95595075529512 38.542635995460984 1.1621272940246976
19.36453879066638 37.6379731311485 2.9898555036972305
17.832430204039145 36.259749970314175 4.190064440532177
16.205833679995486 34.59700897551384 4.3991302555104825
13.339726601978594 30.816583926918106 3.0704694844275915
11.143618005331554 27.960400576774155 -33.09670242456488
12.301606350030438 30.710463646053842 -32.08526455301313
12.863036640663811 32.3210440195601 -31.23595346900345
12.821100441482281 33.6831362127866 -30.45994497504251
12.162021694362256 34.62254987486131 -29.91560839736477
10.938065032761852 35.166594123806455 -29.614318975648214
9.821796061898258 35.59587540016285 -29.082726039040804
7.862747875199391 35.418613042539576 -28.821374541516693
4.833846742720332 34.60314079746344 -28.332822085649113
1.2175315512621414 33.38047830544902 -26.462363162455006
-2.5022158336973916 31.065313507031483 -24.705366280926942
-4.922752457707546 27.787541449851126 -23.50871017485496
-6.571305748789632 24.251789025906255 -23.739496795279432
-13.40508451603298 18.274535312004943 -29.145464940199375
-25.49780816746663 9.13054536932827 -39.49156247982172
-30.68725373413298 6.823890585412695 -38.74398032217085
-34.351291133729994 2.7279859500144346 -36.409705683007545
-33.500686149929706 3.5838999916918928 -35.99326319682093
-31.753234571878 5.962256862932442 -38.3487143420362
-33.76394697937922 2.9102087175658014 -35.32244249495573
-34.240077585046656 -4.623050099971085 -29.160373697163344
-21.459295174631663 -4.281265555886872 -25.681224447175804
-4.475466575666308 8.983386921264625 -16.6466209329772
3.5379490963986457 11.79771158110842 -11.708724856207715
11.61966524798954 12.264463907498403 -9.859942881316064
15.044855188179682 13.744247555763865 -9.348478417390933
16.202077550585802 15.053927340614987 -8.540905899340226
17.538828623966253 15.889402608884849 -8.285129800645063
18.539830149878785 16.813265157636728 -7.784183011968508
19.83115908321355 18.436037062410193 -6.8809585708973415
20.334617495301647 21.237427334072557 -4.3095060142033965
20.401106633757124 23.475145685711375 -2.518837289310449
19.48036548689596 25.11056632994507 0.09759307867536492
# level 7
19.80140547841834 29.43350481600905 1.478695002975818
24.89799101689182 39.20018317154495 -1.3514384351394169
23.023489072515346 39.477008796461256 0.6701638456993944
20.67724610613644 39.737598124949415 1.2233644076093468
19.25303141902233 38.95716665001431 2.557544708828182
17.446761168781297 37.33866516365465 4.352828408672758
15.641879045373651 35.41586950478181 4.374438995612603
13.339726601978594 30.816583926918106 3.0704694844275915
11.143618005331554 27.960400576774155 -33.09670242456488
11.80006047994021 30.820536648836885 -32.21903676572339
12.010182000098197 32.41894222297635 -31.52713201009073
11.60971519269266 33.565292953189484 -30.950180610111047
10.657732018732819 34.223496605962396 -30.572201557090114
9.442780117756278 34.67608260342382 -30.193328378323592
7.807169627105521 34.855234400283386 -29.699251105365313
5.4259064819746925 34.279914425453896 -29.4234027719465
2.6443767474713153 33.38499900969515 -28.117343791623412
-0.7627924902204863 31.360303085852458 -26.458685058150557
-3.1036863682131113 28.66856576920665 -25.284013877667654
-5.276652388697276 25.348907558431783 -23.91028253343239
-8.435005855700917 21.136068319356827 -26.761409442206492
-16.929501020835012 14.1363831750579 -33.827634395271005
-29.894491519144378 5.678472784026619 -43.366509090705605
-33.639863423864355 4.099675807250576 -40.847434442853256
-33.382429835871214 3.9026554942932377 -36.37116898201326
-32.633566716563045 4.609013364566176 -35.95030859171624
-31.617296492251583 5.941131604160621 -36.28925247872093
-32.68666438330092 4.816032601593517 -37.171863101779195
-29.675121888891283 -7.754434239724525 -22.931257123377797
-11.943134485456723 2.8103225155959692 -24.34210101662473
1.6027933748235677 11.356671217427078 -13.606713803146615
10.209342586304654 11.665491350657545 -10.764047519803611
14.95442928189382 13.162777474746683 -10.153332989439953
16.478475759091488 14.74123296125533 -9.278038635995742
18.247510355786183 15.84667481285597 -9.289599314133497
19.084906570231666 16.536867801426087 -9.031782499403535
20.152650619476283 17.817686940732415 -8.255354667348243
20.995288456541726 20.070128843584357 -6.372164549450585
21.476377982365157 22.550712827213875 -4.419553942249148
20.523404555359946 24.67359671907439 -1.839448206485315
# level 8
20.365666523290457 29.421383641794815 0.6703434621200768
38.91268013773299 39.46160497572781 2.559479797770368
38.94690213160415 46.520070975131574 16.261202266204783
24.748069423314117 39.7571011523511 6.52685936325629
20.436102970417842 40.833400799443424 1.3131692260848498
18.83734533023989 40.13755869360537 2.2754275884838986
16.776267985935505 38.219687047728605 4.300696307631151
14.964792042734661 36.24391373878423 4.319215218954531
13.339726601978594 30.816583926918106 3.0704694844275915
11.143618005331554 27.960400576774155 -33.09670242456488
11.296182813420078 30.864883401633946 -32.376434646871736
11.154025597123082 32.418841142824625 -31.8767222721425
10.441493692259904 33.23582446255867 -31.4564448143975
9.19152478291276 33.74388817221546 -31.2993644657101
7.795681318801714 34.073836916564524 -30.69407130255051
5.852084724256626 33.947151828404074 -30.115976682173947
3.4542299368420313 33.252468108341326 -29.16893788315237
1.1298574889493955 31.674669853656972 -28.389323584215592
-1.4204472710890172 29.226273166465113 -27.024309955157072
-3.8328323848996626 25.40096220555943 -24.92613147088788
-5.124646564002886 22.974616434551887 -25.215220786113427
-9.481970088947918 18.068530374986043 -29.376921981352698
-20.194684639974188 9.577126365900735 -38.84130105640938
-32.36259310217692 5.0930614073844005 -41.43318667010836
-33.96677930051628 3.6218215364887953 -38.01983546683872
-35.55994867089452 -0.9203383844515666 -35.01442990065024
-31.16510125118228 6.019910512467857 -33.820417874467644
-34.00167704017123 2.8828797350945545 -35.84704918173534
-32.95794150809298 -10.184914564495699 -26.148851605498855
-17.81044517051779 -2.0139442123493856 -27.755873039075954
-0.9664471244934336 10.515801169356587 -15.796612973959547
8.315256780134217 11.324241529457186 -11.835283259593767
14.553415420863772 12.369643942114973 -11.296681237689771
16.659324559269358 14.278252132546577 -10.11371885394166
18.084354741452692 15.545437681552253 -9.665106584742002
19.72151917656706 16.436174355151078 -10.05564221662156
20.216908906116217 17.21431109802201 -9.317708756826924
21.374968845004865 18.85731391485234 -8.308293536706131
21.93630141194937 21.560455213815516 -5.941305743286849
22.043101606614506 23.909701866196773 -4.021068451884792
# level 9
21.393313312885752 29.58906956481109 -0.3786073772289836
35.690541942701195 73.80056653370151 28.297674740492962
18.610367212558465 72.02998268929016 8.862399443285838
40.49900338443857 54.0292596243271 26.574777891009866
25.96428130271139 42.07236533340634 14.848610975696879
19.77555380221428 43.07926734828516 2.541783563674255
18.074094794393982 40.912960514010436 2.4006540074399463
15.677808971912695 39.3662731749618 4.070082045311886
14.236269330644546 36.864799649813826 4.26016283287909
13.339726601978594 30.816583926918106 3.0704694844275915
11.143618005331554 27.960400576774155 -33.09670242456488
10.823505581089426 30.82105487937803 -32.5364735575269
10.357439764991446 32.1834403552992 -32.14440184282948
9.3887982820473 32.76975348469883 -31.880308706038498
8.043039079548445 33.229036635189686 -31.602736501875484
6.383117454343024 33.347369252162444 -31.01267275830394
4.202851571830326 33.04602569427053 -30.20481172074924
2.1832553857373327 31.641407749719946 -29.589209982144446
-0.02760124221565058 29.325775810583217 -28.562712642033844
-2.5760483689894254 25.74604805789979 -26.080648130960448
-3.659785286620557 22.784096264188168 -25.498361909764938
-5.484858542945713 20.081818589130265 -27.022711690768702
-9.037125392626995 16.258685551007005 -30.346235642238895
-19.724856801377108 7.615655840138813 -40.179779267542266
-29.714738951850595 2.820578134085406 -45.71212962092728
-34.078630969320486 -3.943460873520878 -37.635150570959944
-32.444528423604396 4.483909311455085 -34.86157869465248
-34.56168710182 -3.4803839037640962 -30.394066489089095
-21.020304989662787 -18.000429560120807 -28.426584452513392
-19.111202914883503 -10.91459798172098 -23.578670765085622
-5.033835053824693 7.388502207536957 -19.997402090101993
5.277048872364845 11.219407270868047 -13.447461155012356
13.56953986577286 11.684905762598563 -12.107810898699888
16.694724333077602 13.952355991113228 -10.807435762755293
18.30225913330914 15.437854554063556 -10.35244561444448
19.650055802444772 16.254640847156896 -10.431705959456693
20.58476710411156 17.006957395532282 -10.152767236156743
21.42776075705869 18.098877351975663 -9.63404048002351
22.225860634478135 20.395757862705434 -7.622457062016763
23.181118260032882 22.914307664473178 -6.3474521935188815
# level 10
22.719351867947804 29.872053227322098 -1.592979892579596
52.23511724815006 66.79849674318459 28.05048689040997
18.891257407996214 68.54513072611655 12.558974216224259
20.155210535115746 66.93682691909257 15.13581448703783
40.88090337044805 57.93838125417253 27.78124201155858
29.82908718874668 52.911459068447 19.394220950738976
18.917061994273126 44.215435240338536 2.254781267521453
16.9956774647226 41.71064918116693 2.619447810386981
14.341157294656096 39.998507641521655 3.8517586118784006
13.046724164745703 36.63517239462938 4.669543622589816
13.339726601978594 30.816583926918106 3.0704694844275915
11.143618005331554 27.960400576774155 -33.09670242456488
10.4093992464157 30.65721329468347 -32.64756271095545
9.639773998536 31.7990687308901 -32.36863455045585
8.424687592074013 32.18896426186893 -32.206750429822776
6.96782529332807 32.609084117522286 -31.88035288201873
5.097625352006698 32.53041852774891 -31.09274870479357
2.87629772991476 31.464736576648427 -30.339070875965657
1.28201541058598 29.355183734583825 -30.035074110736804
-1.3866159170660233 27.208898948192648 -27.597757732230473
-2.1505785620017437 21.704681489964376 -26.67579684208897
-3.2766734980723324 19.451667903069527 -26.881521777382318
-4.8867697552907226 17.50678472629403 -28.007459022217386
-7.501289748882722 15.453531472192935 -29.831628188942794
-11.989722449980878 11.125799324899894 -34.08242456932142
-23.601116912734796 2.417743002300951 -44.88437899623114
-31.287220601154544 -1.6746641286825434 -43.7933785045229
-33.24818412951494 -11.095870134047601 -28.191198806503188
-21.603326911242164 -16.046967591723647 -34.04447963663564
-15.859850770664488 -2.060353479099621 -30.85252865369951
-9.076551413186007 4.179617916129283 -24.722236033717916
2.09723719445061 11.3086203216344 -15.54843110105906
11.442014334550251 11.15219792364357 -12.92848872539765
16.39009818215601 13.265917809809729 -11.63564136585444
17.923934456784792 15.120908590475405 -10.653507258554749
19.471261837244967 16.060370293235533 -10.738023806410457
20.467749768754523 16.69726980454783 -10.679842336675918
21.156448635605287 17.46413756025392 -10.290443940114342
22.131488729601145 18.97340349650967 -9.330184489209735
23.498431709451438 21.77312025637716 -7.935071259606001
# level 11
23.947859364834912 30.010925538833952 -2.9545975961098274
24.492332814579143 65.91368326116287 -0.7904011367948627
18.732230060269334 72.93587733654077 11.6328344271907
19.12009609436397 69.32411762805191 7.564440907808456
42.212473206361544 56.67450055412681 -2.57223756641498
22.46561723251655 64.14426699680571 17.072655044190675
20.742045942109463 53.774197549572165 12.128032881147249
17.970903684328135 44.103241054208 1.0782609406902512
15.418191043087143 42.298025619172094 2.9230165041604304
12.860729758324199 40.02908359006044 4.132379808333154
11.48519280929607 36.0538813919637 5.124984681314306
13.339726601978594 30.816583926918106 3.0704694844275915
11.143618005331554 27.960400576774155 -33.09670242456488
9.99362696351621 30.478965913070994 -32.763694369061994
8.969815543519825 31.38821997566471 -32.59895722174195
7.617606600098609 31.71944443072223 -32.40935498286908
5.974971260284362 31.932964877480703 -32.01756241263274
3.90281312792873 31.324278045031306 -31.184187962280177
1.900860617632 29.465087346613295 -30.680438630917884
0.06268464977563992 26.860260956950366 -29.56708568507497
-1.1936234896682225 22.907766904629536 -28.129623864523353
-2.0524593887680176 19.262472055139344 -28.411966604476643
-2.8476071253292226 17.60631383698511 -28.34045786721456
-3.854344102956687 16.742996224674975 -28.148167904540678
-5.225266273514729 15.682833409514883 -28.293278354042084
-9.944101446925838 10.941022932226144 -32.49774388892712
-19.84346543873827 3.0586639732604493 -41.74097111985035
-21.602882088342508 -4.634506508310803 -42.84740541200987
-19.051206789364397 -6.629522092531195 -38.97445100054885
-16.81123620491499 -4.030111518934715 -33.46204539973394
-8.670679487503303 4.464638083455084 -25.233622847482927
-0.08126919773529881 10.659163998437156 -17.38909683025756
9.048377573797655 10.877988498089268 -13.974898265471799
15.148607734878876 12.313089276386467 -12.104825169909521
17.921815825456736 14.721868475524214 -11.422882958769183
19.92728793515579 16.236504347088275 -11.13443015058297
20.976494796000075 17.02618175746676 -11.012372099610385
21.14134382625522 17.261493608706544 -10.754146897936366
22.04865104281374 18.296298166151235 -10.338742970127832
23.536566636363748 21.06090129892287 -8.88062181425487
# level 12
25.12643349156275 29.94542110797847 -4.769485838171375
21.695373629538373 64.84806124423689 2.2179774644112085
20.187263788468275 74.24091719136383 14.527872651219255
18.612718611288525 69.59219680245727 11.830052995342824
23.109787817654368 65.84329064155234 21.784653442355904
25.685715682855385 72.7370747749516 -3.221988923799497
28.662887769431148 67.68791662078132 -3.2996296456150422
21.236645388107522 49.10947936791274 9.770813659131846
17.21206768022863 43.95031588643117 0.9352179646616755
13.599244964160771 42.254013187679945 2.9086887568158564
11.314364932235884 39.4919240310592 4.755906630738274
9.051549729839495 34.88466605085941 5.575305725560568
13.339726601978594 30.816583926918106 3.0704694844275915
11.143618005331554 27.960400576774155 -33.09670242456488
9.600032632139467 30.231373760247255 -32.89748214627008
8.318887074244865 30.92144286422885 -32.84352592496194
6.866553040711819 31.240174466269195 -32.535649567587434
4.998421412445308 31.129754325981743 -32.07193743654074
2.7263148654347074 29.50645893380187 -31.35105350920243
1.3910140414282328 26.628347811175082 -31.25479219968659
-0.32500768960002496 24.627726147300923 -29.978088170342158
-2.135566871250167 20.655219999482057 -30.12812255630093
-4.065347294793074 16.44767531309833 -30.8419734887227
-3.7357191617924843 15.892011012601992 -29.69709503903807
-2.6156450677400143 16.251987975511977 -28.262696440424474
-3.1849738972568353 16.717955705674502 -26.659876821723607
-6.149097157203901 12.680816444278125 -28.20415131430515
-10.809560341008709 5.248417098756224 -32.27268798682314
-12.053727715378988 3.0168581261828002 -32.86574288483834
-13.728905701577155 0.38166060147010616 -32.80495051271417
-9.098270413915058 4.42238189773093 -27.223022656462224
-0.7005087617794349 10.738206029904312 -18.79872581531422
6.384344343348179 11.089925050139932 -15.207036604148117
13.617974061372578 11.390963058159736 -13.388828349140823
17.8083652166271 14.17638408096683 -12.29074869198297
19.395093323362843 15.798127222694564 -11.530372339200174
21.171896801403907 17.21384795076927 -10.943383593854826
21.34313656621492 17.35449006233706 -10.999643479175711
21.933556777469988 18.009928683594584 -10.773542821236905
23.603113554729504 20.256731901818696 -10.032736898122787
# level 13
26.154590320546575 29.744246079249223 -6.328190870074103
43.843101899666436 50.38815152524025 3.0110680485084242
19.20785988329647 72.52684984285943 14.840110914943466
34.00307484806225 73.82996593034645 27.786218966415923
20.08398315178979 72.68479822678397 16.920307477992978
47.11176298134322 54.784411654241666 3.4427440055064187
52.42925411716591 57.56326303188938 6.682404263554429
20.60047967367677 76.36229378183998 8.312056404233253
18.54249135396003 47.67036370494493 2.773048013478136
15.520423188096743 43.693383185773754 1.6856048431577075
11.749978263941227 41.45981968124975 3.417821299302634
9.578184617783354 38.3509374292087 5.247713593665672
6.667799791661451 33.60662536978131 6.015967404098215
13.339726601978594 30.816583926918106 3.0704694844275915
11.143618005331554 27.960400576774155 -33.09670242456488
9.28187676481405 29.771398110258282 -33.02942477989892
7.729634429030269 30.38340148054103 -33.017686879354095
6.13283911568148 30.609502308349146 -32.63970798044971
3.973447519474067 29.6217738014574 -32.090869341155276
2.1906373983063236 27.133838957180554 -31.729339550114666
0.5264963377709204 25.010675989134924 -31.427220958428943
-3.3082133954066704 19.80479538237138 -32.88603995160468
-5.80516100815041 14.835166999841913 -33.642022061891716
-5.441089701068154 13.011265575538724 -32.70523617499406
-4.072575517730981 12.100532230285015 -31.37206538094742
-2.604191184247938 13.396180107221765 -29.682019965460533
-1.3565338598144643 16.382033689579565 -26.86829287585469
-2.8313008142954326 16.049151612725577 -24.903526027371427
-5.6372561220219435 10.396663400971779 -27.11171980256943
-7.311724691499776 6.9863088935810005 -28.04633709379274
-6.066597957361346 7.263558101046215 -25.51027347118561
-0.8223304300419635 11.050313888330681 -20.043421590288695
4.484325137460557 11.510827961797148 -16.752123699873714
11.56449480607558 10.815807018762218 -14.929586128763228
16.315838188072842 12.802331968257176 -12.755390898083858
18.98292156531637 15.318552386246434 -12.103014570950638
20.59568747065019 16.559975695202148 -11.594387641619875
21.1498499972672 17.099965769396967 -11.270305920526745
22.28050660074753 18.21548931096314 -11.083126995201994
23.268144983081417 19.47342579204468 -10.627576295186818
# level 14
26.82216820230886 29.252956293340517 -7.2806869132687435
48.78568640159104 53.084628649820985 13.47313921715528
52.17718610453258 58.253997344552666 6.177725853849182
20.238214463382118 75.77576453891368 9.641276127065074
19.822503136066313 71.79649626743382 4.216301764092341
20.090275727066714 70.11764862318725 4.432818466737973
25.77477085604304 63.91459170310445 -3.250107191226304
48.570105708141014 54.572181449040684 5.337418994858267
21.72244683514897 63.60622052111994 13.786700182010659
17.162621071007944 45.74721260319692 0.01740398294397918
13.094691044422085 42.99651111921219 2.1855872329987496
9.355229081286007 40.37497518957523 4.255501699174524
5.502483088009958 36.015125963102925 5.952374984307918
5.235330553587975 32.38879433859359 6.108713810564577
13.339726601978594 30.816583926918106 3.0704694844275915
11.143618005331554 27.960400576774155 -33.09670242456488
9.065032293262712 29.21525423092912 -33.17213915537458
7.210111434144014 29.786639412641833 -33.080139081745656
5.413344393260057 29.451370416875257 -32.78119300412159
3.057054636782339 27.582426504627264 -32.27592346007028
1.4617208495898608 25.322610350363465 -32.467933959380495
-2.5972648601225305 20.840010201162038 -33.89837348064528
-7.406881359773964 14.16558201998841 -36.10103144957417
-10.286393249523991 8.07470448846341 -37.3579366984265
-9.989128057843935 5.18956791830818 -37.081448500587555
-7.463880719455013 6.867871635768718 -34.79119277121379
-3.4831507010333977 9.219706946795336 -31.77277737316211
-0.47703438152191346 13.8969170937184 -27.772916425137772
-0.9368970973664282 16.46084718565834 -25.48421364178971
-1.3046147985678824 14.658650157053403 -23.928275485882683
-1.2006168022893313 12.070615001308585 -22.886010967812727
-0.12360911747127351 12.263038402099632 -21.12354194024879
3.4638318433849062 12.241252730332729 -18.743939655586445
9.76936234543562 10.706499755378964 -16.251907444155894
15.480628481004096 12.116006987864644 -14.072192943030679
18.88832411507771 14.616235945961762 -13.295944079177245
19.844045685834015 15.919171410835368 -12.113703486490873
20.924141740215713 16.776548181305763 -11.793130919603502
22.287719140307626 18.010698833267938 -11.60460667352143
23.316297538071495 19.27495968765591 -11.193477813074761
# level 15
27.3883135961565 28.81934846150345 -8.286764998072215
54.74964290316791 60.354287485001905 16.10534705741407
52.824253444743476 57.61966555295504 7.063546630844442
20.08398315178979 72.68479822678397 16.920307477992978
33.432054531343326 71.01597298007407 -6.687602533809063
37.724730327166434 73.06752462343223 -6.837787482005809
19.4754545319556 67.60002976352736 12.201590105199912
21.14323997385537 66.30465894525766 5.581839874672504
19.246769956638634 73.4317755885553 13.76918707538802
19.86406696946338 51.24831915655551 6.140817234090373
14.759771810445828 44.45722416136195 1.1522837796261078
10.313812845474208 41.627245852167206 3.0606636907375657
4.840150561391941 38.085737662127755 4.777210713747598
1.831382738368765 33.45543066957599 6.6414298050952
4.05771455831015 31.19139982394756 6.114705002117584
13.339726601978594 30.816583926918106 3.0704694844275915
11.143618005331554 27.960400576774155 -33.09670242456488
8.791717302660242 28.66832204061879 -33.318506970608375
6.688675525391105 29.025400982315215 -33.18771177150575
4.567230398320796 27.941917388207024 -32.85228931397823
2.4508431395898507 25.878245322034168 -32.946232244006055
-0.6403797363613052 22.8045353304005 -34.16742065681831
-9.279587131440188 13.238517406425967 -39.28769379201258
-15.171504908643296 4.742668218204907 -42.593160056426456
-15.954228997010654 0.012786976866498767 -43.4584252511456
-15.07714841649252 -1.8742871105675731 -43.189437459596945
-12.306594387610932 -1.0290425587238656 -40.80842797664333
-4.791542202039392 6.562904708171084 -33.403979058923746
-1.1812482467828553 10.105429967567366 -29.96932475662052
0.42157459038088574 14.36931895094006 -26.065531196035398
0.1060135183189284 14.722887964517064 -24.515448453881426
0.6937284970131983 13.727012774525615 -22.6906257377899
2.8028969917427116 13.451628446873276 -20.70997682423371
8.498193942221805 10.774156722094185 -17.97715815668817
13.533921595345493 11.268553775362033 -15.802812028928512
18.197552992922216 13.806824542953205 -14.175389836060486
19.90200198524859 15.61380019626147 -13.119944299912031
21.40571901574761 17.022431326327194 -12.355147836223761
22.018613220119345 17.693672491122804 -11.752709018361923
23.31054887642132 19.039611392485487 -11.704279042138475
# level 16
27.776991602058875 28.97516676408945 -9.25856451395999
42.67951329756052 49.95297990175999 1.0533658466728344
22.794765330724108 62.81743507895496 -1.2736741947308903
50.75091074473448 54.19861648943662 15.167081569310314
45.58113999171765 51.58699486047854 16.704078828780016
26.356169632602054 65.14351540848443 -2.8510521646107563
37.889895341745316 72.09044935824876 -7.04405945130869
34.86986268714875 66.84840186678734 -5.22707551528461
22.177333824465435 64.56488135298179 17.30446347835497
19.17469790519027 69.41897164285878 15.672920192546373
16.751315400084582 46.11225722601786 -0.5242557331454865
11.944526424834473 43.057112085033424 1.736174584870596
6.015934750393546 39.90394065190921 3.6302184379440954
-1.7766626424909358 33.82678265391192 6.0320923956141
-1.9556750614469445 30.46615688090298 7.819517463449765
2.750903103078082 29.93485584714487 6.287438844051993
13.339726601978594 30.816583926918106 3.0704694844275915
11.143618005331554 27.960400576774155 -33.09670242456488
8.395409058792865 28.20597940182536 -33.426259367594284
6.158920272960461 28.073858627328754 -33.33740213521283
3.821641846231815 26.593169641268243 -33.104009472337815
0.8825463128621716 23.82614188580024 -34.56134847258424
-6.908854415042432 15.957112237477148 -39.86953899105246
-18.08533679295446 2.8818255903010743 -46.33223547252378
-18.873069124925916 -1.4304045415313378 -46.5268794418692
-14.875423312776672 -4.492911541585251 -43.92194799350922
-13.617885594018293 -6.793508867383583 -43.728157599693844
-10.448251270574017 -3.330141534719238 -41.1406319566555
-6.179965440932854 3.9743220285879435 -35.33185747996525
-1.332234829134794 8.125188437971751 -31.276311040728178
1.2960642945176508 12.24256250835967 -26.963580414548776
1.743087825042072 13.434099269874878 -24.71529197993158
3.1602707984993277 13.88546481653918 -22.61627666582267
7.984863294897585 11.49670008511912 -20.379809393580356
12.005824358395742 11.000248856113437 -17.050769499918655
17.38881004745597 13.155256151339069 -15.35608812308254
20.0151635610324 15.217387304307396 -14.56860547029559
21.14896098317596 16.586736194783775 -13.203665927051286
22.108008861471465 17.58022013822115 -12.422354218663344
23.589041578013777 19.05771970317192 -12.373998683679128
# level 17
28.248510780307484 29.193267787251905 -10.230902074349418
30.973365484684095 68.4549742201437 -4.865042084500088
28.711021278560345 75.07212624878036 -4.72374111170646
46.430541369815394 51.882774448834624 29.762842047594678
27.576006801266512 76.44841687754437 -3.463710064042572
22.200602107980224 77.65594204391707 3.823977430492737
18.944404580579665 73.64692536964976 8.352693610601138
38.27351126037461 65.1780737412853 -4.777240774764499
20.216514385609067 67.20347134058157 16.51593498951932
41.757616345591565 47.534859612285956 2.3854050520618997
19.40866016558872 51.729789862858524 4.347524400542789
13.342457931254298 44.547239210834846 1.0643630669129869
7.283009571741627 41.17891136228258 2.585496296556788
-2.3019149528119374 34.44820522488983 5.113067217098779
-8.238703564426116 29.31325446654571 8.188168753209432
-5.655554103800246 28.052720784615527 8.83231476040874
1.662292568575652 28.810236602536623 6.2614836408223
13.339726601978594 30.816583926918106 3.0704694844275915
11.143618005331554 27.960400576774155 -33.09670242456488
8.048095445969047 27.682080507330042 -33.518910177467404
5.502826544312508 27.14461853793709 -33.43228570672501
3.0304833061155803 25.341705073755683 -33.908754765079394
-3.0764652861022617 19.486816041639795 -38.39572634652389
-18.50786563218366 4.095482117399165 -48.877182158591054
-19.94004084676601 -3.780395529394584 -48.37636259171045
-16.122118203247048 -5.943380679429776 -45.172569214205424
-10.231913447672731 -12.268227435495234 -43.6396650500577
-10.730470556935362 -10.785314489417722 -43.27006172851304
-10.049123238842737 -5.43536062096536 -42.17893267279261
-8.613902077792687 0.35630923778722856 -38.32577110789866
-0.23642200387195633 7.259365968701587 -31.5617358872118
2.78593853342394 11.652566529425634 -26.775971407731973
4.3291074553874695 12.924694596149864 -24.43325174240732
7.297642374185827 12.212151827876518 -22.423466713774697
11.004951441844668 11.130685624049125 -19.01917433751619
16.369489118496297 12.527108674538 -16.971558349019503
20.043668129023754 14.979501377618824 -16.061492416115016
21.12651519874959 16.362144565791386 -14.70364815584966
22.25332909057345 17.51219596954272 -13.452280337960808
23.92732318207014 19.40531426972888 -12.679195661481195
# level 18
28.417547369272224 29.77875689521647 -11.0554286041636
33.87625421844129 78.26683687745401 1.940413647431988
52.420471001296434 55.24807379692634 21.08121258268623
18.919129882201588 70.39884974948953 7.468186240587823
19.385737024439493 68.34318169292368 8.868175194460806
29.073400323499314 69.19611378889238 -4.294339193920708
20.79939757416702 70.69004997026425 19.724559907425565
23.758473934931693 78.2715757624208 2.336639269849951
29.046177635698207 62.949875433892956 25.7282722445313
30.811015526915437 65.40628534598936 28.45062171970087
19.04748496690997 71.01715417505787 6.583401789519314
15.843861271870056 45.691538658459514 -0.6479371323325144
9.65812100660592 42.576777423635676 1.2863640556442157
-0.965933091594452 35.986068853953824 3.753959578893568
-9.466259184540192 29.8997515595832 7.3302278074761205
-11.253785969288096 28.185430025125463 8.687285624740907
-6.945066348746298 26.40749604876941 9.671700513785481
0.4564171152363467 27.42381924592721 6.1705566052847365
13.339726601978594 30.816583926918106 3.0704694844275915
11.143618005331554 27.960400576774155 -33.09670242456488
7.683815475007887 27.13402487931125 -33.678809146789135
4.916673572602882 26.323323550203718 -33.68776584580402
0.8085717825528049 22.932121480089762 -36.014482462457735
-13.759025604980366 9.187316463294692 -47.670703629062814
-21.402769200047974 -2.1557788430738976 -50.33034033833823
-15.468023860002845 -8.013346230509626 -46.04670837103694
-14.025554317523042 -10.461354311444229 -47.004808916030385
-0.22920295478007302 -12.477851057328484 -56.25349114923122
-9.698800574174058 -15.2230301343367 -47.019807434656414
-9.128952151239279 -8.774578354195043 -42.16458636936295
-5.76910294364129 1.5163281879573471 -37.08621587768473
0.21407062208921557 6.633663066248008 -32.126343069619935
5.09508477214064 10.710360036580695 -27.331227461280978
7.220418365885736 11.886445720460756 -24.533833007694817
10.943365397713418 11.794126895027883 -22.25863794042154
15.07493610862284 12.142479201159935 -19.015226255524038
19.915902511783173 14.73342804768966 -17.442358820892796
21.500612318280897 16.270005844247944 -16.496620930678983
22.509441192584706 17.617047115339847 -14.851089425320318
24.07713477612576 19.452788700746197 -13.30009317757188
# level 19
28.480622853300954 30.584992946892083 -11.592866130807968
37.96804110403169 45.95104455647048 -1.8421216009825092
50.059148537173506 61.13783259777509 25.246154243002323
21.538572284425562 77.38925696412795 5.862008155701448
30.78305601774737 52.15788101861015 19.490630267845685
21.622675565084595 66.46366425783894 19.68425936304103
29.203963031533398 51.184649226921415 17.856859679561442
28.512230266660502 77.57366952174853 10.56892437503485
22.633048408204864 73.63320259796672 19.97385337022993
51.73097145443058 56.64513208940991 6.503960285491518
24.98636122546685 78.61986075883337 1.3291359595248673
17.681242218358058 48.00368201322776 -0.34250813881294845
11.197782040144197 43.348474067841394 0.9164774362176228
0.7619131667917654 37.53246888111303 2.6438670471497856
-9.310656978309074 30.64664757422912 5.573536823329395
-13.147339493447976 29.213471272260218 5.796359417208331
-13.36701380440791 25.604894766425012 9.437187924633282
-9.190313669308887 24.703395049702834 10.469521366831787
1.830106984765835 27.745480698538728 5.276904107420078
13.339726601978594 30.816583926918106 3.0704694844275915
11.143618005331554 27.960400576774155 -33.09670242456488
7.221397108080531 26.606289516218308 -33.930246883076016
4.212591855439273 25.09124040799167 -34.50660999705852
-4.337559107940283 17.176651925569935 -42.07656967507484
-21.00596537246032 1.5409909087484075 -53.21060023988331
-16.323872035742827 -8.652719667097813 -48.69534114021688
-10.550751824960326 -12.413270519985213 -44.008081124183455
-11.002267579710754 -13.792503578735687 -48.1315439316776
-0.31818403630764275 -17.349082212531716 -47.02685853501608
-5.443692420285381 -11.343657689739487 -41.495335731571664
-9.860139212961037 -6.9792111995958495 -42.39021567261301
-7.268891259948541 -2.5673091892694804 -40.61106964545809
1.290883596325173 5.707613215225187 -33.24621956657235
6.821077665837674 10.17953275751414 -27.732463737211468
10.042520361630052 11.677670203034133 -24.344386141513894
13.888207155034728 12.285321889542125 -22.009454966567276
18.879311569431216 14.172808607044608 -19.15204153099886
21.780614112908783 16.390167206597116 -17.962936257601793
22.618348056210344 17.76204109697947 -16.267700892070984
24.52100042594563 19.839183026900443 -14.095207168794122
# level 20
28.10851360093786 30.806839600746187 -12.421110206690056
26.269781493789807 41.992634176612206 -6.2778109923135625
28.25050115927632 67.56533307632111 -3.0797000290942633
35.62404784531416 69.12812498653949 30.453736724676542
54.326789587548 53.44242843071616 10.781506532381176
25.582989620924295 79.2317743027011 3.989199766217091
29.48077673337238 79.50301130133316 1.6352220979530332
33.60781707155706 70.12745776180587 29.5547565622458
21.366725780493574 66.09123559279675 4.798008854369247
30.9181042586008 73.28716891421669 26.854647094121155
22.047528207189867 66.12436249394094 2.838355275581405
19.46780914761608 58.01074998123205 6.539087208426437
12.875402773115887 45.17019354359208 0.4321816493133649
4.192081226278978 39.99141060453239 1.6040723318397938
-8.621957948655739 31.385839393959035 3.780994054184411
-12.173668704498436 30.254326950457536 5.393935009396906
-16.30459260955118 27.883488486445465 5.540331046196547
-14.845327661679725 24.772161645053643 9.851717666899368
-7.319496243985471 22.331739411282022 9.844879796504728
2.816355518269662 28.03933731258266 4.377675201982946
13.339726601978594 30.816583926918106 3.0704694844275915
11.143618005331554 27.960400576774155 -33.09670242456488
6.809237229657269 25.962009712276977 -34.16147680165417
2.0114737025654246 22.969311711563165 -36.56382499621031
-14.167043515392878 8.061504353873296 -50.82099241281151
-18.80992438818038 -4.3711946796142325 -53.88600269103851
-13.032207225747449 -10.4861289006182 -49.73833688947481
3.314295388802063 -12.194827243742601 -45.50679828130269
-5.897062476925942 -15.792359288475554 -50.70580084113669
2.496121239146496 -15.298089622120647 -46.592984618274876
-4.9114258985469 -13.031717524805982 -41.752249280027236
-6.475688327042338 -5.248058331093097 -41.98473740248946
-4.333450605716381 0.5060362092261661 -38.395225560062336
3.698671616277042 6.779098261777644 -32.23664983140987
9.431626032900208 11.165712005947542 -26.73421302433606
12.94995795375472 12.42489335716676 -24.37012084519739
17.629377346447328 13.648813020619539 -21.019545729086953
21.978145787505067 16.742806475203707 -19.06582594486413
22.945754462592983 18.146328186674925 -17.624164587205694
24.47969182777069 19.843664036252477 -15.7638262738958
# level 21
27.552896862845934 30.611535907544024 -13.51357926104441
27.803533627903484 39.81620117875485 -8.191550221960211
32.611964491030086 44.432393759720014 -4.821938340869881
27.243414257670384 73.59821191020998 -4.243576351748851
52.584850527708014 58.48490917206468 6.697061669267866
51.73097145443058 56.64513208940991 6.503960285491518
46.905814480906436 55.65345372174667 2.4910574576837794
30.830624918423844 60.364141874163096 24.609699266238213
30.9181042586008 73.28716891421669 26.854647094121155
19.599097046610872 71.68698180170263 4.7486637562359615
41.44770571514157 78.23222788357528 15.6628207300272
28.95620266406749 72.17503914489292 -5.237960034119688
15.792623527444256 46.28871154341029 -1.741135697825426
7.675309870951423 42.03943781136401 0.4878269413597316
-6.05065475257532 32.87392199825141 3.9532690789930967
-13.49398065249287 29.352610109981008 3.247285901969933
-16.206714749896992 28.07259370911248 4.40339705452638
-22.130510978102297 23.515084376421576 7.46552910894634
-16.54250566071761 17.844815105617997 12.883831248169997
-5.1620930785471 22.997399904282297 7.69745071359067
4.555960220560933 29.110083384335184 3.552203735927854
13.339726601978594 30.816583926918106 3.0704694844275915
11.143618005331554 27.960400576774155 -33.09670242456488
6.473673602251266 25.252379299427147 -34.562477846103945
-1.2734184990201067 18.958301208266246 -41.08336409882744
-17.85379410686255 3.181782863721424 -56.716091913720625
-11.93652947212346 -8.317624020235383 -53.265839452818696
-10.343523016674057 -14.345677317307866 -45.822523078960785
4.515113108812212 -10.7029221378241 -49.932947548640215
-1.6550436651201574 -16.019970420398483 -43.61937229603785
-9.91541482356287 -14.825240887990788 -47.77947752893178
-3.936808299526826 -10.462804074974075 -41.50093403831487
-5.367133739641481 -5.337550405751216 -42.266531439021
-1.4017398190411898 1.6551057317895297 -38.30786667731199
7.627593083246552 9.212837260637231 -29.87982616343523
12.115918759088459 11.92146133134791 -27.107664988184553
16.372253032166203 13.850408569060036 -24.45863895884171
21.40719150080734 16.45894059211924 -20.952780458138427
23.318648044219128 18.59816458940636 -18.956907412322874
24.43205768380639 20.174649607865007 -17.355748980194377
# level 22
26.639928362459663 30.520920052964172 -14.867433343626443
28.65809451428023 38.282561083075606 -11.575994862366002
26.125848118014773 42.50228764671047 -7.58987877691888
43.20637828434314 54.878863765619585 -1.4408929496709408
41.15633810773049 77.49233889313338 3.541540460269405
23.792984011407768 78.68385589093948 4.350925264527113
23.374464087893376 76.21044275648539 -0.10511436728692473
51.736410010452204 76.21722716307103 17.749008115369698
23.865193020307807 64.52751099596397 -1.295604868427335
31.618489830541023 58.96947933337986 24.395382043410667
32.8577386436316 70.18181935755068 -6.279336730770972
21.2018502279439 65.68086862963106 16.295841902237218
17.531546038759657 48.28480706075249 -1.426032691368382
10.127861484739945 43.37509889642268 0.17847176460547393
-1.9848508319471456 35.74691357279235 1.847943143031032
-12.098055301642233 29.92309438011921 2.6178108352939735
-15.685610612528915 27.38032005723282 1.722509080502658
-17.87964338888248 24.261491299912162 -0.3524650413489482
-22.464966836667923 22.985013050638877 1.166834105838892
-9.262473312749101 13.776411160015932 8.811913245326698
-3.199143324766653 24.114125817203245 5.695053170864677
6.06401043112866 29.82997811327904 2.5325569410827944
13.339726601978594 30.816583926918106 3.0704694844275915
11.143618005331554 27.960400576774155 -33.09670242456488
5.377866567599628 23.85471497461719 -35.91133100329638
-5.453715975339321 14.07488882600771 -46.446201507240616
-13.890946854143682 0.2761133292502361 -59.759057597903606
-5.49919076570489 -9.470515414954923 -58.07900593298484
1.233332305111627 -16.717576062271895 -48.050228750125896
-2.6382421650348338 -15.520034316555279 -43.03391219500624
2.916132269963256 -14.255422247477306 -51.92930087851879
-0.5494845811076092 -12.025769732287593 -42.25230470234653
-2.406043438297253 -7.548392430139628 -42.72022053852503
-2.9101091839443387 -1.6272346384317529 -41.76485113430642
4.725589216895856 5.939146199276888 -34.798512908824414
11.087084982775863 11.233763798708985 -29.371488924040772
15.46887595986598 13.855568905038858 -26.697681448007998
20.600640168961526 16.189061393539546 -22.799973423159948
23.290217924244182 18.882967412706535 -20.566451338632632
24.236168964062802 20.519284201765977 -18.532781177735245
# level 23
25.725854527628357 30.406651620738256 -16.290706717949476
29.090303990128643 37.78392260407394 -15.420439104563432
28.152273794149064 40.73699904846123 -10.710613066852723
25.607648354093527 44.218841838204845 -7.795725655919507
35.690541942701195 73.80056653370151 28.297674740492962
44.552425065827855 49.748327336861976 6.4041594794114225
25.957114773305904 79.10739391521233 4.925996279721562
23.035546337771734 62.122329198948556 -2.086350722781899
39.416248048766136 70.0343875192186 30.97472661861912
34.948373354429776 75.5473387443727 -5.819157511711641
53.16413108654736 57.82994682191416 7.871030454530391
40.79106573625253 47.79986496358854 0.6664120149706421
16.968593719682634 53.404662094528774 4.047652010179284
11.973839184052526 45.148904338664586 -0.14190962316687025
2.000728508416631 38.551535699039654 0.6720345121455771
-10.333734261779417 30.084558288574925 2.536193546409133
-13.678063018278133 27.523322229922712 1.1654948140933359
-19.05558523638875 19.383192387473233 0.43243207066141615
-20.219544433100783 21.959506565757053 -0.6096308873886658
-25.381818003507668 20.06170142052682 2.9540899468987267
-7.259780377637254 18.335568736408284 5.9446491823604575
0.5535469973523571 26.059344474668997 3.774750951048381
6.525415295942273 29.90209706696041 0.7801124914125855
13.339726601978594 30.816583926918106 3.0704694844275915
11.143618005331554 27.960400576774155 -33.09670242456488
4.081151091327613 22.239371315769322 -37.510739506371806
-11.166403435234288 7.883436658191769 -52.78670432864036
-9.505706694137952 -3.251384007341014 -59.887453324498225
-5.308495006530289 -11.543929404144512 -56.36483471457872
1.250202122395101 -12.278846148431377 -55.44423305126602
0.6856297132662524 -12.282484996995612 -55.80745903305669
0.12361598934534207 -16.57937284513441 -51.22420440638132
-0.6047593634200534 -8.038747716444016 -43.155595635686666
-2.1650031939736487 -2.84484404384986 -43.22276840288001
2.693570611448231 3.9455804024225567 -38.00301769743663
9.7405053811218 10.001357000600493 -31.36848679394609
14.518154536382553 13.733716736858712 -28.64998573812819
20.17329300173988 16.458773528073 -24.33018095968411
22.816277406197422 18.852770303284956 -22.3421570005788
24.004591312039665 20.710333367563674 -19.74391137774356
# level 24
25.330082562608922 30.13625805580648 -17.417062345933395
29.624586678341373 34.53106985463276 -20.78495023459195
28.891196945948938 39.36575870252891 -15.509868860988764
27.17371171289045 42.93404116549559 -10.510557248094093
25.68213461165965 46.83266157268929 -7.928980589785971
25.685715682855385 72.7370747749516 -3.221988923799497
52.72667341839434 59.849857166839044 5.989622127839201
19.48441185687453 73.03368344812345 14.907210491125472
43.43848089203507 64.83180257406455 30.6941388005256
55.65787692629435 72.03242279539455 22.275207610230684
31.967084932090028 79.0402827846512 -1.1496853687609323
54.19521677764492 68.44340655680823 2.9536564647403036
19.89213386375708 62.56515613214883 7.151111502837712
14.557693347624795 46.42142317327365 -1.918581176354222
5.817632037051668 41.123024632683624 -0.05639084359542035
-8.87942586030006 30.77250280818454 1.8381894018440004
-13.18203755271944 28.800380836630506 2.0172883597533455
-16.163984784088555 24.95446386800571 -0.33710005436220947
-15.11398726816794 23.26259365709668 -0.6616775906257463
-16.526844603608883 23.967046781291184 -0.6278046444327596
-23.179508232828816 14.201801026349946 7.652039432716676
-5.346451668588096 21.52200763905865 4.0481162257020955
3.0059799395126907 27.70222033928792 2.512381671710604
7.006647602169833 29.601921530374327 0.0889782435529347
13.339726601978594 30.816583926918106 3.0704694844275915
11.143618005331554 27.960400576774155 -33.09670242456488
1.9869074730568528 18.78447201558634 -41.41979706259731
-9.227836220233725 4.717672958609045 -55.858485359684664
-3.0121743556631895 -8.915749509655042 -58.42098204873163
0.29250748067844246 -16.25658732036738 -44.979422458253545
4.391861508682989 -11.782025157981288 -50.00661235347288
-12.788977315537487 -11.812674859914166 -48.59228149367001
3.4169571777479466 -9.020470763866827 -46.4864707336637
-1.0507928026089939 -5.234522782881177 -44.69255255446497
1.410416634668739 2.244579729567029 -41.40281752872124
8.31203651534046 8.490398679120641 -34.39736758402507
13.839979304469287 13.563794911572131 -30.516203833857357
19.06915924065902 16.59955544688022 -26.303816678530822
22.20193540445369 18.86959331272092 -23.689346645061274
23.90998845995981 21.035983988730973 -21.057126725581544
# level 25
25.075994560316506 29.856119363083966 -18.566269692139823
31.20464850203627 29.51560131782023 -28.574859618517216
29.43488437355476 36.20001428996183 -21.989239443757935
28.156732683605437 40.89188959574692 -14.887178013405645
26.012666903412928 44.17935382677058 -10.517647288418292
30.51113915878253 50.07574816456884 -6.52352873218862
49.342399470668056 54.45802432493636 6.769741007232084
30.88002555893207 64.57320833010698 28.142202641162804
35.02677872037074 77.21607065220151 22.167712563264466
34.36235472306897 76.92784935628391 -4.625159014593467
33.633897734128055 70.00383412882252 -6.466423917405284
28.335411994738944 70.99798601721493 -4.6195295125630995
49.195390011225754 69.82660280078557 29.801145369223917
16.437453554902277 47.55393185013251 -3.3981504955352744
9.051465875073413 43.14108158919845 -0.7083216024242582
-3.9827308047076357 33.842366101737014 0.5667470720257536
-11.794709200832555 28.885964046119703 0.842158230177045
-15.33058458596549 25.429196244331735 -0.05907465097507181
-18.533804069188296 21.963959196963938 -0.8865029626269652
-18.077319952714618 23.33724374245284 -0.7601967300193558
-13.919833448925115 21.43093939534677 -0.13293330792331387
-9.237813951715147 20.2661823165038 2.1402889372823
-0.6880036130376368 25.108805434513915 3.090147773532033
3.951830103252343 28.199722252491625 1.1512353577938368
7.8126874612210395 29.39854244180502 0.12878380659332717
13.339726601978594 30.816583926918106 3.0704694844275915
11.143618005331554 27.960400576774155 -33.09670242456488
0.19890622049025292 15.85198230046532 -44.629528048405646
-8.008882735002047 1.533132217153552 -57.88118356879254
-0.6732423805187383 -6.531858042074841 -57.433969494280085
2.025442253022462 -10.364202804892768 -55.49670659386186
-1.04099601872337 -16.51362022239879 -52.4218615678387
1.7066038980348588 -16.361114898290218 -49.82437810310954
0.7826010243914518 -5.857802898349947 -46.07878756230265
0.9540382767029049 1.4355020497702433 -44.0959576257519
6.902178750866579 7.380330187738677 -37.383350840835824
13.257801435245488 13.375244461446686 -31.882030752465656
17.493850193649443 16.527558483864897 -28.45988179385085
21.594644143733994 18.849567114098676 -24.766193894045195
23.722080653684216 21.36718643480606 -22.201030515684174
# level 26
25.08824337556532 29.830619598324205 -20.171866499802327
32.52862582764516 28.043146084502922 -33.92018663763602
30.040790120241443 33.46257773711725 -27.241150556627517
28.647072414269566 37.91206559119505 -22.30387554802962
27.142741864699964 42.25748174504353 -14.16802806845609
25.054604026384602 45.00041081757902 -10.371671326686624
36.74736067642844 56.48725745691175 -7.30275884746399
29.230229485526877 67.98234137126815 -3.8123337862153863
21.56001622739178 70.88293794000563 1.5662146822071121
22.99237791991342 65.31081844681607 0.3965816796325458
26.74087862313965 77.14076908257786 -2.534262960773956
42.23672330731958 48.037744352171096 3.0289695659217495
35.690541942701195 73.80056653370151 28.297674740492962
17.814252359501335 49.23007148528668 -2.641152577710426
10.447877220192794 44.42433011154317 -0.7482750848808702
1.8738271496426582 38.079138730269605 -0.35342292058147684
-9.670436648468069 28.98061363374684 0.8282819369253227
-12.369429659599497 26.864418208170918 0.27977679313081416
-19.759043844355382 24.98398191085844 0.852711297942766
-15.461056286386583 22.717942364249083 -0.7891129943015688
-13.364824562520166 23.902362402218625 -0.28607253328762416
-11.735997479175081 21.551742693807466 0.5702414363375952
-5.086143711488489 22.25452366885082 2.9707642995397516
2.232701830643604 27.05032202190974 1.6468508931512482
4.339680445257273 27.728643277795552 -0.058793880020490165
8.71652168922208 29.045097304829934 0.5586120422024863
13.339726601978594 30.816583926918106 3.0704694844275915
11.143618005331554 27.960400576774155 -33.09670242456488
0.22760092006273547 14.600729384316292 -45.71796917692099
-4.762088385386052 3.5152927744109705 -54.87549975957731
-3.7446538498345445 -3.04736796332831 -58.186998386781255
2.3121039900009572 -7.3126466166094914 -54.39490710164463
3.5322638483715387 -7.249965142494339 -50.864669826105064
0.16990879615442442 -3.851065854872083 -48.264546643365705
0.20127036261260947 0.43711136482805124 -46.611108101135464
6.28942749525579 7.1851861399033705 -39.38210247265466
12.673391384835684 13.396279113715092 -33.18136922418754
17.04657448300788 16.539701092828217 -29.063506048007184
21.202406755316993 19.093299923842025 -25.465597152970464
23.428083507857696 21.534382123159684 -23.119397901854597
# level 27
25.170536700679428 28.43847668551447 -22.39671624725295
32.537004503419894 28.082548218223494 -36.91063242213401
31.26335158770503 29.686130841722743 -33.828006751412644
29.181575318116344 35.24167512155346 -26.28082207335287
27.787190907963478 39.97897040498847 -20.542551021793535
26.223308645841865 43.5043130446549 -13.733362389175431
23.931481096243317 45.70950510909209 -9.720213680406424
29.256989340955478 59.612713446306714 -6.354407069795756
22.24400789012264 72.83113629743998 0.0894107367419312
21.61697471592665 72.92190515900121 0.9702691655561014
19.246769956638634 73.4317755885553 13.76918707538802
47.74402306088642 74.26269783384333 0.23187325740454656
19.599097046610872 71.68698180170263 4.7486637562359615
18.502962471865114 51.44297366233041 -0.7424329846223225
11.657211672112744 45.78699920320436 -1.025020323605278
6.0320502362929656 41.08464338754074 -1.2474679152180879
-5.601651337208363 32.22361279689931 0.32790321197751926
-10.843807169928205 28.329657105147795 0.3869733717335163
-13.405855511812957 24.612470456037585 -0.20662049505719188
-17.027132501175924 24.0593272845684 -0.6375467470711745
-15.653090694371759 24.919475855620863 -0.3705305969371774
-13.628668366708515 22.896191099279367 -0.42830774465261134
-6.202940860316355 21.97729658270282 2.046095430563848
0.31947444309938033 25.882854253933235 1.811882946149337
2.948675536269666 27.375630937473616 0.0022299960335845914
5.852752866758105 27.796574443901555 -0.03913918679449671
9.409401900600573 28.343473445686328 1.0969205755775118
13.339726601978594 30.816583926918106 3.0704694844275915
11.143618005331554 27.960400576774155 -33.09670242456488
1.2659965335145997 14.369583306513718 -45.4386160054808
-2.5878048338989057 5.591409029412257 -52.249919912725886
-2.437601783767718 -1.256077166180599 -55.40401668371851
0.6095467727451158 -3.4881667558773533 -52.50061941199104
-0.2113637559858308 -1.5112733057202283 -50.951772856577584
1.7031118966568404 2.8697725379903924 -45.839227884695525
5.570396212910411 7.387943823946533 -41.6246999913673
12.075028751062 13.40865214366783 -34.44621305568677
16.864606718456095 16.996556033415093 -29.76412168634326
20.914691511008137 19.51633486209849 -26.061976742321256
22.91379425128007 21.658916446383866 -23.86257420257217
# level 28
24.817069374669035 26.527933139579268 -24.99805303699575
30.26816809880306 29.908332497133735 -37.115858347148844
30.429855503425816 30.050909451759573 -35.66279511675262
30.269129510417784 30.58356145310862 -34.233829773559734
28.1449036700943 36.28615686425514 -26.135101957425942
26.646374172382934 41.97480519386779 -18.641811029455475
24.725556688185986 45.12171856962256 -13.552120572354465
22.2773838182224 46.885070862463394 -9.006537082031198
23.508658355599188 53.440159365192045 -8.541646358082767
34.89203254905881 66.50579845307931 -5.005433552651867
30.9181042586008 73.28716891421669 26.854647094121155
43.68035048271458 49.58545939479097 4.347474118239957
18.874411887591393 58.62375674041383 2.0168910273196112
18.78753113856797 50.63533668656387 -1.917204642464931
13.00082746408542 46.58402401918937 -2.2018178252828986
7.49434293388895 42.24686832772283 -2.3981109959118654
-0.15141008668790573 35.74136570623405 -1.2363201516013531
-8.685719382932565 29.106967509172552 0.155728791487684
-11.86059392291505 26.663498733891892 -0.04090315721074918
-12.84792328759437 24.99681825445873 -0.03916285251623129
-11.727968135893276 24.23023423788277 0.09578283203706903
-10.973429919405213 23.29291490127428 0.39527031877324126
-6.1827544800386995 23.649275295404728 0.7401204665329376
-0.8214959920172149 25.749886874145105 0.7328274950659777
1.9346363729998988 26.892388831602045 0.22497605712201532
4.339820900675141 27.25323137198896 -0.25313188185465946
7.257953936907563 27.736906340652432 0.295595579101127
10.08362219190236 27.8518806010067 1.5668586080587112
13.339726601978594 30.816583926918106 3.0704694844275915
11.143618005331554 27.960400576774155 -33.09670242456488
3.9429882194861525 15.948541751256077 -42.92547791906229
0.057028794140158684 8.85984134737567 -48.7913091762013
-0.9222952542474443 3.053709963775106 -51.14192699777017
0.08065591893415835 2.914908856710112 -49.58942180470136
2.0892399945142883 5.199702335526289 -46.77817016214882
6.3658620430401225 9.541256383993137 -41.662274904988536
12.464774917334964 14.424921365436386 -34.49625941500841
16.161333707601415 17.13345349314481 -30.73944368767518
20.35172271660716 19.93741240713114 -26.923894624130718
22.393374190963154 21.83206128344703 -24.576374221682183
# level 29
24.093353005540393 25.68937887222887 -26.89635700373666
28.778003930427243 30.3297398214837 -36.084821852590835
29.04476584054865 30.469320929727495 -35.62090133675749
29.730903814791468 30.54959166950134 -35.17860353645348
29.09431697012208 33.47774036435758 -29.989189246288483
27.014792295851827 38.51505478710446 -23.912148327939995
24.669105642624412 43.714840464606205 -17.093576827412306
23.037613107222324 46.407459383456974 -13.474774572251816
20.190483905868085 47.86564045121472 -9.278484065614357
22.379052418735284 50.21244717809101 -6.997224959277679
21.93121387397607 59.01920398657431 -3.555895287807221
22.025961773992133 63.10032524693583 -0.1450764546152142
16.975944533739224 54.12848104002151 -3.848343577838625
17.52764670948772 48.50575110553062 -4.522692209111373
12.816904589366601 46.80104247226052 -2.819344048699384
8.377970959499768 43.38146041381226 -2.604116045931
4.3306110288153565 38.72957230505954 -2.450503620610628
-3.3848857170217186 32.533158520990035 -1.1940249036234292
-7.897825198325172 28.360165916349775 -0.41261402772261463
-10.625714453538064 26.36810323334319 -0.4032731008723829
-11.146212812233212 24.76656980948867 -0.17036148137469154
-11.150221149556065 24.26198942994712 -0.050562890870774174
-7.817748813670615 22.654626130830998 0.7126304355754504
-1.482095271751784 25.714999188155495 0.31985369915999207
1.0439912349013707 26.639629885266558 -0.07112018557095101
3.119077078136511 26.82070382804563 -0.6917466954469
5.895491607700555 27.03789064876722 -0.03813025097434672
8.078677160715324 27.153299475110366 0.807994190215206
10.827310759582609 27.57607328925528 2.0034187379543082
13.339726601978594 30.816583926918106 3.0704694844275915
11.143618005331554 27.960400576774155 -33.09670242456488
6.502274794806088 17.808970718634562 -40.18929806896816
3.215686764125298 12.492634436456216 -44.85393350954755
2.8978639936119257 9.16511214638757 -45.980889084731416
4.383677069115155 9.657552401421487 -44.24929884900724
8.775401694944849 12.935156862181792 -39.1350176740646
13.306711317121184 15.906956388756129 -33.92686106547136
15.633675963234449 17.54098800790135 -31.54701926049787
19.549830070726422 20.236234702710952 -27.98025684535072
21.46774526715775 22.271830768285433 -25.50518878155477
# level 30
22.76156656728713 26.176331576689364 -27.268807298669884
29.089405262600508 30.0921231266264 -37.06128926914357
27.278245630002203 31.339559727862195 -34.83475333082962
28.19317721555826 30.94432609851581 -35.17609726327323
28.72151013943911 31.66775860107366 -33.759826554411674
28.05354074574885 35.13101786500217 -28.298564100038405
25.808628502197287 40.466836807760984 -22.014702915920324
22.87644916222859 44.6550787740954 -16.156332026286996
21.117752918736294 46.95808530917343 -13.380857735722753
18.636151350131705 47.87011648101041 -9.588349202186134
19.857469731294728 48.92775743562274 -7.009550170105717
19.845610190344466 50.54410812600477 -5.150898721750194
18.872592160426567 50.11293044461287 -4.570195082495596
16.194067897288768 47.994411459177236 -5.245064669763244
11.732417720787993 46.543105571312026 -3.0609179930524393
8.271500990066565 43.99697544152904 -3.4232475683946193
5.269101299444288 39.42626932860153 -3.8018354323548516
1.736732459608921 35.76081710823102 -2.3468805901461787
-4.750456071365488 30.728083253720516 -1.3282227370296507
-8.992079999887164 27.09541635518722 -0.30892783839763194
-9.789367372001701 25.299796390507108 -0.5688886180277567
-8.011785349773428 24.209398121501074 -0.16549107962340062
-6.282611821746547 24.960350455962967 -0.10919315109843684
-2.936016435654139 25.779336123283212 -0.35868838701732936
0.3203341563651593 26.50666482692555 -0.539692609990478
2.0316172510870687 26.554266555680105 -1.1564376964979923
4.66230730274382 26.439565505117663 -0.5250369558813702
7.047544313621376 26.291553618825667 0.791976748631349
9.05645247207561 26.633977702460953 1.3817042525338197
11.45590643154022 27.419468755627896 2.3188677975031697
13.339726601978594 30.816583926918106 3.0704694844275915
11.143618005331554 27.960400576774155 -33.09670242456488
8.858480815863704 19.91171754139815 -37.50063033516981
6.511148917501084 15.241616935465354 -41.0900010604482
7.930677473068282 14.844503769892146 -39.90736335604071
10.051395384221347 15.288136464591512 -37.69576225574723
13.423148268480853 17.113501593213904 -33.946368969797504
15.444296197893415 18.332571201836128 -31.941828061000084
18.72442198300123 20.65479178887363 -28.927662898117518
20.44695641195344 22.746211143281656 -26.680828482371876
# level 31
21.891744231289145 26.48335242568273 -27.756563894593057
27.90119927781283 29.700540526556395 -38.06290026837694
27.36841740666323 31.058515724320202 -35.26722570794455
27.46555201047082 31.120479065671702 -35.16155741458068
27.564199121272203 31.76847855912255 -34.13737872781401
28.13689504124553 33.250955473507716 -31.466661714369387
26.704162304912902 37.11571303793443 -26.287173347515676
24.229716130509264 42.42877262708747 -19.797622795707873
21.534442747756824 45.37085392053966 -16.00088069949875
18.63546780403473 46.96610663927294 -13.02453518084772
17.244668842856377 47.64765901836658 -10.031723879411409
16.940584661777443 48.24574547210098 -8.023546007769673
16.160883617758344 48.083585172989274 -6.933781384724849
13.660633547176694 47.36769726107883 -5.662380173761487
10.630131109733076 46.23837778448941 -3.6557514108019538
7.496901329312433 43.928419393389945 -4.657919750237654
5.268582606214016 40.032271591446644 -4.801753659104125
3.7490758585971786 36.59027554531933 -3.8404568159811263
1.0844657869975816 34.26031611162779 -2.6564456253415467
-3.964773654581724 30.355312508356274 -1.7829324933503985
-7.215026057925815 27.413959791317986 -0.7973075883316364
-7.629028940366328 25.9573686290965 -0.46966489329627525
-5.9015496837729415 26.10800081283091 -0.7076774168267161
-1.7490824476136562 26.871299858366314 -1.161992637362219
-0.052512532328322245 26.618153309363517 -0.9766756505397426
1.0479096699629025 26.289191556705866 -1.5734516819128987
3.606936889426101 26.177156513740726 -1.135004324048866
6.135676181054084 25.50455678946042 0.36734791373635806
8.107612438566935 25.588083964472606 1.3272942615070693
10.103774512025785 26.208664179846842 2.0061460253364105
11.851875591399178 27.390038366289364 2.420067002214268
13.339726601978594 30.816583926918106 3.0704694844275915
11.143618005331554 27.960400576774155 -33.09670242456488
10.297056635284655 21.582851368625008 -35.787420599722964
10.757956940418286 18.824141019002532 -36.32867046176479
12.48585379889513 18.7205334810127 -34.805892072670915
13.75076806150567 18.641865655778023 -33.66314737484155
15.704126156856496 19.604196072822447 -31.80239709687404
18.271363378797233 21.59765641856228 -29.461661455678673
19.45337715868702 23.223980446148484 -27.79545052343879
# level 32
20.557823139982425 27.15742997244199 -27.52905824214666
30.14833046044027 27.82200611240195 -39.317973577380705
27.519445203978687 30.240341117140204 -36.67526292081345
27.298410009961415 31.353474231340233 -34.81116977386837
27.3049027145643 30.963103371207183 -35.39571290440943
27.902515405439402 31.90136636872743 -33.829346702032076
27.328598481548774 34.173653990381894 -30.366479995876976
25.44325205115182 39.059086683463455 -24.146161855776004
22.03442021235697 43.50810982178996 -18.223090652355133
19.51274764225183 45.96019653804902 -15.892597208022035
16.50481726594709 46.435938840529204 -12.793529951501284
14.706165380238922 47.05589991223577 -9.283104384502305
13.31731935593361 46.96768016268132 -7.391321074846882
11.26879550066125 46.47040204778309 -5.898433376922967
8.936270875065201 45.36167273610002 -5.166528708755707
6.178286664388759 42.58622806434696 -5.981903321681431
4.440501060427357 40.17920893977352 -5.802362746275301
3.6886846248691763 36.866477985071796 -4.786567447980223
2.7682356037526907 34.80914250668818 -3.777126548665035
0.18156310427133943 32.61808525925952 -2.9361606919545506
-2.546598563220753 30.464455221535857 -2.336282264775153
-3.765642023245092 28.58509473028245 -1.7929118044953942
-2.9950688241384547 28.286770531261833 -1.9394928941537137
-1.6936573551743357 27.13235435317784 -1.5258805836208094
-0.4277178751376043 26.754759556999336 -1.5976886506996009
0.7785629948546005 26.05586452289473 -2.0134584526324684
2.5467359827464637 25.815716324384066 -1.6974882424100217
5.280181418937725 24.66699056223323 -0.21256041498300587
7.5520178404942095 24.648398658752807 1.1250775619803433
9.09574099067159 25.11781753123724 1.7599773590447456
10.762359590761655 26.046332401339637 2.2067198810423703
12.196825716957633 27.314091124346476 2.510526075195492
13.339726601978594 30.816583926918106 3.0704694844275915
11.143618005331554 27.960400576774155 -33.09670242456488
11.483692744152709 22.967230856070906 -34.54328160152217
12.581243859409255 21.06380994976473 -34.240602679965406
14.069704230976468 20.85659488418773 -33.08317250613929
15.729184329211373 21.33618375555573 -31.642465357561296
17.484410581117835 22.369938414020297 -30.207766805795163
18.599464256502632 23.63234985123084 -28.760608594099203
# level 33
19.78681009879191 27.27442734623176 -28.081205146671472
27.619197273605415 27.14534602549939 -41.2775533649299
27.167802354954226 30.19556631548349 -36.33577803083331
27.77179449997467 30.901997965836628 -35.466846588821866
28.47841525060355 30.544476594541656 -35.68683754345783
27.541829042578527 31.243205702023936 -34.96250625773403
26.844834940149063 33.315479944607915 -31.93552361315809
25.94866424994602 36.5199593765299 -27.464610099272882
23.613033469901737 41.2457760462102 -21.38105085070487
19.735522390209194 44.237898136028264 -17.653374074099702
17.39794277882764 45.228572570644694 -16.034917370846955
14.377858912532279 45.39083055158194 -12.745000727571632
11.385015281721149 45.700809882212056 -8.732380165677615
9.14336143947029 45.08517267840826 -7.027117117892428
6.553763583571174 43.07766753621986 -7.212789794329006
4.677591938091083 41.42574891477005 -7.032820026031362
2.9896475598224503 39.45799384481 -6.738100880449033
1.9954335917303365 37.096444964083595 -5.9390114912415894
1.1466881628731043 33.68455153676253 -4.772074348734701
0.6268471434549819 32.32028355992082 -3.8513256770141058
-0.5668816872098374 31.11916796115601 -3.5525015074417476
-1.543133379499464 30.17503368614743 -3.0962422817763833
-1.6952178204539157 28.96414821582422 -2.5523617019194553
-1.4332890890890613 27.5541133394074 -2.263094680982181
-0.6586646196983144 26.870621060905428 -2.3278626467765635
0.5460334391226154 25.75378455836495 -2.5127970137487003
1.7424183811613672 25.368591231134076 -2.222454173599531
4.51160942410082 23.761317003235916 -0.7618814870763188
7.049612558286267 23.771559878533957 0.719845456845328
8.66483769056645 24.151057108447397 1.365673720400924
10.06405607317062 25.1041851876319 1.9562812328155896
11.408963482387442 25.99449628209408 2.3721472822775755
12.54207994114968 27.292392444658738 2.598582821186559
13.339726601978594 30.816583926918106 3.0704694844275915
11.143618005331554 27.960400576774155 -33.09670242456488
12.407792568115086 23.979557962184558 -33.67777417387306
13.884714468867354 22.849201609267975 -32.807270805335286
15.186701594753016 22.630954877268394 -32.00707814548388
16.515523186568 23.084986521051253 -30.948811273351147
17.801521982243134 24.048076364164306 -29.716125025111467
# level 34
19.106225854917497 27.46743833075582 -28.41398105507192
23.87521096857024 26.339057687583647 -39.14282583705307
26.21575863525341 29.593717738496718 -37.46628484054512
27.090561997567995 30.25949727116989 -36.20761682416021
27.27028092492906 30.925378084452554 -35.42902661888366
27.297716818220742 31.428152029819007 -34.69420335342433
26.84155829067435 32.831451742929126 -32.606919399979844
25.831701143796167 35.640099496303726 -28.78804086078692
24.14670740202796 39.553637297213925 -23.665601647101617
20.670908831131857 43.3048096665635 -18.37712161612746
17.67135319400985 44.27539342616949 -17.56222357151688
14.377485016036172 44.1621877556536 -14.941852473287508
9.829874870337289 43.87765113501405 -10.307465826017898
6.813104472940577 42.84053892522508 -8.367885483914158
5.234069890556273 41.920451408586885 -8.058271507654728
3.208446378402343 40.223947214008874 -8.066085664812702
1.0601770632827052 37.96705384048472 -7.637325374023694
-1.031436125027731 35.195731239226106 -7.225571105158226
-1.869739518879838 32.89922360508626 -6.593034545782757
-1.47523768239364 31.68548881025267 -5.640800200699742
-1.0103974781891907 30.83211377776463 -4.748593679129006
-1.2122297548116385 29.604942912031852 -4.175499571942755
-1.3218789825011585 28.457908151916037 -3.7368920234819085
-1.130816081952651 27.557092242651834 -3.231228738001234
-0.8141323864590205 26.74792748047591 -3.1493598535109353
0.5382185193798938 25.188510454611677 -3.0973841743905863
1.897763890360277 23.94420649346101 -2.422911429379405
4.25692826613853 22.389980466636306 -1.0590070479900004
6.73884478705026 22.772623412738064 0.19718631219049737
8.209092904705143 23.15779517705353 0.9565860974597518
9.831136707882266 23.984970635187988 1.5959343023361527
11.132804217616131 25.139278154479488 2.1438159896141555
12.068359982796213 26.015698451976014 2.5374630314702444
12.92809761137541 27.361346853801855 2.693428496226016
13.339726601978594 30.816583926918106 3.0704694844275915
11.143618005331554 27.960400576774155 -33.09670242456488
13.051197368474641 24.801218764441394 -33.1117287799984
14.626089744127299 23.9472727126236 -32.26757486736846
16.008645154202352 23.964717067944363 -31.36721761122835
17.21444604824561 24.578713647983957 -30.39575930476944
# level 35
17.970237912224007 27.727288445749537 -29.348501702912355
22.626686947261113 27.39015958454885 -33.553121822366585
24.533195444372694 28.725840908262693 -36.49041660212925
26.391051873260142 30.021164246616078 -36.27946228059413
26.761333351275123 31.123608611651115 -34.99376002205207
27.225503722784453 31.211752183218465 -35.03969139230691
27.08410254589948 31.95102479421608 -33.89364668326648
25.206521243833585 35.63293096051157 -28.791061121209918
24.115089001044932 38.30573963644881 -25.25588478903896
21.49107523971123 41.96391651825124 -20.153505867494825
18.176375125175205 43.56423611299878 -18.459468296075837
15.43330658130712 43.09712941546511 -17.817804500036658
9.51891804808109 42.22990691391001 -12.973677480394102
5.8257721572146295 41.51405721391283 -10.40261705903992
4.1475794465538645 40.616430480548026 -10.18665663127723
0.7587268615496208 38.14073495100501 -10.072976801296976
-2.991260742690894 34.98597188715633 -10.402780010323745
-4.930817122670713 32.62807309113445 -10.370793637070438
-5.220720808397984 31.28801393416784 -9.479173802908583
-4.747162905900424 30.243871404326942 -8.404856485316637
-3.6067582452624625 29.7723700520734 -6.896964274040101
-2.5602039314395952 28.762944971617504 -5.643096799600937
-1.8013679230311013 27.575519123958234 -4.564401694173826
-1.5937025704559225 26.65233856817608 -4.1453928006942045
-1.0404536007904086 25.730031904529824 -4.010551824235626
0.22793444514284492 23.761339379328625 -3.731077121913561
2.262861717710304 22.11328882892186 -2.5176282298059682
4.2522277256592895 21.041459281290994 -1.3315693160461788
6.48507963218012 21.696151231840595 -0.3387608115248777
8.139819230138777 21.985937268269087 0.4928775802750579
9.599310059668383 22.825675114108343 1.2242783194750944
11.115506642625027 24.1424296153508 1.8583159899153956
12.150035142725383 25.239554700735823 2.3408616475510238
12.73351298477606 26.141946876027692 2.687788977089479
13.310666693251381 27.73583306415572 2.853395070162446
13.339726601978594 30.816583926918106 3.0704694844275915
11.143618005331554 27.960400576774155 -33.09670242456488
13.55009885497977 25.380084145951557 -32.72544938176516
15.183929410793127 24.96590381927316 -31.843251723055204
16.646303424909913 25.2081596710932 -30.875312552153186
# level 36
17.05687274699023 27.67119096732131 -30.174370226534293
20.79988908562521 29.560704969649137 -28.046303464864785
22.7464556499796 29.75185788656385 -32.96126880390938
25.108922347129106 29.466367783635867 -36.05318117043764
26.20447130880986 30.435314904809072 -35.62974184480015
26.628834458456947 31.394248487193998 -34.61131191666056
26.448705652698592 32.43203796469583 -33.21246610112309
24.726849563166812 35.76737561025286 -28.51273252217802
23.562674174762847 38.04242197571168 -25.449202541301393
22.315483205658982 40.733586071170286 -21.785670677425106
18.81270764597575 42.811763938309895 -18.99801042202108
15.730822771997893 42.6375769406193 -18.61759355404704
9.512479126544559 41.075318361146394 -15.718877753019694
5.41095493167109 40.381980009366714 -13.055693206722806
2.9892147454440905 39.09211566248382 -12.879950740974827
-2.500929397771192 35.813909793372986 -12.67518811640286
-5.802688907474274 33.19222497320176 -13.332719295066504
-7.108574585724788 31.091692113090097 -13.513034643342785
-7.544022500907156 28.47245438830718 -13.120027264581093
-7.368941576832893 25.754727036945518 -12.156690765412616
-6.118846072071468 25.387606699145252 -9.84474724496208
-4.640246567074363 25.510765201415396 -7.622697127430999
-3.4304113019024496 25.12489210347576 -6.032793975717249
-2.401751763752142 24.23121747979162 -5.381198275919768
-1.4653727287880352 23.006038680030336 -5.037977408049761
0.19127996578575734 21.61906514583096 -4.119562885165248
2.6994688239464524 19.93552592891301 -2.622293115081802
4.691373774870292 19.83790359893309 -1.6071467577237724
6.519244063184512 20.433135717023806 -0.8289075158362001
8.117424904195758 20.91144152723625 -0.24221785452251868
9.36402593721997 21.567472953637022 0.5518056156944275
11.106305391068725 22.924909809166202 1.4523661517686457
12.290982061489084 24.411818575915124 2.1343778845796466
13.1185308985062 25.41611375569805 2.550915745572507
13.344245404912597 26.311478417232234 2.8363597444292785
13.656458346098843 28.141525688892237 3.0041876187084853
13.339726601978594 30.816583926918106 3.0704694844275915
11.143618005331554 27.960400576774155 -33.09670242456488
13.900788936286563 25.890094478061506 -32.434598972945565
15.604869717580321 25.834891866708464 -31.4961118193215
# level 37
15.965541598082737 27.8574624628798 -30.964736511188406
19.527431040101398 28.96067312459992 -27.809675998529343
20.573781142368677 31.00665293912027 -27.505230261144327
22.66673682682567 31.686692893936886 -31.388085523448794
24.587782349013374 31.691228942974874 -33.350151981102144
25.40071330580097 32.0854352714861 -33.34031952055109
25.903535931573472 32.62825707774133 -32.848912193336325
24.559794779341665 35.244592878807424 -29.179955953586912
23.332770073066534 37.707006258594056 -25.8028069077971
22.210866267149825 39.97263108060414 -22.4272578047687
18.85651600607494 41.75596012866119 -19.727205594298347
15.946099108572287 42.402247368225616 -19.14324460284388
10.711024564813085 40.905665151951965 -17.773286669212613
5.378703111291898 39.452909074283866 -15.637604826041745
1.11520553507332 37.49773069496338 -14.99051581546909
-4.681065572205729 34.43512548747727 -14.527016737586719
-6.893385852826431 32.15483689728162 -15.068930392396815
-8.343239085914247 26.64775577508983 -16.19327730870059
-8.5995225753487 24.786153237310646 -15.072711302467415
-8.984965742764972 23.533910040506125 -14.346715232855168
-9.005752540429961 22.75793124897664 -13.643525769698737
-7.7893750515838995 22.980826307064987 -12.028672089534425
-5.9628308184713985 22.141989318646623 -9.729310831613702
-4.0182703390684935 21.069095338202814 -7.805604012183666
-2.32411031288834 20.429030599816606 -6.381112514252666
-0.4115206424292124 19.52972070666101 -5.051336314506037
2.0958005119213716 18.776800117175725 -3.665650713980382
4.499731379309133 18.683020950333088 -2.349936370632733
6.532847078515446 19.15116202516856 -1.4853010269853568
8.186465389602848 19.77334991270854 -1.012087014642465
9.522236920609595 20.41192460048596 -0.22371392471032525
10.708228238259437 21.3669106799253 0.5522966599558842
12.451733378935954 23.13741539403022 1.640707773749848
13.512448489750824 24.63046668289831 2.398964099222548
14.004276520101424 25.641983425250192 2.7608504698523086
13.920074041454289 26.516701583763908 2.98152822984387
13.992100174266596 28.61337875512632 3.1577607117913353
13.339726601978594 30.816583926918106 3.0704694844275915
11.143618005331554 27.960400576774155 -33.09670242456488
14.071253821492794 26.33306416056191 -32.25666279746309
# level 38
14.545716582525086 28.00241126350126 -31.766329380749486
18.146400160115547 28.88620004696987 -28.856213203334413
19.385871317405407 30.05081151526546 -27.524368159433106
20.132294262571595 32.18120067774736 -26.268380141802687
22.41030211719297 33.59252938780117 -29.42432517891153
23.508609641346794 33.92918071804295 -30.22691079456755
24.53787172450017 33.43656662657924 -31.41857417883141
23.55293705346846 35.88309953061436 -28.12959594639308
22.734631317629535 37.69766089719696 -25.41425605863798
21.550513784999687 39.41486489442555 -22.50212480955468
18.693079954990843 40.883549345319146 -20.354044363049802
16.02749201526474 41.950616468358035 -20.033153118577076
11.638374754921326 40.73996143890794 -19.216117958055385
5.538249931573226 38.65112285223279 -18.107456610883574
-0.22149378897308425 36.4315991337175 -16.800186078336964
-5.273792300692736 33.93429671814837 -15.942090844710794
-7.677626235071891 30.376081822558717 -16.16461276330096
-8.889833815750016 25.170723803035685 -16.852540625764558
-11.548328319756846 22.458614762332587 -18.541868431853878
-15.592690894423406 18.958920692506588 -20.9659575195494
-16.824082729475283 17.41235330602257 -20.702299960444737
-14.624193944303899 17.700772080221178 -17.61177748828142
-10.261485765273939 18.876207698679128 -13.678165378599646
-6.309013361999616 18.790523295751107 -10.231225207121748
-4.4356554834598 17.92111713851075 -8.810898364845151
-1.6804904069793907 17.618624665898945 -6.852602694458486
1.351279013976824 17.432413554900457 -4.97631116326411
4.097057277989418 17.47378770566928 -3.418164252751075
6.648963516933921 17.738101158726682 -2.2043344589843317
8.369141080778558 18.383259211603168 -1.7139603447028982
9.768227960365792 19.172997262871935 -1.0403930257875722
10.739096273151375 19.977387005656404 -0.3119408728321616
12.354714163161987 21.70951319870887 0.7622399730171848
13.805352939706296 23.676594677602964 1.9508185525799142
14.365566523375715 24.74480572089605 2.590365764668366
14.547491420086425 25.789934793440214 2.9057408928198463
14.419331734404954 26.96097370239738 3.1405936037396307
14.278939130323264 29.08418422427026 3.295240691115165
13.339726601978594 30.816583926918106 3.0704694844275915
11.143618005331554 27.960400576774155 -33.09670242456488
# level 39
12.96465555736747 27.681347377337616 -32.49767325410541
16.470464409378614 28.865364411629024 -30.43172422068164
17.935088738980546 29.626198563808195 -28.814768157061813
18.716829045072622 31.36108085170011 -26.967964450284164
19.923169602583798 33.12375153398574 -25.57590894872108
21.444974182164678 35.20028507483019 -26.475925646578098
22.192156578360425 36.622055375198485 -26.041373610355652
22.61415443852147 36.77317805223389 -26.299910248648192
22.197892844062437 37.89064645992453 -24.718544458746585
20.567719672786225 38.731932234518176 -22.390335757587465
18.09126386700415 40.425481491756656 -20.900118303961158
15.77532471077119 41.2619955359216 -20.891096215095327
12.179854576910614 40.62111008737313 -19.95772781856818
6.359658105223156 38.41520414919039 -19.75063244786562
0.1228266834145652 36.25611640795472 -17.915551274829646
-5.473607598092175 33.52273172440124 -17.066586553703964
-7.916251637644587 28.74424684300257 -17.503954196321327
-9.372541791529766 24.647235701881527 -18.36177144398168
-15.581647458218143 19.514627859395425 -23.12784179826685
-22.581991023208715 13.543717145025315 -27.990739527183457
-26.46252805825681 9.963389945321858 -30.738005489602127
-24.63983944212689 10.679189136140755 -27.406800935235474
-21.815698294794945 10.64267542638322 -23.001302370454717
-13.42358220905367 14.590178474563304 -15.917167937336107
-8.10496465431342 15.17755328410137 -12.072293719504867
-4.1076541698808935 15.773672213308885 -9.338060095017815
-0.43297384420247276 15.718168807575823 -7.36069450748532
3.431590087140704 16.261065626122768 -4.795473401839261
6.542513261252611 16.573184917094114 -3.3661756623984247
8.737029610168817 17.271127822839492 -2.5509105575263127
10.139050035124404 18.15164981190999 -2.007483465219165
11.354465327849608 19.06344351013557 -1.1599511692909517
12.541860722330954 20.46921216770383 -0.12017853486102545
14.102485804467971 22.495986480188538 1.1273848155192927
14.805199878332122 23.949173936491455 2.3029336330712225
15.105141126760527 24.922712269652024 2.7813331219366093
15.049359379241587 25.979581373672836 3.0538025724507447
14.700356007429997 27.490846751715132 3.2651325427725877
14.506825389589135 29.62010253782161 3.4194081012167845
13.339726601978594 30.816583926918106 3.0704694844275915
