# level 0
13.339726601978594 30.816583926918106 3.0704694844275915
11.143618005331554 27.960400576774155 -33.09670242456488
18.127087263032294 30.17707722875845 -28.423484495236398
20.571052830166444 34.34912296567418 -25.491528330008073
22.035074813643256 37.657407944645236 -24.764420989023364
20.923712852444407 39.3248612489481 -22.11332202049374
17.40131775857502 41.65116769625128 -20.101621572961566
9.066988631037114 39.890403646088714 -18.862828965612135
-2.6133578074860813 35.296189437288476 -17.212131276493817
-7.927748691434019 28.845071253451007 -17.21306765368607
-10.866510649043484 23.247360818373693 -18.997687630395085
-20.539523920879617 15.28766620813705 -26.253606400042415
-21.2702389889712 13.259080163079169 -23.875259429578563
-17.144406558805507 13.116086179332683 -18.96796112999717
-7.367789325889054 14.326658465267723 -11.840439420343216
-0.3509587120921429 14.77211153095152 -8.253802088895402
6.901960204028688 15.48261848723152 -4.474900549067274
10.825936599191982 17.300355058193873 -2.936851053734495
13.855961416901794 20.38850129646041 -0.3751178466948028
15.753412073706306 23.923993853273245 2.4044454016981076
# level 1
15.279116880318835 30.106544373384907 3.6770919895358984
13.339726601978594 30.816583926918106 3.0704694844275915
11.143618005331554 27.960400576774155 -33.09670242456488
16.709461072797563 32.0839306617567 -28.744678446539403
18.32283878923921 36.36243646005071 -23.192386422583898
18.710520297806863 38.09114819759124 -21.778911025995058
15.86405361392619 40.4770208092396 -21.74896253033269
10.025618178403715 39.55060091312094 -20.674339903307423
-2.2661910463794253 34.80726433626877 -19.240875148845138
-7.834775714087222 27.425628165264417 -19.08708306025987
-13.329474079062251 21.311708730120074 -23.020825604440294
-22.73754514091829 13.655140864138682 -30.14193357329457
-31.632090028519244 5.15554939085982 -33.029827821097456
-27.39619291474351 3.142376350686215 -27.272897943979903
-17.39800950990544 6.67118569399849 -20.41897617343249
-4.099455004567838 12.506431611842943 -11.723442275037193
6.580310416498284 13.98665636449168 -6.471245322678991
11.605768285037605 15.169661877954049 -5.303436481039885
14.329986089280927 17.787981428021748 -3.1702233457573095
16.759459052303598 22.24165595287998 0.19823900931088467
# level 2
16.795624770192994 29.20996641818418 3.4539674689582083
20.330481892712076 39.55680530702493 1.3877004826584949
13.339726601978594 30.816583926918106 3.0704694844275915
11.143618005331554 27.960400576774155 -33.09670242456488
15.187035209190388 33.71635511912019 -29.056095981991373
16.03449724489888 37.79249821284914 -24.39610876043382
14.552793540983139 38.868549898671986 -23.803835913882228
10.064156413436427 38.64660443938686 -22.818796433977806
-1.0544802541195517 34.448558332131796 -21.539258555931717
-6.982491919759494 27.987881278243314 -20.79723901054352
-10.55439392423261 23.228525356390342 -22.595783808614506
-22.1035272053902 13.534955690706962 -32.57426464199328
-31.90781781508867 5.524020702804796 -35.93390275381783
-32.03348048766158 5.437513042891424 -36.57302244368277
-24.262122348285573 0.24961328962611773 -25.651171633298148
-8.285612662981128 8.31359091308955 -16.34003108926123
3.952766593142851 12.762616352759089 -9.34761533109213
12.091115532038451 13.674098325045557 -7.37881869326815
15.015324699420205 15.983982427579981 -5.94969915858711
17.559457854340927 20.10574481059738 -2.736413707326264
# level 3
18.99017595362438 29.66234586223567 2.244105002335281
24.958530944687688 39.63248707082975 6.454424120244617
19.39527759769776 41.54106115953459 1.3833615879775674
13.339726601978594 30.816583926918106 3.0704694844275915
11.143618005331554 27.960400576774155 -33.09670242456488
13.55133000036216 34.43194274150387 -29.582434172108783
12.768285841676843 36.75004471197728 -27.084692356027297
9.311694652878485 37.091937687388594 -25.920745565216478
0.6384915422920886 33.91560236109073 -24.598292487364063
-5.115140395862214 28.875247200961216 -22.97891417479651
-7.706013443018051 23.81283220425069 -23.8112231763397
-19.24433215141601 14.388526215418564 -32.95650748890053
-32.40743663047017 5.187829277619647 -40.77640032876303
-32.77403300967626 4.561951741203016 -36.42524068373524
-29.740493140513713 -6.101375310974898 -23.762649789440324
-14.420368296194134 2.2278472106176865 -24.189878994428472
1.2961969062022383 11.67662733973402 -12.620656863125324
12.28486581713215 12.502183711786124 -9.60062658523468
15.28619790589913 14.78010763166966 -8.048996286617115
18.25996981883957 17.38813977369773 -6.493975686680724
# level 4
20.365666523290457 29.421383641794815 0.6703434621200768
23.68942067098092 64.74141440861338 21.27053505601526
23.504361706630256 53.846522285357494 13.432292293163975
17.44432560528307 43.88576390466738 1.034179730960322
13.339726601978594 30.816583926918106 3.0704694844275915
11.143618005331554 27.960400576774155 -33.09670242456488
11.309868005948816 34.1672899902529 -30.507998365255055
8.678260195968125 35.412090562099635 -29.161444068954882
2.640476394645146 33.71311300849442 -27.64553351001565
-2.6466398771180497 29.565843701660718 -25.47683707768228
-5.747798068770427 24.06644968800798 -24.34686961911997
-12.268609334468326 16.920002174575153 -30.782077839010192
-24.760026725961247 6.263027881740204 -42.878427790405915
-31.548233585003686 5.872012237687676 -34.953088856351584
-34.820160842172825 -2.538277476493543 -38.86496112261172
-16.818879809599203 -1.5387980438527658 -28.366970140918163
-0.5371698956707551 10.813692331140748 -14.862735948651428
10.921578938506245 11.648029189382848 -11.090158031735086
15.785755253154424 13.740960664464877 -10.016854171545015
18.102621945919942 16.067162111549266 -8.671209034288863
# level 5
22.719351867947804 29.872053227322098 -1.592979892579596
46.003288702496135 64.23460007651745 -3.4786385837633835
24.230349467044128 62.33501260623369 18.17582863565864
19.851553818333265 49.62195551875659 6.535618217824559
15.477955980697665 43.619674544373936 1.7860521617756904
13.339726601978594 30.816583926918106 3.0704694844275915
11.143618005331554 27.960400576774155 -33.09670242456488
8.573732793207146 33.36347119732621 -31.57541177254914
4.268018396331876 33.35802616120461 -29.83960291014637
0.09888829033684265 29.96276579026455 -28.43814299709476
-3.4219105149248703 23.54522113315926 -25.470535013163108
-5.647560841450467 19.306895084834075 -27.441189652484844
-9.98948271971408 14.002794055929794 -31.88682388312637
-19.574328442358492 4.996820981707586 -41.34357425616263
-24.295297148358646 -6.738255892799709 -41.98406329105546
-16.311472591845924 -3.266843370095085 -32.54193153990881
-2.223857929581293 9.686206777548197 -18.0079810715755
8.63162563997439 11.107268965733821 -12.757558314517496
16.568485675178398 13.5785428913304 -11.318564482046737
18.520165490820098 15.558418678890005 -10.407632729408505
# level 6
25.12643349156275 29.94542110797847 -4.769485838171375
20.730394913103307 67.56869899691375 5.923516841588205
20.365657252720236 75.05276458180505 12.758701334757411
20.966645855332946 66.50718877153953 17.8080025754059
17.495822194653663 46.73961180602019 0.29513277548994105
12.623020000687056 42.75588132087516 2.2159187534549893
13.339726601978594 30.816583926918106 3.0704694844275915
11.143618005331554 27.960400576774155 -33.09670242456488
6.257261662343041 32.116886655021645 -32.027483075218434
1.8597644903203432 29.997508929928273 -30.410446314555724
-1.2078598418366355 23.797889993242062 -27.964751277605554
-2.830370195625145 19.030451555697457 -27.52505458739533
-4.251936694276521 16.829331323913596 -28.103721385144944
-6.503334332560446 13.64830152661292 -28.886984990181446
-9.936454319170826 5.501872978064492 -31.18566390119387
-13.230269288876544 0.9934233106999135 -32.55035042351513
-5.628250765951298 6.755653404372596 -22.77051642999582
4.445383381798693 11.313922421635157 -15.195900396869895
14.788728927400905 12.036405636027181 -12.354475506299691
20.69982549359187 16.790996060259637 -11.044220886000831
# level 7
26.82216820230886 29.252956293340517 -7.2806869132687435
28.512230266660502 77.57366952174853 10.56892437503485
23.792984011407768 78.68385589093948 4.350925264527113
19.330675561180556 68.75339499094153 16.01397011183743
19.68697909456314 56.51020036240223 6.461207166417587
15.088044483120546 45.326738903389916 -0.020949634089384925
9.035304135122265 41.076234006004945 3.51506927940827
13.339726601978594 30.816583926918106 3.0704694844275915
11.143618005331554 27.960400576774155 -33.09670242456488
4.248082566607904 29.85669081550868 -32.17537409909811
0.46014235847156204 25.569960553364595 -30.68296722769327
-1.9468199216110327 20.389300577501327 -29.350188045754802
-3.6996882584068627 15.93389337362794 -29.551717511685023
-2.149685720626011 16.03657324462801 -28.057727205234805
-2.595309270585953 16.510037173317492 -25.211274197728912
-1.8836108475014548 12.42945941666768 -23.524355541675984
-3.2908599058845156 9.43117396634593 -22.894504392645953
2.3353242305235797 12.050899336176231 -18.140053287122612
12.042468082877223 10.908689245974493 -14.620047293351586
18.34326822864903 14.455419723614632 -12.668992789286584
# level 8
27.776991602058875 28.97516676408945 -9.25856451395999
33.21569443036112 77.99536981916327 11.71734772052803
27.678852571215245 50.227731568400664 16.327086583563496
22.907718449113116 67.12455234864805 1.7873672864731829
20.29645769342043 63.8739566486339 7.654630772573992
17.45237100840961 47.96239207671185 -1.3762242926234722
11.005060296682739 43.20359488046192 0.941067693198299
1.619336831663143 37.048107380224 4.2968575765337
13.339726601978594 30.816583926918106 3.0704694844275915
11.143618005331554 27.960400576774155 -33.09670242456488
2.847838109044851 26.435211625145776 -32.741906487601184
-3.933209263539114 19.10114514128417 -34.34497134271154
-5.190802247149461 14.838901616569842 -32.481226789655885
-4.32200238104397 10.25533825508425 -32.134602262167796
-1.1560681497215375 12.838730185448838 -28.731567508608222
-0.3364037705033196 15.85026258273643 -25.52100077697667
-0.06074684830652272 13.61168035635485 -23.619155318730122
1.9892648933399877 13.216395917988901 -20.356321978704035
9.64098006800951 10.715534410678504 -16.66239493413246
16.50163953400832 12.704875837931263 -13.40940251086602
# level 9
28.417547369272224 29.77875689521647 -11.0554286041636
50.2910336700754 56.00995714879298 6.236722446128013
52.03962109411053 56.11569834151898 7.376476380188614
29.599085825263305 67.58005648753857 -3.7856866562116944
31.77481911230278 62.22350648701067 26.943934870282167
19.027093366196883 51.19332588668666 3.1195423591383604
12.597566147135947 45.24879182962689 0.27927517767477555
4.96399318410762 40.49318503225186 1.424049085625961
-7.004749913344423 31.249124785421625 6.478688899640504
13.339726601978594 30.816583926918106 3.0704694844275915
11.143618005331554 27.960400576774155 -33.09670242456488
0.7080358481633127 23.41146156352709 -35.08434001765821
-9.743708431796641 11.528440509875217 -37.91452625282985
-5.849162679653306 9.313495590790467 -33.18148233217417
-6.640547679600012 4.075159391338032 -35.42747263997433
-0.8862079720538361 9.539802480431696 -30.107634563172667
1.8503580289758284 13.357407026497096 -25.447162761005444
2.780442196925437 13.787797599304227 -23.180963676854944
8.48923518538354 11.34713892104293 -20.116896697014543
15.627982272891224 12.146573459977443 -16.083531497925332
# level 10
28.10851360093786 30.806839600746187 -12.421110206690056
35.527262622400976 51.97324233214093 -4.996393544903267
45.62312503115685 51.86609836728834 4.238424803741217
25.095513300198146 72.26470850125594 -2.654596697756919
24.98636122546685 78.61986075883337 1.3291359595248673
15.470282535522017 55.63650680357842 1.7094682321154508
15.54263924244804 46.53760649326192 -2.2604882891493596
7.152709473085231 41.87004275288831 0.13432883711923685
-5.72274718942246 33.10518508669354 3.7980448794895563
-12.024220456555142 29.593609784690884 6.9797027997787
13.339726601978594 30.816583926918106 3.0704694844275915
11.143618005331554 27.960400576774155 -33.09670242456488
-5.8728891885784815 16.163725253244834 -42.37483422232215
-16.25509581211059 1.9399521840719316 -43.644880855990635
-14.122260807371488 -2.206068110276894 -42.548898176505396
3.6094168531993374 -14.411579820383448 -48.763247577187755
0.4282554007831825 7.755539890497895 -31.02735297880904
4.505985173949534 11.874477807279433 -26.067917867607544
7.543593490148199 12.169202015846889 -22.954343173270615
13.83774309083253 11.686026439902495 -18.84937154654665
# level 11
26.639928362459663 30.520920052964172 -14.867433343626443
25.733167637712896 44.62482686964503 -7.7451335673123305
20.216514385609067 67.20347134058157 16.51593498951932
55.63483020134112 51.37459102542245 20.38120825261855
55.871269788113594 64.20758564649232 22.663773369875376
26.313640283882577 78.94540553493722 0.30955490183963225
16.711763716633683 48.0007017574162 -3.622856930559318
9.386235394404792 43.32179013906899 -0.5448629654885984
-1.0357709182262484 36.38138289492851 1.0353277058858266
-10.737938060181966 29.659250496657027 1.6728203240996755
-15.884841547580953 25.617006446642122 8.998092132304054
13.339726601978594 30.816583926918106 3.0704694844275915
11.143618005331554 27.960400576774155 -33.09670242456488
-18.556909364383976 4.240405256717694 -52.47513549616654
-16.320116184005414 -2.583839855747936 -44.267830497165235
-7.314402952012205 -14.734376398015463 -43.336802097280305
-7.896282423712545 -0.40232792579764953 -38.75216716027399
1.2244072678467055 6.834712165859833 -31.860064944308732
7.4834082033240215 10.960894404290862 -26.376339809691654
12.653366323696282 12.037249686119479 -22.6114758571481
# level 12
25.330082562608922 30.13625805580648 -17.417062345933395
27.25042356512531 42.723137789720475 -10.771970158544873
29.376145129751826 49.68150785654839 -6.909106981585043
55.209508454977325 61.10813110786572 18.513467697292306
27.210182631279153 53.835324079520426 18.421396052970927
21.577672544285733 66.90033136713107 4.372216583735145
18.46079020651875 50.22130337131064 -1.8235333613495306
10.849354440159948 44.85562258963049 -0.8198897801036341
1.5868228608534274 37.847570931363535 -0.33396128015903986
-11.983730738026809 26.290118917669012 -0.10454607151400785
-11.518070157642038 24.35242367503222 0.016262383956239426
-5.495228083809523 21.166158712862075 5.399297076097474
13.339726601978594 30.816583926918106 3.0704694844275915
11.143618005331554 27.960400576774155 -33.09670242456488
-21.036593611386547 -1.4910995258232185 -54.53332281958797
0.7216136950499066 -13.657898700817334 -54.87469539318369
-9.80348993576662 -6.462764080314696 -42.42396667023485
-4.90118965194462 -0.8230478932306204 -39.664400970698566
6.001984404053087 8.026579594519195 -31.150586522629006
12.00557740831806 11.906790410007247 -26.616026974145015
# level 13
25.08824337556532 29.830619598324205 -20.171866499802327
28.6205419850324 39.5946958996612 -18.753025721113975
25.193148469824347 45.00199282370174 -10.722779277840267
23.502847810087765 57.11811461260358 -7.681293507665075
29.5180210619366 64.80505464709591 -4.518289457985247
19.967339087855976 58.86752815677713 -0.8609938214575474
18.18794544899818 52.58299800529336 -2.3221486001879237
12.137173105012161 46.20127916749945 -1.4666842999314613
5.6132339969192016 40.51799976827196 -1.7411456843275612
-9.188165984257804 29.817111291911438 1.0277430730998827
-15.406548784833358 22.554892087606422 -0.8145166119236883
-11.318448415786929 24.05697259500792 0.05334467525831145
1.533547192005207 26.591903132708076 2.0582428298875217
13.339726601978594 30.816583926918106 3.0704694844275915
11.143618005331554 27.960400576774155 -33.09670242456488
-8.549834740490077 -9.557599463629348 -55.647709919794984
-1.1853391787772216 -10.477346713194443 -57.56870213793387
-3.9087447114601384 -2.154596862556457 -41.561198915797
3.809999170701837 5.016727888389475 -36.476066707012095
11.072990625695201 11.083687091251138 -30.193769730372534
# level 14
24.817069374669035 26.527933139579268 -24.99805303699575
29.470260900952937 35.205972006760376 -25.15548277900259
26.25504507842238 43.13790589770093 -15.956022082150433
21.197983660710747 47.02770490274267 -10.014149878374868
20.923640265189945 51.08534806179503 -6.3214607765775925
18.783889950427845 56.701502120916516 -4.786790125257971
18.492484202031335 49.868407952436414 -4.087347337991432
13.081734129069982 46.84631261489588 -2.9555129901363135
7.45355527725304 42.235967745950674 -2.726040429017849
0.3327976882772339 35.606858767936885 -1.6098294747630901
-6.597614953064921 30.865838383928185 -0.15847213416433337
-7.223646494117174 27.059398724418227 -0.7464820934660575
-1.1987166256889574 26.255620903235364 -0.5444423904805034
3.4486588438946177 27.10715140383617 -0.30573728172537074
13.339726601978594 30.816583926918106 3.0704694844275915
11.143618005331554 27.960400576774155 -33.09670242456488
-2.5712635948051856 -1.7293399459093082 -56.0016212084797
0.09108039235581526 -4.150416708198669 -47.630753008494636
2.6802003958898757 3.535781850150017 -41.45042262819884
10.70830342878302 10.853654316873223 -33.35092553625232
# level 15
22.76156656728713 26.176331576689364 -27.268807298669884
27.56407299775976 31.033086810065658 -35.28982196210488
27.342857350910847 38.55579545176174 -23.56414742382143
22.862061155946687 45.867510113045164 -14.853763471895613
18.405300771410534 47.89331086362006 -9.56985392863777
18.78287287629148 48.57494297250896 -6.6304399982354525
16.834007128428873 48.19658362939625 -5.5478083966086
12.054246623916756 46.692557538772 -3.3213072247592006
7.450996563814152 43.28182513295426 -3.9443469163408897
4.345378916773186 37.688977831197285 -3.623352565724564
-0.6117665607879151 33.57158525979525 -2.102698884345288
-3.716278880722708 29.501989089965726 -1.9290607026343167
-1.981533230670266 27.58645620608089 -1.8308574183191189
0.8047415009446411 26.48267729299557 -1.5730637974654258
6.158631747250957 26.052277094046943 0.3525665065509106
13.339726601978594 30.816583926918106 3.0704694844275915
11.143618005331554 27.960400576774155 -33.09670242456488
0.07596928510335221 5.571323551673256 -49.6547256713266
2.6479462579119173 4.513264803375451 -45.02340096772488
10.450209245145254 11.811212309197295 -36.13902160094696
# level 16
20.557823139982425 27.15742997244199 -27.52905824214666
28.048677350594083 30.64188236270643 -35.727530637687714
29.01977832525241 33.82281428034228 -29.383204483519187
24.45101904892793 42.42936902500997 -19.803042187661553
19.48171183424595 46.65035521853959 -14.501421700024384
15.633520299600644 47.50930750454012 -9.105849482215294
14.204717694778575 47.548902897064664 -6.720796574679767
10.424936619770277 46.28492950500098 -4.453196176759257
6.488464650039322 42.784677362546574 -5.342848320829548
4.259618162459344 37.87343627079849 -4.740911878329108
2.702178259625719 34.94403818149904 -3.5682626828180073
-0.2690805294630242 31.914223788830988 -3.013607015111039
-1.5214787473556413 28.926664281639923 -3.002834956042298
0.0057399116656373095 26.252396907821907 -2.500097011293776
3.8672421428480366 24.39430192264066 -1.089183024591063
8.60245893758525 24.70938704341164 1.498440268383217
13.339726601978594 30.816583926918106 3.0704694844275915
11.143618005331554 27.960400576774155 -33.09670242456488
6.811936614944657 13.98905807554227 -41.17169931622953
12.187127010989977 15.08326209129043 -35.176597159540414
# level 17
19.106225854917497 27.46743833075582 -28.41398105507192
30.638485681995988 29.913767171969926 -35.84361236403182
27.37468704206912 31.47620086769247 -34.612118617021714
26.60285748031651 37.365423169517534 -25.970145513934852
20.8462461935543 43.960412458256165 -17.691437762176744
16.181353294745144 45.618613143069496 -14.220558455342744
10.992467673718767 45.78197013335186 -8.053803813599714
6.639271438155818 43.138413052310696 -7.221974573876065
3.7433327698354897 40.49786089623095 -6.970959169899311
1.7343365351896793 37.50390098026817 -6.291209067287774
0.35031019747237757 33.09996160606815 -4.9070256873862315
-0.30948487936738006 31.371194743631765 -4.233842201569326
-1.344781839338907 28.555763703749655 -4.107150075728083
-0.775601727976252 25.885886045275456 -3.8125697680470205
2.9439074284271447 22.27140525902476 -1.9461465893104752
7.627993526216818 22.381809947729998 0.4322240332877134
10.793437004918381 24.7223550489545 1.9701467683178813
13.339726601978594 30.816583926918106 3.0704694844275915
11.143618005331554 27.960400576774155 -33.09670242456488
13.190329671872142 19.646292954930146 -34.04283572472548
# level 18
17.05687274699023 27.67119096732131 -30.174370226534293
25.13358311946226 29.130581068340398 -37.019871958256516
26.62981667196907 32.948767735003614 -32.47225593565331
25.02728143294864 37.80723026944733 -25.824936038156846
22.215162343905977 41.85730982293323 -20.442595000918622
17.059823069284146 44.158078601531344 -17.44970635365702
8.660868126300596 42.850564366886616 -10.736507510705673
4.502967629067638 41.20675876718837 -8.89883392440041
-1.5651095865923073 36.104450492103155 -9.848617516033526
-5.5223600097983425 31.985785679401644 -10.64855428452226
-5.623711980237182 29.972609685917337 -9.404113344081626
-4.263338489951534 29.101162074979882 -7.420691329065379
-2.93504210282613 26.420876166204835 -5.564849492926635
-1.5526065395447408 22.228129616434934 -5.335891344269039
3.1276117027323362 19.33472751050856 -2.706867176738418
7.209022715387498 20.20675854274473 -0.8772093288246421
10.307001026671756 21.868332733060036 0.8150876638787705
13.037432898911565 25.20642787992643 2.4793682384422997
13.339726601978594 30.816583926918106 3.0704694844275915
11.143618005331554 27.960400576774155 -33.09670242456488
# level 19
14.545716582525086 28.00241126350126 -31.766329380749486
21.30612465599626 31.52403891983629 -28.984419661585946
23.37311037137678 35.01213068545476 -28.96966909826184
23.885221645105197 37.34823201606764 -26.408003053873827
22.763196730107577 40.43961605282277 -22.2423722657851
17.455881753538165 43.17992322542353 -18.854826045538776
7.685663260293834 40.81196694459569 -14.588437104667346
0.6839923509707657 37.53229238610857 -13.837739901766506
-6.667983145528098 32.5063561488821 -14.820571294112387
-8.539566644443308 25.436889149674037 -15.6050265651552
-9.265766585741533 23.312041907729068 -14.734371418150399
-8.666156434985055 22.602277975963588 -12.974914537871204
-6.182341190655893 21.179308566814264 -10.077709232499394
-3.44629134959954 18.43321273319936 -7.848000317931003
1.6550714156734427 17.221343672909736 -4.941420277416942
7.150972731216355 17.63052122610989 -2.280566075659788
10.306480238010515 19.32742310048156 -0.8739896451853073
13.613693092814243 22.984611025130913 1.491720046859439
14.591090506595386 25.69376363472432 2.8884105185382163
13.339726601978594 30.816583926918106 3.0704694844275915
