# level 0
31.336251893761204 39.70528755621716 -0.9572479266336431
32.06388056873826 39.812511175813654 -0.6390398842167547
32.79088503138817 39.91901107895314 -0.3197641488170593
33.51711728732721 40.02474093338675 0.0005666031364064128
34.52481439155264 40.29141541829057 0.3713193890730164
35.75013914586823 40.682336088763805 0.7814222299467373
36.96978152932293 41.26336983575939 1.2375313643702213
38.74986402630915 41.61886604588036 1.2195138521735944
40.54174471015429 41.635677174564925 1.3167029390018885
42.06223037854921 42.67515995167568 1.939722982219597
42.823123950872855 44.05447067991489 2.90531440876633
42.707837113326896 46.17194531125104 4.323752441477097
42.74166092178103 47.905447884543044 5.337779158866396
45.19551980276676 50.161012242851996 7.026509921614135
49.02659384888605 53.21134778828798 9.640618162830968
52.46811108949841 54.17408820795021 12.309184415729916
56.716467528810185 49.36804615993383 16.619804214640478
53.513384245673066 51.217320866136944 24.54688374727092
45.791203768822314 59.76067135875776 25.74610283687956
42.40578963184907 64.90189751417378 30.782563264427367
35.57909551950951 69.32030323461609 30.418728203599745
29.356078114902182 71.569423255602 27.074353194714824
23.302908107447355 71.78137391665058 22.352499071434064
20.276953859899457 70.93773979728823 18.716195345271327
19.27982285047333 69.84302290059094 16.328177509622826
18.977960899388755 68.87041984242788 14.000529770192434
19.02322204030082 68.19164368613427 12.26832599597184
19.987996478001257 67.06192805520254 10.770100194256578
20.677415592759687 66.17288792642297 9.443942262508813
20.751825522167383 65.78756880929579 8.605425210292854
20.64381494677388 65.19232212574238 7.498826735821194
# level 1
31.49118384128457 39.87222082033247 -1.1953098129604343
32.21996130496784 39.97960089778124 -0.8765721559853303
32.94800319408971 40.08626303300166 -0.5568625877958336
33.675272876500706 40.192155119516194 -0.23609800305256654
34.6791863629376 40.45615622252828 0.13432282688154573
35.90503589936907 40.90249109399683 0.5580307102942089
37.12441251610896 41.56869191983626 1.0346572426161194
38.86488415302664 41.94800130601624 1.0539364436906649
40.68444995641741 42.21295226734636 1.0195435983396017
41.857548488066556 43.37820134132403 1.6259245635806288
42.6896953666371 44.75890416059569 2.523545697166046
42.77835556706148 46.569170845860086 3.7079866483677746
42.746901729999166 48.26710340747903 4.734821252234523
45.16181103878192 50.30545607640995 6.450302896398979
49.194732656251325 53.56621296035131 8.528234118741349
52.14223808942272 55.004005743506276 9.719345189751797
56.392304583562506 51.679406365953476 14.596912327815705
52.94724694108185 55.9711695926256 19.10720849229928
49.85948330875122 62.1682423274727 26.945357338368026
46.084661710737116 68.97933525109889 30.906791479498914
37.63889544031512 73.12133511462592 29.261873676152916
29.78064873961672 74.42852534718976 25.25996693627642
23.01043048652971 73.80584602105269 20.305837195304157
19.75636024854915 72.2433588604691 16.643373703942707
18.72409047503143 70.76455093546872 14.113142866023106
18.640783744690523 69.50816905974736 11.800057625725199
19.176779841710342 68.45625649707407 9.95242833463962
19.989009229662972 67.18945319667324 9.406579996393218
20.541049299608368 66.41264110485173 8.186960723173833
20.69065087084389 65.98166006122223 7.424168677331128
20.705828531860274 65.30721644502697 6.857940113907528
# level 2
31.627216961834474 40.03818514615229 -1.4366311278419561
32.375837516265676 40.146669617028174 -1.1142132599194612
33.105028194093755 40.25348821010087 -0.7939740771717487
33.83359465959468 40.359583086716576 -0.4726672014412391
34.833651111427095 40.620935918169884 -0.10266590948488696
36.058040639396175 41.20692456159709 0.35452107360668217
37.279356536413104 41.87417307412228 0.8319197319862737
38.98006746494361 42.277194779548736 0.8883388084694777
40.460125867243704 42.694723663267666 0.8806398435933988
41.60247681831781 44.06126079258147 1.32900906864886
42.4171649259831 45.36043204699954 2.179710892482619
42.61524245281369 46.89250555383764 3.1993730664884508
43.01353937420076 48.59591784086604 4.267259706469685
44.944563577824525 50.29960898058695 5.852583356004267
48.95208782842605 53.65146306257962 7.464564020853912
51.77666649963986 55.38546230111024 8.1935164405631
54.762256798272794 55.02423177951346 10.538952760390922
53.58356868147264 59.086968178238244 15.303981665296394
55.23361124651103 66.25807629014517 24.920621416137113
49.04986670131838 72.61254006009587 28.52758411240771
39.11477587045284 75.81021278829424 26.707126298305006
28.29869177187468 76.10669817627038 21.255218379019663
21.94974647050031 74.75592114510037 16.598881940672797
19.08710425469729 73.37542628030046 13.405274817648783
18.3881774741113 71.67084661172086 10.986822600912857
18.701266440810087 70.07449234950758 9.04296673387792
19.426682745759198 68.62312076169803 7.7378441212537545
20.364722274735055 67.20854486307347 7.399190044956864
20.657816233981812 66.50067723799447 7.191152789551708
20.910959988970856 66.00727775205121 6.534121925037734
20.756037489831133 65.2010725542036 6.028560042478259
# level 3
31.474094897879358 40.190351546272666 -1.729239739038554
32.35496169541971 40.30522877460593 -1.3829892559918113
33.236539511096645 40.419459030310556 -1.0354605361011533
33.991823279991195 40.52698427696768 -0.709249450227059
34.98677108580166 40.84152411220737 -0.3263880999821406
36.21092540715644 41.51127529030565 0.1509850418567078
37.43418058445047 42.17957148951663 0.6291558262940129
38.88788863583879 42.65374119285287 0.7516448569649878
40.059536950087804 43.19285003493523 0.7931494943909198
41.01288303846103 44.61061659036767 1.143702432697808
41.978270409528164 45.77488585086028 1.8079886544484212
42.18790480167214 47.280085344462336 2.8390389675376273
42.67193680513937 48.567579058264805 3.4611916624018773
44.288990380877074 50.11540124917634 4.834130982786785
48.843855622029004 53.963761873941685 6.552647030789938
51.47763415165751 55.969461339903354 7.506395517331977
53.16322209019532 57.45633405495241 7.773803685311826
55.19051263667714 61.07470856508695 10.969179846783765
57.66207724869534 67.34307726928964 19.918623720258253
51.82926631830762 75.32077979254021 22.709653791817153
40.24018837234629 77.82502411612107 21.41139244676167
27.15234270696378 76.97965609289362 14.396984004456673
20.802991126637835 76.097336967531 10.274169251886272
19.355876180688274 74.67506591618033 9.235779278038265
18.81964274360586 72.59280310486218 7.959058825839539
19.089686815119393 70.6346054430037 6.535219824837517
20.234108776721847 68.28157531219952 6.115360905332603
20.9250431191403 67.28035913768133 5.933613182591521
21.070375406416495 66.61964495366529 5.878607345459605
21.103786941873437 66.01176551024872 5.6540765129419785
20.806256231462683 65.09502609492941 5.1994286552552476
# level 4
31.320827946809356 40.34254972684184 -2.021973725312625
32.20310877489753 40.45759637421142 -1.675147176319932
33.08603657855029 40.572042387760746 -1.3271414084959807
33.969432329742276 40.68575229244184 -0.9778753984687294
34.984247724039385 41.101609320201305 -0.6365272112917401
36.1828951077682 41.76462186737686 -0.1772450310343231
37.38262264434066 42.42678160095678 0.28415012522901406
38.5145635295364 43.09465888620804 0.6539501002733121
39.65882642798913 43.69134148015441 0.7056382560262331
40.423033637666016 45.16004018800274 0.958307239510255
41.3722264846936 46.2580623221788 1.5919979770945878
41.79751425448509 47.58812250739553 2.426813731086333
42.30844914645068 48.51752854990938 2.6924061411827975
44.01239388601198 50.19502763688439 3.904920081090453
48.27723607690075 54.04982796801853 5.534002196049148
51.3875710993827 56.43589261174017 6.563602340643937
52.60326554782037 58.24801005385896 6.750910775115832
54.746253941962934 61.72515679574596 7.344431394088241
57.995534598886316 67.55980474395417 11.67134172561381
52.71791036234571 75.68264524459701 14.461607525262302
39.65930386878627 78.03280379477093 7.703367675609254
27.62046486980029 78.46533035239347 6.518546042904443
22.134070329651333 77.78197795469003 6.325798613456527
20.308956855335204 75.97956733525713 5.819948810152181
19.499819756152675 73.3475777865451 5.000250792321591
19.618678518316937 71.11219044168018 4.792968311621319
20.597013389553567 68.88232069317755 4.665317496801745
21.448597135843283 67.41967595684517 4.486432938828094
21.515392620048463 66.74549259816067 4.538351398000922
21.331792415910982 65.98308195289975 4.720866960948241
20.930206629537526 65.02041001029143 4.32640777197118
# level 5
31.16783096155981 40.494714802794185 -2.3145093581133764
32.051340242325146 40.609932639888655 -1.9672147585076882
32.935560541227034 40.724503504354495 -1.618641922058106
33.83094228102975 40.85369482373862 -1.275431157095411
34.78581937865747 41.298555535334 -1.0542742031709047
35.939474626070734 41.95691230781859 -0.6535400423903286
37.141015121236705 42.620158492210734 -0.19154821183698928
38.215742645513316 43.395004195769204 0.3389808559658988
39.258425186067036 44.18973262018715 0.6182021026704853
39.941558086877926 45.65527690818631 0.8117646275625684
40.75574906280286 46.628675108555946 1.3382099197526443
41.55356216237766 47.60569793474181 1.867901517428371
42.06376813490902 48.530045577103664 2.113649588441081
43.755062305441584 50.32392170492368 2.9121477979329677
47.063893645167354 53.592254627159875 4.342723263856947
50.74540585456674 57.111814687839185 5.483365801229785
51.9762278119266 58.75444800463383 5.714591084601812
53.50916780520584 61.41514317297 5.342767792638426
55.90572963456229 67.1793473354713 5.608882772550549
51.59931564628827 74.05595258639053 4.611938328930033
40.44881612873425 77.20743989594155 1.1961390871150255
30.121244352566674 79.53432934279547 0.3262204504488583
24.345517514379903 78.3928672437539 1.734594571604939
21.717546170185575 76.23269368613241 2.4476413129338814
20.699774466941523 73.40230855827326 2.354359160822394
20.434241753531445 71.3422977599329 3.0321418241171267
21.013706955350504 69.48455771870408 3.328657480739636
22.076795314261233 67.65469044609158 3.208323097180606
21.851437675016108 66.7787794867765 3.6375487781841866
21.63840526531108 65.98829159197838 3.7416948292750414
21.236095613568278 65.02389507335609 3.346543317104452
# level 6
31.014742959078404 40.64685781794689 -2.6070670080428138
31.899480692520914 40.76224684476624 -2.25930435782413
32.78523655726925 40.8770316963882 -1.9101464581083127
33.71353673266307 41.051629046581354 -1.5857285346635648
34.669788214326594 41.50522674681117 -1.367345811046984
35.69600864824125 42.1493193023675 -1.1300185196985124
36.89931489754025 42.81346763728645 -0.6672627726880694
37.97080335886988 43.594170810473415 -0.1332233698957611
38.826129241243116 44.34766001332945 0.2890775676498165
39.48553194757985 45.5490716293691 0.29365425219608504
40.28946521362954 46.540799401398786 0.7821164605278933
41.24296809974011 47.63034971803045 1.3923198017833396
41.831221286540234 48.59393277931021 1.6938551030733848
43.5460536784019 50.57698768722541 1.758578622328322
45.51905078152892 52.8754882959779 3.033892336205105
49.80550371842249 57.90613918062253 4.347744610819819
51.23089317984274 59.290564480370435 4.578724075653788
51.85420278021443 61.28574136621006 3.325697886823765
53.032993968865085 65.66647935846643 1.320516665549651
48.980468566094586 71.79227602766221 -1.6412071079251325
39.89981328755439 75.47100733535636 -4.083566878025529
31.834873158580223 77.71602812446375 -4.022443446875553
27.174545917935315 77.67470146572646 -2.4707504356432777
23.686248814812096 74.98251630532407 -1.0470554964323269
22.517507265067568 73.17663985065995 -0.216778334709697
21.716518012536646 71.21587937950983 1.2489884198529864
21.855151394679176 69.45494511524372 2.132267213004548
22.560380073987574 67.86642038831576 2.1789114564586165
22.29441181671521 66.96008067076768 2.6392796637889475
21.94976954628659 65.84358894665324 2.742065402143244
21.55339851648494 64.67355224862732 2.319002667270774
# level 7
30.869385197826176 40.792850109123066 -2.8140061006484536
31.747837238654096 40.914581786275434 -2.5512989616160398
32.64065426626587 41.0380713261623 -2.205357325779851
33.595984786908986 41.24959205511941 -1.8961477149434964
34.55367207020902 41.7118299437476 -1.6804187277465383
35.513013604364694 42.34880091813207 -1.5296631140500874
36.65793671719902 43.00694557865714 -1.1428429984752528
37.725670769686 43.79309711593879 -0.6054570972156894
38.378064097164966 44.438497201132606 -0.32257289514371246
39.029483038941166 45.44279361415231 -0.22443407392430476
39.82325969771747 46.45313852067357 0.22601691949436298
40.81590103141194 47.59772654920153 0.833187098079323
41.59875256292365 48.65778442843024 1.2742105868403357
43.37980570807432 50.804747100154366 0.8727172898674941
45.2416241394385 53.40366301978293 1.825207316515961
48.7233388421117 57.93212648504785 3.050325807595209
50.167237111469944 59.68495867930202 3.3764482707040417
50.671724905911205 61.57157061286043 1.684307401952895
50.13362244563338 64.76614069106789 -1.5746152982907111
47.55988490476083 69.2731447718089 -4.142443911296966
41.396227744611465 72.45422699332441 -6.220912773477418
34.30490365041821 74.86913660764897 -6.261197637734236
29.552210045669167 75.57640938048932 -4.951928443273614
26.91257992901087 73.69863197902225 -3.995578160276126
24.732099881051674 72.21121194127782 -2.3503326360317
23.692229368145476 71.1815047597277 -1.0802029345162465
23.60603795228539 69.40398861709541 0.009678010223210243
23.069779658134145 67.95642794595882 1.3176681035627067
22.840834653855794 66.92238684018577 1.9358074548893263
22.332999838673587 65.55115910260685 1.7421075604475666
21.871908271410728 64.28414153672237 1.2859824200071848
# level 8
30.72468254223201 40.93800779680292 -3.008426615367311
31.596048897672443 41.066948508233416 -2.8434189404853876
32.52164677580605 41.23576592571375 -2.516313118102354
33.47849698676896 41.44760684422232 -2.20659182809659
34.43756648534891 41.91857694072052 -1.9936321383720768
35.39843248088672 42.5565433583304 -1.8426195579754954
36.41596474137874 43.20018742898941 -1.618758949587991
37.296304705750735 43.908356095677306 -1.2117409610335939
37.93038385615716 44.545958462810546 -0.9424786973911619
38.57327617316213 45.33657754903742 -0.7427720246318005
39.374154277845655 46.38981161666406 -0.33203973709994894
40.38889800048996 47.56525642511357 0.27404074678361523
41.451293223819796 48.80465802465447 0.8096453826139742
43.18093527474442 50.93949603394657 0.39861056596314937
45.00195414745505 54.16739291717187 0.5769623074486799
47.644670238466006 57.83774601241152 1.6882494177964251
49.07025750736098 59.8622188100931 2.1546640727005424
49.647296285696584 61.19097432717675 1.2815094762903536
48.1268249672564 64.30237957317696 -2.5583823378901065
46.37248613823765 67.17306071791114 -4.791492131168839
41.617528421777905 70.30440784505524 -6.793036022175629
36.123851268080415 72.82512472014332 -7.031931674715883
31.829815892731425 72.90209781871089 -6.251357447167193
28.674635928855626 71.94587180755687 -5.037976984533839
26.67367431924681 71.13477720440946 -3.6686513096847326
25.642187574532745 70.35229423065744 -2.5234042929670757
24.978866869061005 68.81226358586197 -0.9346005059405493
24.04442999093698 67.73257331216908 0.39978735788231246
23.39537441975806 66.858358950533 1.264877749857134
22.786844811340153 65.3631191354324 0.7772796679396508
22.186314584240755 63.89647219671775 0.2652374566273431
# level 9
30.580203413303096 41.08314024041462 -3.2027657244665937
31.445030426521573 41.22039628977304 -3.1359524557225646
32.402923582016854 41.43343902977681 -2.8270742117188434
33.360962187369125 41.64552260288106 -2.5169433865717976
34.32174947909381 42.12540924711948 -2.3066897346717963
35.28394451384355 42.764282719242246 -2.1554938844439784
36.221707952779475 43.389490493814726 -2.0015911070686325
36.84792022655635 44.01483213433481 -1.8317322628600872
37.48301895908375 44.65343821235405 -1.5620204333356402
38.12012739581401 45.2916167965054 -1.2895680800714886
38.945739019606066 46.35560902423634 -0.8919660160832449
39.96301609883451 47.560885039176235 -0.28361403397818274
40.9838600983119 48.82205080903595 0.3296089359893573
42.91238220378496 51.03443215883813 -0.06692103915625242
44.73886644458953 54.368892931773466 -0.06351956654185198
46.46802713912171 57.64884485521683 0.33005814188547045
47.87042925834121 59.89234036726193 0.9419971407649776
47.98602119715345 61.299470232919056 0.22700596647135673
46.654821533434514 63.976695578981925 -3.1016095011515987
45.19843119771819 66.2482915664979 -5.0237444081192795
41.72160350346823 68.86577531733968 -6.664727910245348
37.08525422054896 70.65929896401227 -7.066329597270707
33.00111659664239 70.96853625637291 -6.542868167733328
30.063029431539036 70.40070021541881 -5.264605169750951
28.146354173283882 69.91378125464604 -4.144524682254761
27.181605263762247 69.19730041765389 -3.1392203367261096
26.347485863536996 68.2187125774839 -1.8723496279731489
25.248542566943883 67.41735801129126 -0.6526323336372601
23.850890816325208 66.64754363925061 0.46874419802729667
23.124060252378044 65.13187672861663 0.087541959953576
22.473918431387524 63.68143561549335 -0.27724642283114664
# level 10
30.43541667759307 41.2282533476903 -3.397157366239208
31.319987583219348 41.38795922610018 -3.3189946365239553
32.2837387313133 41.63107632972061 -3.1380654852935175
33.24343381631779 41.843547577603786 -2.827423940005853
34.205473934660354 42.33202021501097 -2.619905762944248
35.14099454695248 42.95744694011157 -2.4669261771196416
35.84465704074943 43.46332213313061 -2.3002837598235955
36.47266333514327 44.085086025394325 -2.1443011970246597
37.08099710252979 44.73822711002943 -1.9903096992871285
37.691003351965044 45.391223673532245 -1.8350497489081077
38.518840259310224 46.37347798570289 -1.4496981337981267
39.53956435236005 47.6370123873732 -0.8378063774603253
40.56193782819532 48.89995894079145 -0.22361023632296256
42.330734801420164 50.93102288125458 -0.41467521363966364
43.90671402205564 53.75710788596679 -0.6445562211615842
45.41932686559693 57.56207459585073 -0.5934175288396915
46.59874684888183 59.7400524929304 -0.231161592118025
45.966830646978366 61.82776466207922 -1.4787214467658192
45.58893798011192 63.720559826990694 -3.2415706757355167
43.95592497602449 65.58189806124385 -4.988048479448331
41.43573860476948 67.3754882904141 -6.281597691229605
37.6893253237032 69.06236361263096 -6.907907372219919
34.231543911179806 69.20181555076365 -6.302792876536676
31.291733629719417 69.05465262939042 -5.35308637546284
29.34929456768392 68.7687135020238 -4.239616691845759
28.175807902157764 68.13976853858408 -3.1998667219156958
27.123153082918016 67.6544443182005 -2.4071693812603585
25.94991442960432 67.20268114086485 -1.4097465723870968
24.492503714902107 66.25628398990679 -0.507808080683273
23.401820444420366 64.87863496747734 -0.46178166596063347
22.768844970659295 63.49493435630547 -0.7632045412763653
# level 11
30.290801060511402 41.37338492061106 -3.5915282659976335
31.19477706424457 41.55356354780395 -3.4937927074392783
32.16070301246315 41.801231678152185 -3.3304233082169454
33.12605295260462 42.04148357161066 -3.137708835705128
34.060033659072175 42.523711306849165 -2.931400565385267
34.76313248396909 43.030594239986804 -2.7657494931289897
35.46773780774731 43.53717860741742 -2.598902831494269
36.10077397424652 44.15328612793627 -2.4420601378868176
36.71011573471809 44.807569408371876 -2.2878395961735687
37.32105973279596 45.46147748395563 -2.1323007545370083
37.995867888156276 46.307884478258664 -1.9211720389949587
39.11596909984351 47.712816925564084 -1.3920121186327061
40.13995917964332 48.97775381981647 -0.7768414603768752
41.70709269909366 50.8010616929951 -0.7464651962983675
42.91359753741477 53.00759524644106 -1.2581855775080757
44.66559223805009 57.581317036346235 -1.1749232761279018
45.33307396926774 59.58763057689036 -1.4022838181314634
45.3567716930284 61.93000426151339 -2.5774944626530756
44.62104722445194 63.25578797768148 -3.320474899660769
43.1766878079131 64.50498540357519 -4.318170799303735
41.04085258142733 66.08197331495697 -5.667786138309144
37.777351607578154 67.66173748300614 -6.304069691573078
35.33956010988709 67.68882258289428 -5.919116000057436
32.04845119856606 67.9550188401922 -4.999362653838892
30.343154535517655 67.64497222679415 -4.125007490143727
28.811954659105112 67.42692830222148 -3.4304449011077356
27.544224216231598 67.14665094762549 -2.7381219883643935
26.383418364845006 66.74979056970247 -1.8276726629388405
25.081098178948327 65.80825931143866 -1.4407717267828701
23.679436209358677 64.62540749302018 -1.010916575978779
23.063777442342364 63.30865086190811 -1.2490171498541438
# level 12
30.145932466880684 41.51844578439915 -3.7858820707927165
31.069402311965973 41.71918640184064 -3.6686656751302142
32.036911023198485 41.967184723962426 -3.5049698094653543
33.004804845298324 42.214494386455 -3.3405969918703553
33.68098955334139 42.59602338410139 -3.2305126594757327
34.385031208219594 43.103615491650636 -3.0646573428807713
35.09076422366428 43.61099301598256 -2.897532958270312
35.72904582180453 44.22166641811404 -2.739781365820463
36.33919397674412 44.87686345519002 -2.585377588926647
36.91504757984393 45.52746911658835 -2.4489271797711187
37.421710341919145 46.16941094665038 -2.3491732344111895
38.55765935178668 47.596554525473984 -1.8310680972219202
39.69614531636357 49.024275928930976 -1.311062107946027
40.93367514380473 50.60479232117899 -1.0851967025441338
41.99366150098186 53.41066391813261 -1.594239934544594
43.72458347118638 57.488437165777015 -2.033205263395816
44.9754808964939 59.39034492175561 -3.079230626666174
45.53721300088194 61.44714320295738 -4.269840476370936
43.68527971030679 62.927398879509454 -3.866030081482128
42.29021645707529 63.81832290983975 -4.2219657069512735
40.2411517858016 64.82177897363633 -4.622544645923144
37.5735167838022 66.1897315627267 -5.383002122173448
35.02511221972017 66.60827988499358 -5.111278180110112
32.80424173076198 66.8609417313709 -4.651335863495962
30.999238179340026 66.96649847121459 -4.188841066825588
29.398670453630913 66.88939172238229 -3.6536843075444665
27.998857674517367 66.63268647930116 -3.0467365263153434
26.687106611066252 65.99664391310175 -2.5188616655076963
25.346460242905685 65.07167881117233 -2.103900344312454
24.002086326527486 64.15126194150652 -1.6837431343974751
23.259288785373055 63.14769882200109 -1.6261522503809616
# level 13
30.001178139451156 41.6635841497124 -3.980293725241565
30.944067626557743 41.88486237349831 -3.8435651564554596
31.91290955464894 42.13321572778678 -3.6796540484000886
32.719389353631634 42.39993449322695 -3.565765114354397
33.313458796213325 42.691052207860444 -3.517554811109232
34.00697610458575 43.17679838161622 -3.363632240395327
34.71365195001173 43.68488508035974 -3.196303611446184
35.35717929126655 44.29013840663188 -3.037642275841139
35.96826519484877 44.94624695578882 -2.882959607689778
36.50343434813788 45.59273510557623 -2.768577907746911
37.010965379075316 46.23565665203119 -2.6686689299102904
37.9850361431335 47.46020174956211 -2.258424519892784
39.12510389532571 48.89007807860127 -1.7377448639958117
40.083700595459725 50.49302184637269 -1.348151480168574
41.1443096154538 53.98820221522632 -1.8393585663149508
42.50663315259271 57.15555565867861 -2.811213322744455
44.523452868090246 59.2361605820022 -4.7542790233558065
45.521015927199656 60.565678560529726 -6.152291132963084
43.50091043484845 62.22854262897543 -5.49270022663371
41.48309983460267 63.40920179796559 -4.313957230688956
39.86668112785065 64.35572849550351 -4.486612174806595
37.14492102208234 65.3583747161114 -4.876309016383571
35.11980137847283 65.82774483675502 -4.907388124237951
33.10559449004416 66.19934495795314 -4.698671828250863
31.584267626686206 66.40968992135049 -4.369798343615983
30.014510244645585 66.33889297972097 -3.856784127988581
28.210765116609817 65.82959758723024 -3.4686932935221995
26.74707637049847 65.39581436178642 -2.983904954920346
25.40127352295135 64.47169052647754 -2.565202275864698
24.21294377828828 63.54580570559388 -2.225988432377303
23.434201160160747 62.679449425696774 -2.097055951846879
# level 14
29.85647177566819 41.80869413147926 -4.174662644147611
30.81886349998195 42.05047261141454 -4.0183654695935855
31.789038644931836 42.29918099786969 -3.854239119147704
32.398900761839165 42.58952099081327 -3.801833359536782
32.99361327827474 42.88102955285091 -3.75361675206938
33.62900183416974 43.2499127954396 -3.662511139273189
34.33662050957699 43.75870866859469 -3.494978265985371
34.98520388210426 44.358309096460744 -3.3354504279441084
35.58571389201587 45.014010364352664 -3.1866888650111935
36.09208929938376 45.65804858387905 -3.0880569813516807
36.60027437827928 46.301865345721836 -2.988046377969434
37.41264336190892 47.32402193960239 -2.685642631381278
38.55442594462397 48.755944376118435 -2.1641499723444975
39.3635145939255 50.15672796317971 -1.8796431427193256
40.2140591188581 53.215299639836175 -1.9395166963807078
41.543535708340904 56.55449947503962 -3.224195124622773
43.24368784372174 57.93820443437381 -6.016014704999687
44.947002259364766 59.43018360870542 -7.88912640094756
43.27270058994422 61.09661752531096 -7.542945933780995
40.41058999525866 62.42803241931138 -5.064024449150356
39.560663196433296 63.89578994695257 -4.373202743917306
37.19790622913774 64.79690496804565 -4.7462358144611265
35.21530461811875 65.26941577705816 -4.861016205263185
33.40483176913499 65.53702393199575 -4.744969354230978
31.76665139190608 65.66600134600183 -4.551257822654317
29.99918707259571 65.4054908747333 -4.379084434213064
28.18673868277621 64.87849064729076 -4.019714231056918
26.792779667780827 64.5636239069898 -3.49399775519912
25.473764708353897 63.871531687099385 -3.0354754390611216
24.424886141298913 62.94047556976833 -2.7686564709735673
23.60517812400084 62.06371741848464 -2.618959590322061
# level 15
29.722427151859677 41.96630315713668 -4.356849107911454
30.693495140102293 42.21610138166368 -4.193240679507337
31.483900154757315 42.4863637722592 -4.085293908619055
32.07819238790289 42.779055626405004 -4.037953279141356
32.67385626801861 43.07100857270361 -3.9896462421503567
33.27084663532587 43.36214497562528 -3.9403428267136036
33.95971957974655 43.832574173597735 -3.7935904969928704
34.613556157792544 44.42677307122578 -3.6331501346825177
35.17369424469211 45.07849935849076 -3.506312966771337
35.680723700018106 45.72343279340499 -3.4075794575661913
36.189703768551524 46.36814493821873 -3.3073669339162315
36.84019480823794 47.18776669072821 -3.112884650210173
37.9622692165168 48.61960119250511 -2.605831000954995
38.64758056218552 50.01063221837113 -2.409950746992226
39.36312560072816 52.56343766637885 -2.2040420174302824
40.195 55.848999 -3.8832
41.45429697125378 56.05927414299941 -6.780886015620641
43.13330741941411 57.63999235703297 -8.82777304437813
42.203330262721764 59.785223519666 -8.774332716194458
39.42307506536514 61.14179339366481 -6.026414537886005
38.83782515558954 62.573517041233615 -4.917281431142564
37.00047707434601 63.89515661730851 -4.848667831221032
35.14154944865188 64.49142349469798 -4.974443392102437
33.38117805202708 64.57413492219419 -5.061056061065459
31.782227870646345 64.8042417931583 -4.929411746552166
30.014840498964162 64.55468490136604 -4.758287954390797
28.178757208631126 63.9349168378312 -4.5492877637816544
26.835302129273245 63.60192269227866 -4.020609382252459
25.677615399236696 63.21892862576432 -3.5817398467259984
24.63666341892691 62.33486103284561 -3.311367432450598
23.776326461970086 61.448257765195315 -3.140847942305776
# level 16
29.5959499087308 42.13163803931772 -4.531904433891553
30.568212093074067 42.38172384385258 -4.36807956214467
31.162374084601996 42.67553333398193 -4.321501777800492
31.75746353651461 42.96864280396029 -4.2741127814498725
32.35407878031047 43.26104013451986 -4.225715314935276
32.95186636638475 43.55259415327408 -4.176363532625608
33.582764298835244 43.90639761287912 -4.092213783105723
34.24173668914399 44.49519103902597 -3.9309535933645114
34.761490534767326 45.142835280005 -3.8260058775275976
35.26946720656588 45.78877608360519 -3.727007597500494
35.7789603813776 46.43438327622367 -3.626793743026981
36.290404169396766 47.07976917874167 -3.5251008741086522
37.245442120058655 48.471740696370034 -3.1364058199314333
37.931601722245 49.86466473221877 -2.940325776761328
38.55430351385706 51.68072410515154 -2.883537366715535
39.14691508389524 53.872374380886285 -4.082637836919039
40.023604150995155 54.25566709898729 -6.819898116871981
41.38696222712556 56.18321061832135 -9.166724372361866
40.232018185109375 58.38984264583568 -8.916434087974068
38.45341352228009 59.82799262605497 -6.775875682016457
37.881084263156474 61.19405182457214 -5.6358902351117175
36.52822451176572 62.48279733035818 -5.263858611404201
34.9535775980565 63.325784809484425 -5.381028206916478
33.23290691372591 63.466167171934984 -5.436864260635401
31.72771391401116 63.83930758590723 -5.3064969280559176
30.062856771807642 63.68456114402917 -5.14463833276458
28.345537845297677 62.99142769548391 -4.962104365067766
26.88102434207078 62.543926666288165 -4.543478160150663
25.794664045296894 62.12379119204739 -4.157338433732889
24.832342411268662 61.646261154305925 -3.859605334763449
23.947218193950462 60.832428731565045 -3.6627359244272317
# level 17
29.46903039078199 42.29685654951405 -4.707032254742775
30.246068048814763 42.57030740452225 -4.60420230618191
30.840782377216012 42.8646778021385 -4.557719258753444
31.436868352587382 43.15830929190755 -4.510269803811681
32.03423565537167 43.451046602769935 -4.461793999491711
32.63297460512608 43.74304500578511 -4.412351787658444
33.23304004207203 44.03422686542336 -4.361913197379425
33.842586167681766 44.56018462365385 -4.243363082021533
34.349407215910794 45.207242100325466 -4.145641896171525
34.85803793566745 45.8540781193135 -4.046541990598788
35.36833738527195 46.50069251303486 -3.9461636600254004
35.880435221249186 47.146973630940685 -3.8443691655614414
36.526596648217065 48.274782089990495 -3.6458714472707516
37.20961456150552 49.572231310176775 -3.4077344821592734
37.80138287895656 50.906911413368626 -3.3841994012808727
38.11997640352454 52.15831404488807 -4.134690667915066
38.74774402934049 53.16288056249351 -6.470216009780728
39.90433728471914 55.17276448597238 -8.927939347262983
38.76816476318607 57.34022063347087 -8.746142574905043
37.43992006521314 58.58719350541186 -6.766904755010508
36.86862139700348 59.91181027641787 -5.828721895366144
36.14197030927062 61.07706365777736 -5.63647129713431
34.62864476047683 61.78554688231188 -5.795751228450354
33.076506268796216 62.335296474103366 -5.814281151984654
31.542858294904555 62.63016509339866 -5.68950443011599
30.053680178278814 62.57091053537361 -5.54557883358997
28.512986518956936 62.04794619778072 -5.375094372926724
26.926515385115078 61.48568216150438 -5.066341494526181
25.91145886463239 61.02865504999933 -4.732798972966068
24.949115436627398 60.669503905372494 -4.408781929514084
24.10793622703764 60.425160892796 -4.186045540451641
# level 18
29.329518745011626 42.463559877513816 -4.886072743499813
29.92381279012288 42.75911356723821 -4.840465674061041
30.519324337291124 43.05390158068701 -4.793934259759662
31.1161623716509 43.34787305075888 -4.74640646701253
31.714481038115345 43.641054745882215 -4.697840233168955
32.31401720663677 43.93347076472995 -4.648349654462773
32.910763984249 44.18521113715563 -4.575679775088547
33.37521797801528 44.569243807846 -4.535095622787068
33.87064169972502 45.205103426427314 -4.431017453802626
34.36828986391503 45.84120531003008 -4.325827036643183
34.86816247058532 46.47754945865428 -4.21952437130874
35.370102607712326 47.11391897328771 -4.112138593733452
35.83327253583717 47.844487072695905 -3.996374845065008
36.478457091029256 49.05399235772114 -3.777825457323271
37.15115278987136 50.360807922750766 -3.570646785059537
37.373942735455586 51.56678131830572 -4.114441722811209
37.89972264736858 52.573866495612016 -6.022460049917158
38.55318108787181 54.48383243489897 -8.264911399487016
37.776022232828446 56.31313913073438 -8.316924863400551
36.426856089626895 57.35123792827156 -6.748398433466436
35.86485752205864 58.74934086095829 -5.980001144552158
35.51388220672618 60.18967605023608 -5.848498245667004
33.99838010299084 60.89896492710069 -6.0080336114184
32.805112925675985 61.08785918144036 -6.163849560634081
31.33207592178301 61.34502939131939 -6.078098797048669
29.843470092094094 61.26414988522052 -5.932874412900741
28.399296728382442 60.835165639317225 -5.768898960987748
26.993324032852392 60.45987627826416 -5.595123051057032
26.032238669587482 60.33068862148749 -5.2217862395044925
25.07075585425894 60.20352355840413 -4.846613925273843
24.24751125796933 59.93959581873672 -4.648286071780941
# level 19
29.006400630322062 42.65192333083102 -5.122394090023358
29.601337749287197 42.94786786795957 -5.076780716362356
30.196717725192105 43.230603432182015 -5.023123826834144
30.79012730352867 43.483193942076 -4.952251926840731
31.38473766601865 43.735516936186606 -4.880758139633999
31.98090079097159 43.987698722990785 -4.808585978186556
32.57822131504444 44.239564167028476 -4.73577845499965
32.95196503088071 44.596966515301965 -4.7408577110347645
33.349301651113855 45.1605229746346 -4.694705032255709
33.84774096778492 45.797617302507696 -4.589342739674375
34.34824122254937 46.434829047180656 -4.482923530603307
34.850972512157426 47.07219100608442 -4.375365877606134
35.31144082163628 47.81110861629321 -4.2588715239614725
35.763708492493436 48.57390639851525 -4.13947211236459
36.435148631477304 49.83897067446689 -3.907644141470537
36.70790598094676 51.00019846416603 -4.3088525260488355
36.48111079509133 51.93630459810977 -4.822685551138145
37.365434950179036 54.05910542921624 -7.525914353210116
36.34997137779638 55.35358821591808 -7.073311452868035
35.40072782358294 56.501141681078565 -6.128606082741346
34.90925756481703 57.6720366786427 -6.258288425667212
34.58076001828695 59.11047898536124 -6.1367893496201695
33.404161772566496 59.95316383336734 -6.220000701255508
32.31201596392694 59.9740192850589 -6.375106974828274
31.121232153917028 60.06027700748608 -6.466574460140643
29.633468883499695 59.95727529671567 -6.320251859710487
28.2846185548415 59.70162754252202 -6.170354903253707
27.1478368529173 59.801492539726674 -6.024522466371583
26.15531486579656 59.86493605973477 -5.660147796105938
25.192349656562023 59.7375269465659 -5.284435910034054
24.38725794248375 59.45416882011077 -5.110501844002628
# level 20
28.676576221136088 42.77707458118902 -5.323603682880279
29.26802297954238 43.030424085092925 -5.253946019338403
29.860824818740106 43.283544813960376 -5.183631487806439
30.45502512376278 43.536485594774476 -5.112673562810527
31.050580509576886 43.78919760055213 -5.041058769824534
31.64749097618243 44.04168083129332 -4.968787108848451
32.24579990861292 44.29398411398117 -4.8958720544084215
32.58651127385722 44.66752445205639 -4.9126323501810765
32.82806968396187 45.11611843183246 -4.958379085233536
33.3271366487271 45.75408035575432 -4.852900248915575
33.82827114394906 46.392067645685415 -4.746338300356774
34.33163008165128 47.03029720063794 -4.6386641036229745
34.789553579705974 47.7778062453161 -4.52140786610634
35.242527490096755 48.54179132388551 -4.401821438657856
35.704737711912394 49.322309096815665 -4.277495892756641
36.040279036443344 50.455807414636 -4.48819250799618
35.82956845627457 51.63959408311587 -4.876549725112356
36.03499615821251 53.3073709335814 -6.06313964159386
35.09158751315351 54.51255206733466 -5.84952214485235
34.809841578003144 55.951273441752875 -6.050129146598165
34.33061410546517 57.13833627090556 -6.179816150682145
33.73397134052536 58.19266279414719 -6.311553205051202
32.91236567708526 58.8392863883912 -6.431074964466949
31.818885944129267 58.860151579232515 -6.58637265979307
30.72702016499052 58.88569349439187 -6.740849258379663
29.587217129844586 58.942325287357086 -6.731732741380518
28.434227128069995 59.038008023348624 -6.61096879713296
27.302864258678973 59.13871713283264 -6.453732695582266
26.300559018938092 59.255859237012984 -6.091435018262584
25.313896843536654 59.27151406985782 -5.722247883794741
24.526758344669755 58.968524924986994 -5.572768301360911
# level 21
28.33919075033973 42.82932411911291 -5.484254872070942
28.931428235432136 43.083023893936925 -5.414511183526567
29.525175097953998 43.33653363447143 -5.344075646215337
30.1201661296628 43.58982468620565 -5.273031696216931
30.7164688571295 43.84283813592032 -5.201317403702296
31.314170050421154 44.09567163758163 -5.128959717723715
31.913380621142252 44.348315104953414 -5.055910182978283
32.22121657830802 44.738176733228705 -5.084374991985653
32.440088063174365 45.17030336913855 -5.1437300413030815
32.80667207016444 45.710518196153956 -5.116377905775963
33.308597717867464 46.3494979303554 -5.00964408179527
33.8125908960272 46.98850303056608 -4.901827145573741
34.26781628306344 47.7444808666701 -4.783863979318626
34.72151276008332 48.509542102102834 -4.664065797472879
35.177151548949396 49.27457026977888 -4.543267403366808
35.423759182003565 50.132087879884686 -4.538034286981415
35.2435740312239 51.47024896738711 -4.903996537232741
35.06537818067561 52.810712063470795 -5.269861807063956
34.690321969387625 54.115412107796644 -5.623269306805234
34.22404218524158 55.40535922900742 -5.9679587079799505
33.752205307506934 56.60454485705856 -6.101334956028486
33.29214860613747 57.381979723753616 -6.387207313103397
32.821046597263745 57.956022569557334 -6.720306327058795
31.789628115347355 58.01741326614908 -6.896746560161045
30.705510441199483 58.04802190792933 -7.0533226743073385
29.59775507903508 58.33478016830475 -7.175810648078321
28.583744447670618 58.37461349930025 -7.0514312539578
27.45790483985074 58.476266172344566 -6.882758983180498
26.454060088943095 58.593528568240444 -6.519939348392246
25.449925376288444 58.71350386979587 -6.155464096920666
24.616049777320548 58.54756641908327 -6.072443129676716
# level 22
28.001761234390127 42.88161122548068 -5.644945928294174
28.594789446168647 43.13566127122483 -5.575116214747301
29.189172738738627 43.38948254193252 -5.504629633210337
29.785065408738028 43.64311377835068 -5.433451202906525
30.38220224792436 43.89652632596856 -5.361664359915534
30.98084846454016 44.149748839296926 -5.289185668157689
31.58084976194737 44.40274257758883 -5.216050108409759
31.85568239653881 44.80867565726797 -5.256161941729874
32.074906591327945 45.24147010678391 -5.315602875783455
32.29563622406007 45.67398932148495 -5.374341480257091
32.78852997813848 46.30665454881694 -5.273090072466519
33.29330771641592 46.946744144088555 -5.1651274565742025
33.745850639865246 47.711108387575976 -5.046430170868964
34.20009904683566 48.477208371673875 -4.9265021671784615
34.68151285859054 49.24721178232434 -4.781021480422061
34.97743457185027 50.00635684253292 -4.6978940436372145
34.74910895773947 50.99273828243554 -4.949967438643115
34.57067641069797 52.33451582011935 -5.316211049902195
34.25654628807389 53.66011192356427 -5.639751145790047
33.79856845317507 54.96798423720951 -5.917845608611862
33.40115654994695 55.609671416066504 -6.277554306614981
32.953191042706685 56.36256979769354 -6.578034385662454
32.47731504876596 56.90851826858229 -6.91705795073233
31.782790202240193 57.187143353822336 -7.212125328666251
30.6609005722417 57.334882856239574 -7.394504821817584
29.45654931927912 57.787448731002875 -7.623917880512659
28.55367115203087 57.78238976202362 -7.49657373727406
27.603658835017924 57.81689063934444 -7.313658534018485
26.52607039623733 57.961299962223805 -6.963841509197304
25.44876683847356 58.10820976413804 -6.612110036402919
24.652979176929332 58.12216873293001 -6.6242598196144575
# level 23
27.94368687707333 42.95285199883553 -5.723246049101621
28.258239545933048 43.188307346498505 -5.735692724181411
28.853413565189125 43.4424788881263 -5.665120117641951
29.45009696187464 43.69646039546458 -5.593855662335642
30.048135439351597 43.95021312776641 -5.521934339039245
30.647528997619986 44.203737085031776 -5.4493561477527575
31.24832102171332 44.457081094243804 -5.3761345630023305
31.490218202223293 44.87919871891541 -5.427928870882582
31.70979510693521 45.31266098203744 -5.487455689672318
31.930811540614542 45.74569860864547 -5.546255713510515
32.26875889092818 46.26400285344369 -5.536427074822806
32.77148553604623 46.910838195657675 -5.4278593587479795
33.224189251537915 47.6778614484952 -5.308858939479879
33.69570316050329 48.447461988205156 -5.172476832921584
34.2146975955732 49.22447896360785 -4.990757869918696
34.54570968486909 49.987247605368495 -4.892172941636753
34.280414110697755 50.705078827972805 -5.057338949845167
34.076052798367286 51.8588756965583 -5.362664022700681
33.81674520731083 53.193455345915964 -5.703668788475504
33.367351873552536 54.42322453759945 -5.994309940742464
33.026495578529385 54.73552227748991 -6.424972679937937
32.61421859513107 55.34343011450689 -6.768877079895068
32.13374133427173 55.86114653722855 -7.113704312362076
31.63855669757394 56.26895142376833 -7.479219557597246
30.60468919321642 56.65995133339856 -7.743799406326641
29.37775985199206 57.144976436269395 -7.9982742284110895
28.3582806078225 57.18577092192849 -8.181129351048153
27.43229253682331 57.19072657076904 -8.0693066738455
26.495585214705393 57.36755769559986 -7.426556331510483
25.503415208283798 57.48407542741036 -7.139619595926089
24.76310913026201 57.490688902475355 -7.140948222944399
# level 24
27.886090980339223 43.02402350347117 -5.801387189128841
27.921613226798993 43.24093277112198 -5.8962856593638024
28.517688884345674 43.49544449743372 -5.825578572518941
29.11516300771732 43.74977627569213 -5.75422809221013
29.713992211880395 44.00387927891407 -5.682220743911234
30.31417649683489 44.257753507099565 -5.609556527622253
30.90644460183934 44.515506571171045 -5.53939941084978
31.12477970451047 44.949841675904366 -5.599726420705835
31.34464341016961 45.3838223509334 -5.659314658860134
31.565923479751152 45.81745758433782 -5.718212544184702
31.788708987275676 46.25081758292735 -5.776408099929323
32.249062380455854 46.876480045655086 -5.690514806458895
32.7102701531467 47.64563663589127 -5.563619601701433
33.22804319531708 48.423610161991945 -5.3825189538639675
33.7476813347849 49.201679740721744 -5.200580690425406
34.11396297788582 49.96798271373688 -5.086451951937205
33.84836067585005 50.68682091383957 -5.251820030180932
33.58446700762952 51.40577645121292 -5.416421829787553
33.37692778456466 52.72676556464491 -5.767586935463631
32.95813387085303 53.688666259239085 -6.099812613364593
32.616866126143385 54.001342089864096 -6.530995621445691
32.2753961935183 54.324042498462056 -6.959619226098304
31.789292982856676 54.818618365589415 -7.358200754441581
31.28813586660893 55.257666445290376 -8.040547249671876
30.472321158994333 55.828929318090545 -8.795025237027039
29.240196218838136 56.30758319321531 -9.08186249197337
28.093179399013735 56.52396447162289 -9.177300329858799
27.17800105995878 56.54557222818225 -8.9960488928666
26.399115832304865 56.758791738700275 -8.024624183588093
25.589889682335198 56.84868389024919 -7.691129531454699
24.873375845000304 56.85910795786097 -7.657698835208141
# level 25
27.82847874312066 43.095219403114136 -5.879552350093844
27.806242678845464 43.30865793725761 -5.991643301729974
28.181776872999293 43.54839954232715 -5.98610190844712
28.780196019695055 43.803120332252576 -5.9146304223590445
29.37981595054425 44.05757360639464 -5.842537049057652
29.980747577151362 44.311749278517155 -5.769773333240028
30.540702255851464 44.58552241500603 -5.711105254485619
30.75932415946981 45.02037593164634 -5.771493683706234
30.97945150103116 45.454954213471765 -5.831179783346902
31.20108428053548 45.88925726048227 -5.890163553407621
31.424156589007236 46.3231356709788 -5.948420528516807
31.726600024231537 46.842086841593996 -5.953185178872544
32.24192396685786 47.62081555459264 -5.773905972895695
32.76033826839293 48.39972828559995 -5.5925793685375975
33.28061766722547 49.17873706923642 -5.410415148578399
33.682203910062235 49.94884066627388 -5.280744267594761
33.41618002532485 50.66865017152665 -5.446364181810653
33.15197489965899 51.388473437080485 -5.6111614549244955
32.90959085570543 52.25683920525995 -5.823152962393363
32.549011899491724 52.95414549079915 -6.205240501830404
32.217297463663215 53.29332251830188 -6.636880871615688
31.90767347167975 53.68885968660055 -7.067901878745903
31.435939488356908 53.826991733657785 -8.128870322958747
30.934172794858107 54.26655608276087 -8.81205073601607
30.153165320254445 54.84625285484198 -9.605907630514821
29.096000829558772 55.42006352762451 -10.209193224765821
27.881773536597212 55.759597344067565 -10.229756590486481
26.92351188950385 55.900312711031305 -9.92282176336016
26.18783555718406 56.12478498880148 -8.701151452105556
25.52667707594713 56.24161483340933 -8.032886538125677
24.892962005420276 56.2393925163183 -8.126736249760635
# level 26
27.77086597891953 43.16642202594574 -5.957720900965619
27.748608482736007 43.38010978800931 -6.069939056880162
27.845942739392473 43.60137267731729 -6.146606689346812
28.44515261277436 43.856443738162845 -6.075049178256242
29.04551988527615 44.11119845624193 -6.0028563054262065
29.647439920240892 44.36581196701458 -5.929985058355463
30.17483062347014 44.65543854567374 -5.882829230170628
30.393805237011282 45.09095987592014 -5.943303544127398
30.614219379519845 45.52605656965254 -6.0030510631326255
30.836138959971393 45.96087802857005 -6.062096252557911
31.059563978365933 46.39542425267266 -6.120439112403245
31.381012881873122 46.81388482692657 -6.097995141488042
31.779352946726714 47.59589586968298 -5.981095955072958
32.2925883797309 48.37581635902921 -5.80265807694246
32.813669964027625 49.156027498404086 -5.620213075353708
33.250427751817426 49.92968221366159 -5.475043292081334
32.98409713921562 50.65049869641274 -5.640865276332535
32.71947043084815 51.37129326711664 -5.805914385418537
32.4795287246964 52.03905138615246 -5.94871708637631
32.1917702961077 52.35481006613277 -6.310055679051168
31.88039047581053 52.74858253202538 -6.742025508425074
31.570473906005365 53.14477014615912 -7.173557048027911
31.110624759253206 53.26292621165257 -8.24465966412188
30.580127113563318 53.27560269314978 -9.583647871728628
29.81792807204085 53.85351620006562 -10.34800294087741
28.897802510445022 54.572317040145116 -10.82665102800339
27.69829048070348 54.89944035922953 -10.997300534857457
26.738066999365653 55.272005947002526 -10.460908813448098
26.02540612885918 55.502679479335 -9.101131409415455
25.347714966261577 55.6565732906044 -8.212380282122131
24.63059991882863 55.655649244217564 -8.420578265920328
# level 27
27.71324897222193 43.23760334161397 -6.035883511574825
27.69095794614209 43.451586033768315 -6.148258832968134
27.668884593574802 43.6652932901093 -6.260335989757996
28.110032786955205 43.90974649342294 -6.235484359901724
28.711345082781126 44.16489022316905 -6.163170481292424
29.314012459398477 44.41980517787873 -6.090199734693041
29.8090737617121 44.72554477849266 -6.054571849775969
30.028246102179867 45.16151431383634 -6.1151195598475185
30.249012954611217 45.59727882117483 -6.174952963588901
30.47119617096498 46.03269788688874 -6.234096014500553
30.74862998977016 46.45319418597018 -6.248414657869878
31.108942612304357 46.85159644266009 -6.195240717844221
31.501179927051716 47.56753572891831 -6.089263235051471
31.901200668307176 48.35073335313844 -5.971762547684231
32.34651881802559 49.13313812498168 -5.8300907770541395
32.818634503151415 49.910507355900016 -5.669349025396916
32.55188230784798 50.632295143801244 -5.8354228456202835
32.34101974747822 51.22833346473446 -5.9499966968302385
32.14526633809327 51.79304820898534 -6.05118218411242
31.858334974620636 51.9870832636978 -6.40825559631776
31.543559908874197 52.20383807591553 -6.847098521180621
31.23316884947886 52.60046777762867 -7.279229370458843
30.78851339588094 52.74810486347448 -8.284965373026555
30.255253508808593 52.731392708914846 -9.671032731020148
29.56555946435985 52.9978535259847 -10.588580519782006
28.643508239443854 53.6803982010878 -11.252282385364897
27.53398027188966 54.1551231466901 -11.177671828262891
26.575844125225068 54.60126241302599 -10.521272149681518
25.863179522864073 54.88049783443178 -9.501509391001917
25.168495420259745 55.071460927909484 -8.391918049317649
24.368180828418687 55.0720299058182 -8.71441386971031
# level 28
27.6556489833579 43.30873754663107 -6.1140115439112
27.63332442738174 43.52301516887617 -6.226544030783271
27.611221260432043 43.73704538565993 -6.338787683221233
27.77515614680194 43.963096687415714 -6.395856038983815
28.377259169313966 44.218590688081946 -6.323456135372021
28.98067388758393 44.47380708672864 -6.2503858892439945
29.443344143477198 44.79544655233125 -6.226233541296396
29.662869193867763 45.23208390128103 -6.286867136104095
29.88389968220131 45.66844601541592 -6.346798401331851
30.117457718909378 46.101270967613964 -6.39690938773516
30.477208208291906 46.500436968528895 -6.344040024264191
30.8379784776479 46.89938401027375 -6.29080474661373
31.223195982781903 47.53941440722709 -6.1973682442807645
31.623817312081783 48.32370375820473 -6.079686829292282
32.02540837761538 49.107937869605024 -5.961620435876579
32.392398744243366 49.859978582189704 -5.853707506716187
32.2044302864814 50.41714383282381 -5.950578416698452
32.00716729717692 50.9816670344082 -6.052280070299119
31.811182296549966 51.547063139893105 -6.153586038161216
31.52724127137669 51.755170351632 -6.501693157890285
31.209612228648897 51.82363702243155 -6.946328411141468
30.896044814971074 52.05650305077333 -7.384861970487388
30.466491337216425 52.23343685182937 -8.325276649450576
29.966632279399512 52.254775103510696 -9.356447049394038
29.39640264660666 52.39657172678845 -10.217934289448074
28.443391624000853 52.975807570795574 -11.110903673875304
27.401869840854694 53.474559806427116 -11.15794173336023
26.413604367482144 53.92890480247974 -10.56867151405169
25.700001935531436 54.21116517885234 -9.567267105941163
24.989610865195772 54.48648967833746 -8.57138492654875
24.19777993069041 54.52939716885139 -8.87969129823149
# level 29
27.598036369523317 43.37992417700748 -6.1921729273546955
27.57567828365084 43.59449672934336 -6.304862579705529
27.55355368479281 43.8087761740472 -6.417233436421911
27.531646759447334 44.022780182937694 -6.529306128534835
28.043053451914858 44.27222167536156 -6.483744740673754
28.647302281904437 44.527837171911465 -6.4106019440693744
29.077551147824423 44.86539801470167 -6.397937830237588
29.297452073182793 45.30262398236814 -6.458620867659632
29.518746197418537 45.7395837032994 -6.518649994373755
29.845530101562648 46.14794837415029 -6.492608433420731
30.205636906079743 46.54759160512809 -6.439699803816532
30.566953073926527 46.947082345648255 -6.38637437996432
30.945172733152802 47.511257907185104 -6.30548693991357
31.346300574181868 48.29660264241647 -6.187660007839976
31.74849222775987 49.08192848057426 -6.069412886803034
31.943752647327067 49.67929355545982 -6.012428575797805
31.870782877803165 50.16976678464023 -6.05274888357734
31.67320206547415 50.734876339154994 -6.154595618595026
31.476989345620268 51.301091861037506 -6.25602873533255
31.196140776053344 51.523195668656165 -6.595063071908944
30.878010695264074 51.59175851314992 -7.040385275267245
30.561328509037445 51.66128844411201 -7.485241421013874
30.16442308845746 51.741082300759075 -8.156342417414498
29.681608302480676 51.7823121766357 -9.00333772061251
29.199980912769337 51.825407908643875 -9.8516282131312
28.305823158199175 52.399604643411486 -10.555170416376697
27.29751039257941 52.92865199208187 -10.747794042205282
26.234050144947386 53.4609958949313 -10.255328231310513
25.515478583471292 53.78932825578893 -9.17209760320652
24.965198456309864 54.03758858125275 -8.487969410604826
24.327012487225275 54.11952643013207 -8.626995067985943
# level 30
27.54041951319227 43.45108950022053 -6.270328370535623
27.518027897423472 43.665956982647174 -6.383175188365223
27.495869768669124 43.88053135744179 -6.495703210560365
27.47394141141531 44.094784594252374 -6.6079031069517065
27.70881470065081 44.32588083897408 -6.644063246249918
28.313965168931006 44.58183652020793 -6.570785969340131
28.711807013819367 44.9353901775242 -6.5696362977275164
28.93188250105935 45.373143545177356 -6.63042917338615
29.21393445215304 45.79426794206757 -6.640959419484581
29.57346604350024 46.19460627599874 -6.588348629349699
29.934118746508133 46.59479320575187 -6.535349853543748
30.295791229489467 46.99476117633489 -6.481985163558306
30.667236806096724 47.483330074855786 -6.413582942678607
31.068728255114138 48.269352596497626 -6.295647457158754
31.47153677254508 49.05588391319273 -6.177219024132999
31.49499098838781 49.4986151029524 -6.171190761336211
31.513557272451248 49.93611935347643 -6.166510186486071
31.339296515934976 50.488151395582165 -6.256894140043746
31.142856076854173 51.055186333862245 -6.358454405656693
30.86499249513491 51.29124197114136 -6.688512916138765
30.54646101485222 51.359928668637664 -7.134442568180536
30.229298287321967 51.42951339510844 -7.579911875151769
29.8042212561461 51.521770272944586 -7.740374604720278
29.332066128481916 51.5534406991846 -8.512479300855999
28.85480840973516 51.57715917930758 -9.37297960736214
28.0961560084489 51.958686698536006 -10.024485597730525
27.21265641996583 52.44420738962542 -10.177110371362154
26.147297094581923 53.02750623021058 -9.59709264726663
25.325635251710988 53.432012808064314 -8.662911498915829
24.94792867423761 53.59635347237366 -8.38902504072184
24.45612665658789 53.70955911609495 -8.374287368470293
