# level 0
-0.6852380042457717 31.860408055178723 7.273945442271354
-0.9883912538333957 31.55218140037426 7.403889952466018
-1.285795495779688 31.24424430480009 7.533372632456878
-1.5774652457471563 30.936632149884524 7.662381632181123
-1.9449800236087609 30.61260016146644 7.782879634994726
-2.328625238147845 30.284026313968106 7.900834916991533
-2.7071667608041303 29.955661090277072 8.018232181952992
-3.080314078033739 29.627701787272787 8.134994622843994
-3.448160911089489 29.30010915630931 8.251141090574128
-3.8106088638258613 28.9729622215034 8.366642607080644
-4.167465818844495 28.646379255617752 8.481451343391184
-4.498779130813763 28.35654315133768 8.588753491277146
-4.703793287256136 28.087165609962806 8.702241154013453
-4.81703637987202 27.852561108460595 8.760233242119398
-4.916199142843791 27.63063177738799 8.796955257256291
-5.00933278827502 27.40930302056659 8.831452308754507
-5.096331309199785 27.18857541541145 8.863685282183251
-5.176535841959301 26.968076019591752 8.893422784394822
-5.190778349149014 26.68779905264933 8.900139428783017
-5.198628127351485 26.408134103521007 8.90449897538852
-5.272368922535275 26.078736490583058 8.880887456357044
-5.428178428340038 25.68799127826137 8.82332213549021
-5.544039998212457 25.277069759200526 8.793693863187308
-5.570858134703203 24.818915636682302 8.835077936060248
-5.594528692686766 24.360427538278543 8.872710399441061
-5.52754294120949 24.098377142909015 8.721138563863162
-5.380040677861958 24.00945021065496 8.401943463207608
-5.228319861026145 23.922528555420087 8.076792090553411
-5.072387905155917 23.837644578864328 7.745719973375444
-4.912375383135046 23.754773534837703 7.408937502506788
-4.748205132312836 23.673975122986757 7.066351787358543
# level 1
-1.2275614289346501 31.83809734562426 7.315707706665261
-1.5346292261736134 31.525875907418744 7.447335467229669
-1.8359480157712453 31.213944028443528 7.578501397590272
-2.1313254364390186 30.902343640660675 7.709178423397995
-2.4366396692996357 30.58816087867821 7.837690416852094
-2.825335811509561 30.25527837292966 7.957194470121716
-3.208740819331039 29.922682988280297 8.076102804536802
-3.586756296618553 29.590453748846876 8.194386442034599
-3.95938224337209 29.25859065462939 8.312045382615104
-4.315620113135203 28.945798788823414 8.425437679221593
-4.640650120564258 28.681692599577126 8.529222556597905
-4.960790707497145 28.41693016136059 8.632548049816487
-5.213412172561377 28.147358060561437 8.742395883901072
-5.353875103965713 27.86944800628649 8.86391812698119
-5.488859847149942 27.590926068928717 8.984995536467444
-5.594649570621048 27.349159913243504 9.047456592211052
-5.682747770586888 27.125587648558824 9.08009702979639
-5.764591592301905 26.90269828995659 9.110429338379413
-5.787335668744069 26.62734378837159 9.120116875502083
-5.795396884385095 26.34404548656705 9.124573363057843
-5.797075194121956 26.061463732426674 9.12667582068753
-5.80029140509411 25.7740587181121 9.123602444814571
-5.847317095650804 25.3195225252485 9.154960951877039
-5.874478279389882 24.855490960654954 9.196874739378163
-5.898476771841608 24.391053830336478 9.235020334418577
-5.9191812656383975 23.92623219498252 9.269240516299089
-5.77743207162552 23.819244970117396 8.962118212841625
-5.623772148435199 23.731192043809084 8.632796968526907
-5.465862504885118 23.645206646003142 8.29750853439398
-5.303741722300622 23.561258926876313 7.956299355737278
-5.092172022089231 23.43242433677893 7.5731996807319355
# level 2
-1.7699767635210146 31.815716937438268 7.357500807524602
-2.080870185598304 31.499539372526883 7.490792356252807
-2.3860146000342675 31.183651366845794 7.6236220747772085
-2.685203129877866 30.868059470928774 7.755974738811544
-2.9783758836411107 30.5528731043276 7.8878071860242445
-3.3220833152996256 30.226478078203844 8.01357041235468
-3.710351808286304 29.889652532596156 8.133989816223396
-4.093137049486192 29.553232380850346 8.253765672265228
-4.435493177437967 29.27963740930562 8.361068956553565
-4.769534122409915 29.012884189290833 8.466618376878134
-5.098691556433425 28.745434187208986 8.571718804834829
-5.422877551401411 28.477347758483564 8.676344804216635
-5.723022600991863 28.20746326439002 8.782582295374254
-5.865298689773201 27.92601601161989 8.905654378116083
-6.002026500525518 27.643977048342826 9.028265433841824
-6.13329661973862 27.361368937549962 9.150418150665901
-6.259038957603593 27.078211851817187 9.27209633516609
-6.352066922877411 26.836908173361316 9.327233466861223
-6.383964590976991 26.56690091534736 9.340120622112135
-6.392524026466252 26.29042221409576 9.357897356961256
-6.396684902089901 26.048080455393336 9.416561974369479
-6.394398989956519 25.805284292476014 9.471354285866372
-6.329331816656914 25.400281456954318 9.51833794258601
-6.225504651552642 24.902134699888787 9.559173643617914
-6.202394058968879 24.421664558708464 9.597293819523676
-6.223387755704691 23.9509247749494 9.631980253820254
-6.174830156383113 23.62902925609007 9.522297322735492
-6.019192545512941 23.53987490853158 9.188759761465818
-5.859259218503793 23.452785537638817 8.849173037608606
-5.611168033105521 23.28059136910398 8.436761901654995
-5.355118549840347 23.106434430840604 8.015470232086942
# level 3
-2.286152690202593 31.807292954755894 7.359742888384302
-2.6076194708808753 31.483566790045636 7.504931962828045
-2.9240714757527564 31.159623640198177 7.650921707425347
-3.2353573118886993 30.835613010716592 7.7976454640707855
-3.5358009049012398 30.514682354610727 7.93623212730606
-3.8265911461339446 30.19598732258159 8.069181071511846
-4.1944150277428545 29.887876664433666 8.185942514895826
-4.542238854908106 29.619395683528168 8.293638467170108
-4.885278918327483 29.350076498938506 8.40093164686323
-5.223441380346155 29.080019999184977 8.507786225978329
-5.556644222404764 28.809246006594243 8.614187160098247
-5.884963553514939 28.53777523193645 8.720139101850286
-6.208235336557958 28.26564731986494 8.825611962400139
-6.376705218939705 27.982645149460225 8.94736560149091
-6.515225690388129 27.69702625212094 9.071540002186161
-6.648078200870581 27.41089872499355 9.195207483713064
-6.775382433324004 27.124179487359235 9.318413938223877
-6.895445490598223 26.85910095172376 9.454952998054177
-6.976252620459631 26.59606265638315 9.625918645449358
-6.995350252517329 26.335969426326066 9.719281349300884
-6.99950077361759 26.090589498328857 9.77864285619467
-6.997204506960809 25.844755166116755 9.834132057177122
-6.9584988349091805 25.512611607617863 9.883619172525638
-6.853370253327944 25.008234327297323 9.92496388620489
-6.741428394423661 24.502663683989482 9.9623480905715
-6.622715127558754 23.99608454943121 9.99575869379865
-6.545466385736246 23.4987951842383 10.025803343228333
-6.387125778849397 23.32002693120789 9.722802166006202
-6.133715646515408 23.136649341198332 9.306063309095592
-5.877358062701568 22.95678124637558 8.884369659644754
-5.618158620077892 22.78044242919877 8.457895947560823
# level 4
-2.753271811964022 31.82569870420999 7.2862128316598
-3.078744309900519 31.497971016305804 7.4331922434738855
-3.3990320529776783 31.170056966679674 7.580977360065972
-3.714147431944436 30.842035810056796 7.729520386282815
-4.024008554961557 30.513942671826115 7.878811890648322
-4.324046169264481 30.203752181023802 8.029376932990825
-4.645541747272139 29.92423223301702 8.171708454493267
-4.992872733270796 29.671306802080075 8.30465931083801
-5.335187364594168 29.418360851178665 8.438179051929152
-5.6772657779322895 29.147185507735706 8.548936573894865
-6.014683974692443 28.87300734688593 8.656678494802174
-6.347054623385451 28.59817204862244 8.763941334507294
-6.674289795904207 28.3227399683687 8.870699656803213
-6.888193877721263 28.039209603521638 8.989111194565726
-7.028317237119928 27.750114025414863 9.114786854656002
-7.162527038305436 27.46156600184481 9.240610788928326
-7.286760140726727 27.236618695518093 9.406403717464197
-7.405436381107853 27.01002567265026 9.570933573236168
-7.509551990822618 26.770832984236268 9.737032682356524
-7.553191464353347 26.463269616287263 9.919065322978465
-7.590975402137298 26.153768869278856 10.099887853506704
-7.600095659544381 25.88425364720392 10.19695627270425
-7.587655877872625 25.624947647951625 10.248892993828841
-7.481225879814426 25.114339844376083 10.290746720155443
-7.367915132990518 24.602563557859547 10.328592979536905
-7.247102625542627 24.04055558222166 10.30368242977632
-7.119102896681875 23.42092139193496 10.207137125141386
-6.8611845286667075 22.924426835630435 9.98591513975332
-6.453406035973904 22.79608115281031 9.70998559203797
-6.1435718388712015 22.63301083961321 9.332016039583248
-5.881116844219007 22.454470361063837 8.900185555076298
# level 5
-3.2203368120352365 31.84411119374841 7.2126861301668095
-3.549726940016247 31.51237748067662 7.361470345451771
-3.8739385085123854 31.180497033245487 7.511036367938108
-4.1928896256844235 30.848504976843937 7.661374766149735
-4.500398779894778 30.539863015576074 7.813216781031798
-4.8028845420016335 30.232514094267625 7.965889864252063
-5.10463949856136 29.929128096886334 8.117599157860349
-5.456109204050527 29.673154744092233 8.252157345141185
-5.802566681563815 29.4171289785035 8.387305570602901
-6.143920712363587 29.161140078072116 8.52299343308428
-6.480175423149251 28.90515614996792 8.659242086019798
-6.811077791204943 28.649285563896022 8.796006093098201
-7.140310767654821 28.379837779616462 8.915781906217957
-7.399518095719549 28.095766061153228 9.030839545301747
-7.538256705920219 27.843871362801373 9.183577264347225
-7.669612203270414 27.617929963407242 9.35262010017146
-7.795322744797289 27.390303246310417 9.520386940304087
-7.9155043324136045 27.160945018033082 9.686946483379593
-8.029992994192483 26.929945468092125 9.852188539316403
-8.087013787657384 26.634287588570004 10.03239657002425
-8.125235004419032 26.321044889706823 10.215397784551502
-8.157661643918239 26.00597412359782 10.397153589572714
-8.184128096501068 25.68914529625088 10.57756270404945
-8.108072303154485 25.129745156124034 10.548218703572331
-7.9922375683892275 24.49888715086723 10.451628768451384
-7.8694810781116615 23.869804616430315 10.354457891601408
-7.73997785284625 23.24259399779283 10.256739349144256
-7.49807614919869 22.686274129067428 10.03813766879005
-7.149152028083181 22.313055567075658 9.750998743190497
-6.7288041019501055 22.188475904539857 9.471291465521235
-6.300883238511948 22.06919028419964 9.191160112931794
# level 6
-3.687491548564288 31.862457543177847 7.13918585681211
-4.020811697338742 31.526797059663664 7.289727080414703
-4.347964485871338 31.193138543194195 7.441122008415133
-4.664407119655433 30.88292580057445 7.594137102297082
-4.97570942365649 30.572307192997343 7.747891237869109
-5.281791921693202 30.26131181985952 7.902374892128033
-5.582580451815589 29.950008433796818 8.05755454307276
-5.919516492163469 29.67496338810423 8.199663108785726
-6.2701126891672665 29.41588970065834 8.336418665183537
-6.615530727517559 29.15681458500112 8.473748071177713
-6.955762353815511 28.89780182679289 8.611609019899293
-7.290645764082903 28.638870517786806 8.750006476198239
-7.620168578221493 28.380116336473353 8.888876979771108
-7.903662864472664 28.263493624136956 8.997716095329697
-8.054615843303182 28.036773653499086 9.208387819833051
-8.179925314984756 27.784646790500492 9.43854082675561
-8.303949248416176 27.5439654825618 9.634406360210312
-8.425588213253564 27.311886044914026 9.802954099142266
-8.541446158470357 27.07812568444104 9.970171428007811
-8.620838216175164 26.805275290747097 10.145744890740243
-8.659592554122042 26.488340179235568 10.330935016671093
-8.704501602255345 26.031665529704505 10.43157077716444
-8.748512887680711 25.518943965557398 10.498262952588812
-8.729494727793197 24.96216483250278 10.529567975350247
-8.616106127459911 24.335639594417977 10.50356629029671
-8.49196683911028 23.698996784724173 10.405238501374404
-8.36089374129951 23.064273876527636 10.306347345717116
-8.122061679005578 22.49743313855427 10.091940441117456
-7.8060528573796235 21.978243317520857 9.79681203180002
-7.419579994032853 21.70394689559993 9.508978796256711
-6.955691916535166 21.56838803012554 9.140642980902944
# level 7
-4.061762901579465 31.91644189572309 7.042593132060162
-4.490433259639107 31.546265750269264 7.218171600323642
-4.815872644605339 31.232883735544164 7.37219079657213
-5.13607628091324 30.91900599554089 7.527011508501211
-5.451060111256798 30.604751489976906 7.682561739117187
-5.760734030992042 30.290070011770556 7.838879963412667
-6.0650345066316484 29.975109620035987 7.995884661390767
-6.382823924599447 29.676784262974977 8.147171632488895
-6.737558841093753 29.41466265367192 8.285534519822797
-7.08703676029515 29.152533215619023 8.424484315895292
-7.4312494288048025 28.890459734476607 8.563978713837415
-7.7701097545844835 28.628499595366492 8.703988465922423
-8.062069428873366 28.510104430849097 8.813649333731044
-8.341158675300196 28.420196618156936 8.917746021462865
-8.595732042708901 28.30644224852488 9.040081277600489
-8.722473850471896 28.051303078357265 9.272976583175138
-8.843188176778574 27.793229203724017 9.50768751049922
-8.957780529275702 27.532159790581392 9.744255207794682
-9.066250332933173 27.268245793461137 9.982550462677624
-9.197604409146818 26.89164204284507 10.17463004550836
-9.221203313483215 26.34754619102073 10.260489693709388
-9.27204692616116 25.826474068870482 10.326806221424956
-9.316534860469531 25.30773157858265 10.394291172125937
-9.348075745182424 24.786038716568655 10.458621305525021
-9.23344413435062 24.152314258752845 10.434188178657271
-9.11185693797409 23.520729833766985 10.410561806716562
-8.981767116642036 22.8860789151939 10.355966799224372
-8.745996251309489 22.308641871188144 10.145753764907674
-8.42620063165144 21.783308256233735 9.847122653443744
-8.099468448568683 21.260206403105727 9.54795117256946
-7.550506365718294 21.038455901499752 8.924623734820017
# level 8
-4.219856862278125 32.01439564402798 6.902262769388821
-4.7173781804780806 31.648514035057143 7.094320849122376
-5.201232119757157 31.292915309735367 7.284920255123126
-5.607772988461765 30.955080151818542 7.459886818582256
-5.926433030916495 30.637150095028524 7.617257143240078
-6.239629524631617 30.31889091762863 7.77535241657313
-6.547521421969757 30.000244420825528 7.934191684587788
-6.849875608618306 29.681337556048376 8.093722379276585
-7.205062057603204 29.413390089572026 8.234674902712907
-7.558595730956292 29.148238221953612 8.37522393542924
-7.906785314978235 28.883135910707175 8.51633062915742
-8.209196699631471 28.7570491541008 8.628071128613179
-8.496392093494265 28.667881875846028 8.732453048562835
-8.778659261114246 28.576922239867358 8.837757986847674
-9.056065483480086 28.484225906442 8.943947861802325
-9.265106335674787 28.317998327350256 9.107388688488248
-9.38718198504044 28.056904258648117 9.344840472534907
-9.503088126904878 27.792859711680595 9.584104994471963
-9.655217397556342 27.448158028063396 9.787833732235855
-9.921410316269263 26.880613643258897 9.887760418783259
-10.026687888194989 26.296605595384303 10.007715842936197
-9.957394529938156 25.694507356777244 10.149314988639944
-9.8846587975306 25.0965350363982 10.29029263217437
-9.923227701715522 24.57422197178238 10.359730163176051
-9.850709600762572 23.96879894326866 10.362954543507206
-9.72772037357007 23.329863264181693 10.339051876175528
-9.790680573431402 22.466280116869648 10.537481561342714
-9.308957023368272 21.728697550451678 10.31710693509867
-8.878026309234091 21.268804390580314 9.965319300567854
-8.51534005050588 20.678481588239233 9.675699368082041
-7.90797491859271 20.420583645267573 8.695054562537972
# level 9
-4.310402805252794 32.14461685561002 6.7471768575616995
-4.800634855220503 31.786544623742778 6.938189124838453
-5.290022657812177 31.426879463106424 7.130967889387457
-5.778389112935596 31.06569462526214 7.325497353349768
-6.265699803519841 30.703070180384888 7.521712012495174
-6.718590580079511 30.347634834364385 7.711864103875876
-7.029920260984885 30.025400084525245 7.872494896922817
-7.335786393150653 29.702836214076218 8.033850638644987
-7.6725003325465435 29.412129574905673 8.183814305894387
-8.030089760051316 29.143955277721755 8.325962575254552
-8.344946294836687 29.004236560455603 8.441045206828779
-8.64024297931243 28.91585656912 8.545673632368707
-8.930686003768557 28.825669751615024 8.651245084519799
-9.216203230393376 28.73366720014527 8.757758918319851
-9.496715236140671 28.63991013563798 8.865156398865324
-9.772294158822135 28.54440746588857 8.973438171118413
-9.931147955160444 28.320590507360738 9.181980647586515
-10.069580589126373 28.014529064758502 9.405228105223433
-10.346610794163126 27.44041443680978 9.503085208883817
-10.615977270381798 26.86639406147717 9.604095473768545
-10.877269990285756 26.292576586203786 9.708389144861126
-10.84431889021213 25.68776678517859 9.84741986232728
-10.764039769016282 25.078906733099274 9.994098913735607
-10.739349458503339 24.46068436759141 10.192177568771516
-10.829594079949569 23.54420393293445 10.644939502730825
-10.981549789572385 22.389027914470944 11.000075742900849
-11.099144159256994 21.45224066343078 11.262553569058202
-10.544778210278015 20.46271642790053 11.052188016105788
-9.549917403022423 19.987406075654942 10.394753121429968
-8.872262833227534 19.985133003278566 9.82716408428406
-8.142542618688385 19.727364959226957 8.6784927944749
# level 10
-4.388198777921764 32.28663747980017 6.58891605679578
-4.883976999348644 31.924526639112308 6.782077563482172
-5.3788396318888445 31.560819460348437 6.977030420626452
-5.872739950324864 31.195568187189572 7.1737392431370175
-6.365513162711062 30.828873897690848 7.372158114016312
-6.857159269047436 30.460736591852257 7.572287033264335
-7.347572510752419 30.091232930541867 7.774085349836507
-7.821578269158984 29.724393190455682 7.973955896417777
-8.139838751812919 29.410881291098065 8.132956469134491
-8.46914769476704 29.251566508681606 8.252634650268321
-8.772685088656084 29.164038372337778 8.357472144695357
-9.071301541536847 29.074647749547395 8.463290747398919
-9.364992196586307 28.98344139279223 8.570051731751443
-9.65368491599277 28.890410394276856 8.677754452790731
-9.937374842933217 28.79560150648306 8.78636018388922
-10.215987411184447 28.699029197856294 8.89584891677093
-10.475021832972663 28.58421512227021 9.019162931857364
-10.75791445452292 28.013267588032445 9.119346294932088
-11.03811821706543 27.43267696955561 9.218286976929795
-11.310447572363971 26.852197699389244 9.320462117674026
-11.574703171347794 26.27192132928211 9.42592066462611
-11.783747588490424 25.67326099397073 9.584317509997835
-11.989012205601254 25.015966614759982 9.94184741827666
-12.17779589427176 24.35972333277258 10.298218639516318
-12.272272086206538 23.60306981445291 10.716513923841076
-12.195058850256224 22.369282869095745 11.320682141521845
-12.379896831950935 20.727998724738878 11.869326532587595
-11.882917361433387 19.42652971193703 11.790329592415935
-10.67583550086062 18.301426247488735 11.072650857977134
-9.274118416488847 17.42427091104428 9.71726631836395
-8.178973511950737 17.70731945430304 8.47093102175618
# level 11
-4.4661542584285465 32.42860560371456 6.430656705790954
-4.967419617950529 32.06248057139313 6.625962185934007
-5.467710355221756 31.69478361818275 6.823053750581963
-5.967026470242231 31.325514744083424 7.021931399734821
-6.465414557658995 30.954513449273353 7.22251772756743
-6.971435432612505 30.573133277639425 7.419742397841273
-7.475461780169834 30.19118257221441 7.619011630597704
-7.97740367162321 29.808677244660984 7.820360953734896
-8.422166532942493 29.51912533701656 7.961225701883951
-8.782286525232685 29.48068602354489 7.998199298499799
-9.073422228962151 29.40173563452939 8.080395930694676
-9.361868314706149 29.319594797806847 8.166900912872794
-9.647558282124962 29.23427313766667 8.257706341859006
-9.930460173400808 29.1458334857831 8.35273316769813
-10.210488924580948 29.054200843223605 8.452084158972644
-10.487663099278413 28.95945983321013 8.55564864392493
-10.762363032610082 28.78556691161762 8.658777770503653
-11.03645850150727 28.35006633547566 8.750287028707271
-11.30951965960799 27.854210998267664 8.84703079886918
-11.58228078625764 27.269869866580198 8.949843314992286
-11.852043327077109 26.68069255992646 9.056911804203812
-12.258543516403364 25.997473247631245 9.310073196207178
-12.949582396981867 25.125894028831738 9.859270431417315
-13.616377986540373 24.258659523256945 10.404319376895913
-13.774482935741966 23.57529136259464 10.776486902422677
-13.874255308834762 22.210384353946182 11.488860546369036
-14.204001621681194 20.570446450322883 12.2339631905047
-13.733950263060962 18.874473484173986 12.460484903241833
-12.401630011636637 17.22451751229952 11.822232222030362
-10.211252283630845 15.152363918090185 9.91068653635632
-8.418197409098852 14.479956232011194 8.171268465252368
# level 12
-4.564494660136897 32.54954102350996 6.2607239064104245
-5.083142888325833 32.16717124757051 6.45126625693993
-5.600140375207215 31.783929212613856 6.644045157317194
-6.115421001645428 31.3998466922683 6.83905941188603
-6.62887633894137 31.015003095756033 7.036269905779685
-7.140397958395939 30.629477832299255 7.235637524131409
-7.649901240882187 30.24336617308577 7.437086428520087
-8.157428495963588 29.856620482521688 7.640654538156278
-8.511700136496234 29.725530722825965 7.674975663421289
-8.882147971114843 29.670743531304147 7.7013891493428694
-9.267927260672954 29.650601136663504 7.731219190566725
-9.602469541600605 29.595624473892485 7.7936136634180695
-9.891274686169261 29.509386315913737 7.885391328576983
-10.177273190981925 29.419945542969643 7.981501062346432
-10.460382576789987 29.327343195186742 8.081895436573681
-10.740552322162639 29.23155748101732 8.186606073061176
-11.018738727088266 28.98821442466904 8.286681826793057
-11.295826563466719 28.547966394972583 8.379184851977962
-11.56995290133067 28.105393933279508 8.475973778430511
-11.840984104000011 27.660659226045997 8.577041614374505
-12.112430638100674 27.10677988310228 8.684404941707498
-12.545772600232427 26.401874921894862 8.963096351269268
-13.244404782368438 25.520711105280732 9.518333906963498
-13.978373680109376 24.737242782115885 9.997191414864478
-14.783067769629431 24.119810581342556 10.34271331478432
-16.15981520922239 22.204893604764816 11.1761507874579
-16.5229380871582 20.29647274062752 12.1416840307695
-16.19234810876318 18.373636083364396 12.793841504394145
-15.407171216730813 16.615849752189398 12.756634164860007
-14.847814043457008 14.947544303754892 12.227222890868779
-11.391673409234647 13.096638937029113 9.298502184247468
# level 13
-4.705725383646904 32.62656153394059 6.066116676817935
-5.2299457850533315 32.2400942520751 6.2586918047622255
-5.752533945143539 31.852691213632916 6.453578125319197
-6.273339125654955 31.46447946343011 6.650698604411549
-6.792319017024102 31.07550663706059 6.8500153228287175
-7.309299071416261 30.685883917374866 7.0514879700477655
-7.824345407967046 30.29557953074462 7.255117741724883
-8.252708219832954 30.04775910999991 7.365274246453416
-8.601233676157227 29.931971293613394 7.388682101474506
-8.963517233657555 29.848707400757277 7.4153562171786565
-9.353431019673916 29.828344109595633 7.445514016747666
-9.742363477776923 29.80589085078188 7.479031088543984
-10.130275764053748 29.78136408694211 7.515881271612356
-10.42406793290859 29.694126876208724 7.6101806414824305
-10.710223410822659 29.600501615817585 7.711689545442445
-10.99342326939242 29.503724404877048 7.817475186685117
-11.275189780800908 29.190835617432636 7.914540951244978
-11.55521996859098 28.745852322294176 8.008071526972865
-11.832288657866547 28.298544595159097 8.105888003968397
-12.106228998148271 27.849017905480473 8.208054453466866
-12.377091005505786 27.3972600651458 8.314537091906578
-12.955148568408877 27.030730725000616 8.393900495139347
-13.757683139481308 26.489903217375527 8.726126802524691
-14.570609414657646 25.88454598259131 9.06356089659823
-15.50616743882369 25.173787661282706 9.426870974207755
-17.660926498057155 23.57976244260032 9.942369777413488
-19.17787821091729 21.71946248546946 10.630770849142962
-19.894094484851017 19.62559546183084 11.27844900280659
-18.95707313510928 16.471354519595675 12.283061688338645
-18.01738939265657 13.760500667342706 12.307470097889379
-16.332918580001365 11.532188956553387 9.84463630027028
# level 14
-4.811228084755399 32.71828604809515 5.873238863470392
-5.376825297046404 32.31294665361049 6.066164712319572
-5.904919511218483 31.92147788287056 6.263082614635137
-6.431249245803105 31.529136902810503 6.462309318251004
-6.955753691245457 31.13603484658374 6.663732261191688
-7.478234490138677 30.74226703507515 6.8673478564886175
-7.9852295894230165 30.370011942793695 7.058462008356426
-8.338472900412587 30.25544171558425 7.078740012503993
-8.690719588352154 30.13841983722277 7.102395056110774
-9.044887935439675 30.02666541489674 7.129332669472529
-9.438936217914293 30.006081227214093 7.15981822738669
-9.831960409986582 29.98339039152041 7.1936900933704315
-10.224003274145511 29.958609588174607 7.230921231581484
-10.614897679011358 29.93170523872601 7.271566588591395
-10.960042614539441 29.87367608320115 7.341464384930811
-11.246238043784395 29.775854168104672 7.448396177708694
-11.531595242115646 29.393439159239485 7.542452451235395
-11.814600995116582 28.94377731566214 7.636939514494773
-12.104394210972078 28.554113534191096 7.683557642829988
-12.39726729614096 28.20087288274766 7.702038846975328
-12.686571620619745 27.842263298405612 7.727464640351602
-13.223160189719282 27.49554080165186 7.770827917372989
-14.345572589283902 27.18328075158317 7.847399554963177
-15.266804459149434 26.723941027020363 8.094965655442573
-16.439994141953477 25.986919571514242 8.425925045173027
-18.575298334575812 24.7531378554961 8.710796101070478
-20.54288667436444 23.105745171473913 9.062568160625844
-22.061903180031187 21.358927113036824 9.168930594141965
-22.416725255048107 18.839819504309112 9.672625069682018
-22.217432323406957 15.3786733882076 9.778514434906295
-20.254432505657945 10.920655562207264 8.933227682577693
# level 15
-4.804296681897877 32.85802490675255 5.683493457912462
-5.484993779614286 32.40169304726059 5.875562523183758
-6.057370593220743 31.99018317574227 6.072656181208972
-6.58920638188724 31.593776463384476 6.273914466583429
-7.119103143131554 31.19660872455706 6.477441242735248
-7.647084686525836 30.79869582122562 6.683199786110058
-8.067337450779602 30.57890396947004 6.77168892386201
-8.424269755241966 30.463129593216124 6.792188185832859
-8.7801644875784 30.34489332722184 6.816091245194914
-9.135021647788903 30.224195171487192 6.843398101948175
-9.524450249648913 30.183826611887948 6.874109118230435
-9.921605019603307 30.16088173668823 6.908361939356857
-10.317696855242557 30.13584667610357 6.945974907597602
-10.71267907550154 30.108671606790015 6.987028255592464
-11.106473992554616 30.079389453999767 7.031469661430927
-11.499016802270404 30.047931094884397 7.079337279449796
-11.805607694580788 29.70735174078914 7.077036155475078
-12.10873461535428 29.36121169627701 7.081734852231381
-12.408309003103529 29.009629066549486 7.0934192458499234
-12.704259098611583 28.652653051692454 7.112112491911702
-12.9965686742126 28.29035730402268 7.137773482785428
-13.45470378402757 27.93427382996706 7.177905056885752
-14.58880714922752 27.61881903184436 7.255204416512366
-15.720002129829105 27.29819990832492 7.339532148072899
-17.169115319193715 26.914989998156123 7.0722743905059495
-19.137841184566938 25.918105856248815 7.115664730682192
-21.421230554610254 24.346912819084988 7.302426892705523
-22.804502460531875 22.695616543259018 7.652045789255837
-23.85652756106954 20.248165923227837 7.591429445378821
-24.23406938671306 17.3509542796442 6.944574711374221
-22.85734470259852 13.338994832135846 4.7204979450972795
# level 16
-4.797291867947303 32.997841106048945 5.493688239848371
-5.484996245965849 32.53680694962064 5.687741040009826
-6.172563859088841 32.07427442956938 5.88396555440599
-6.747107894965707 31.65840896824582 6.085564583338527
-7.282529210283226 31.25711199956115 6.291197584013859
-7.7878442399699574 30.902271017253685 6.4676307371405475
-8.149438633746051 30.78781420755666 6.484895598018652
-8.510059931681216 30.67083568225827 6.505616117812783
-8.869634946557017 30.551355115700694 6.529793123692522
-9.225194580035708 30.4264549918119 6.551510825391969
-9.583459721568465 30.33146199657227 6.538127504520232
-9.96791973703115 30.289199050985644 6.54085211573665
-10.352465894145833 30.24615471766798 6.549164661573517
-10.73709819291251 30.20232899661928 6.563065142030828
-11.121665405126118 30.157735059731337 6.582577474158155
-11.498995294351182 30.140375906492846 6.479997399495854
-11.869123994536544 30.060593631314234 6.369750965362631
-12.225568659261844 29.734282902575412 6.39970569927115
-12.581774597986639 29.40410585154386 6.438249464691146
-12.937684615638773 29.070039270036837 6.485536718976135
-13.293257214680485 28.732144849786945 6.541514020569368
-13.686153360305672 28.37305203328356 6.584952773193396
-14.89111888378557 28.073216134792116 6.311790102355542
-16.107425162458696 27.772779488128517 5.961701892071123
-17.31901802403197 27.46661677981327 5.628730546254666
-19.033182962506977 26.9306229976196 5.358069211671049
-21.35001804349624 25.42011841757006 5.198684997380775
-23.389177608332005 23.91861916308458 4.519926433288578
-25.021910792078643 21.525414973565653 3.5349545140806335
-25.193257077579453 19.119877097759044 2.4880459023265953
-23.158875167612216 16.636269037974422 0.6894942017659036
# level 17
-4.790354166434971 33.13760506364912 5.303912037056045
-5.484928468715704 32.67196030486911 5.499910353520495
-6.179573101292998 32.20466670402925 5.698155005572778
-6.873878118311369 31.735973471763558 5.898565924396157
-7.445802325068392 31.31769840147152 6.104938061325545
-7.866257952851747 31.11227642625916 6.180750502411365
-8.230208567830822 30.995336156899548 6.196258644365685
-8.56492439843063 30.84679988558515 6.155203288287057
-8.899600059282207 30.69682049397884 6.119628853187463
-9.234265304553487 30.545396772150244 6.089486732878438
-9.571181764405585 30.398055762766994 6.0657887410434
-9.959487013958702 30.355367912839352 6.068556564598208
-10.347923034616084 30.311888788873123 6.076948687465416
-10.736458841727451 30.267615090506656 6.091013432861756
-11.1207062301312 30.238310347748047 6.039072508112255
-11.498894828898814 30.232762373585494 5.880675506159276
-11.877120777012895 30.226114416850656 5.729395637832352
-12.246297726894243 30.06267379346741 5.669350465757249
-12.606106024259532 29.72908960230324 5.708427375332898
-12.965646998088232 29.391627484754963 5.756170545096783
-13.324821955770439 29.05032592437245 5.81268099084566
-13.652147552192954 28.73697858684311 5.650531991562852
-14.318022814019118 28.43820348381943 5.349958037600767
-15.646911705812215 28.146761536700126 4.947846267314654
-16.985816147366027 27.85146627229738 4.555488576450392
-18.02363827848313 27.398551473694354 3.832677116924927
-19.103036465803065 26.50425066042147 2.557430157644725
-20.697101088712593 25.11377503228696 1.808659701585149
-22.429031639684844 22.888120652308274 1.0338880794962673
-21.737041567078638 21.148471536404664 -0.401885039830843
-19.313870280039716 20.525175551137192 -0.6226141519578867
# level 18
-4.7739837874968165 33.279693990607676 5.112644513571869
-5.465231804542114 32.812077689790236 5.308671332223632
-6.158325283832016 32.34243615859979 5.507245402560057
-6.853296273425148 31.87073595297034 5.708406463348268
-7.498926772450257 31.435995977484808 5.87981071408661
-7.89120131809535 31.26734319428263 5.782179085510844
-8.229211338696846 31.11881989137343 5.7351916565602865
-8.567289590457454 30.96877559807689 5.693783419905078
-8.905357426637764 30.81728697455804 5.657807498040436
-9.243289451098192 30.664383607306544 5.62737695242633
-9.581121797474516 30.51003953962391 5.602524540168201
-9.951036589775375 30.421548489857706 5.596190175439565
-10.343407103427715 30.377624688935363 5.604698240029067
-10.734981135477026 30.335253991236296 5.608397741977743
-11.116857749787622 30.330765673996087 5.441230373603633
-11.498860166635236 30.325163096562875 5.28122730214662
-11.880826700674959 30.31845833223396 5.128393306876032
-12.262728346347707 30.31064203787558 4.982803911997742
-12.630465155135022 30.05411316870899 4.9784702475764275
-12.993566990066448 29.713305602760705 5.026693119939205
-13.33613905304942 29.388943835992237 4.938167142565546
-13.654388792117572 29.085036926277446 4.683799917978717
-13.972587322902633 28.77697921491898 4.441045524586931
-14.795569318619478 28.473686024284717 4.123478413347764
-15.95251913454428 28.078889897023505 3.5135235463170336
-16.794053310447772 27.51933269828152 2.5573152941321826
-17.556399909759932 26.875283991667725 1.6427698375445976
-18.322724486601885 25.440404761784155 0.56909973544215
-18.34236268636336 23.996291853612046 -0.3613549661352621
-17.65821666933772 22.71460242807948 -0.9025802013695705
-15.511446379053828 21.699780879792627 -0.6968328819011703
# level 19
-4.599808899362333 33.46333502891139 4.891776247529424
-5.297883108470527 32.99110453699669 5.089729485943897
-5.997834827881959 32.51681537064299 5.290269714810161
-6.671752422558623 32.06105949681599 5.4770307213612615
-7.1983166371201355 31.713767111373663 5.577440369535308
-7.648587541243433 31.48710165118809 5.519703650215295
-8.072567444816094 31.30422619883599 5.403587333226144
-8.499724770147782 31.11859327674958 5.290427600091899
-8.911037765618973 30.93777888421427 5.196028401953871
-9.252302457072265 30.783368704911013 5.165293581951655
-9.593467470441453 30.62751782517662 5.140136895305413
-9.94265821936597 30.487710039477832 5.123904689543732
-10.338873967108746 30.44336133421447 5.1324559664716265
-10.727384762594815 30.427762408057504 5.012137604871404
-11.11307519498541 30.42321948754663 4.843364166993264
-11.498773971163391 30.4175672413297 4.681783386947061
-11.884525317724037 30.41079853059636 4.527418846378325
-12.270226996953912 30.402901807889425 4.380398012053295
-12.654819442410307 30.379110860498184 4.248576590203234
-13.01389668281376 30.042548847370075 4.242669364820496
-13.33521921061493 29.739991206074205 3.9740431534365475
-13.656584473929886 29.433089276693465 3.717240633657595
-13.921859265851305 29.09291165686035 3.5026647353435036
-14.149741380658277 28.729201825626003 3.32009633708642
-14.230151411275232 28.265067824250984 2.7418470420250327
-14.837710387604158 27.729834990252222 2.023168660050099
-15.450857277120772 27.05626088595769 1.2276512000396096
-15.932908370068642 25.85395835215398 0.26129364812436723
-16.228026688846136 24.61648477017293 -0.5001126361580128
-14.97200293147632 23.525831308036118 -0.5939072703591562
-13.934011764003962 22.957101197888143 -0.5256564832412981
# level 20
-4.425692824641533 33.646940647286534 4.670913284175575
-5.13050977437703 33.17015820580327 4.870754196232767
-5.836520210687496 32.69171350206533 5.07312102185245
-6.36444435078624 32.34450149784226 5.170793175083665
-6.896056255582209 31.99388321982449 5.272155293885552
-7.381746540501647 31.71649065732026 5.277435415622741
-7.809834782854168 31.531833569248334 5.1602203824006425
-8.241178481224644 31.344387012689005 5.0459359819956
-8.67562156709522 31.154214985148446 4.934634116483309
-9.113230351257886 30.96127952086767 4.826322461471579
-9.553794177869719 30.76568855011773 4.721011616782645
-9.950080988443963 30.58620082068175 4.658087257495552
-10.330521530429 30.52370312993738 4.593694517516803
-10.71982530969489 30.52025996904744 4.4159289198692
-11.109241106974928 30.51567672288662 4.245502249195986
-11.466244460345283 30.492801039434585 4.105309254084277
-11.821317487805874 30.467852894688004 3.9733249128787698
-12.18055722174643 30.444029994794437 3.845576633769488
-12.543985620643081 30.421355911494082 3.7221587115506813
-12.7422010002842 30.252582777196945 3.432202335401302
-12.950742585295053 29.89188780073068 3.219252290769833
-13.167895952898814 29.526296564799196 3.0184174957931207
-13.391419695258538 29.159904824556303 2.8257183018543697
-13.621416816414614 28.79268083458724 2.6412596806073383
-13.629109927116382 28.329031402517373 2.060170584180024
-13.627417476819595 27.857951054796814 1.4592840707248969
-13.586711323465188 27.231833397136803 1.0209262680413909
-14.06362816102303 26.140579309551796 0.384500530674768
-14.43581693226117 24.98248918192392 -0.24535824199025155
-13.313243010041862 24.198459255165155 -0.23820732961119082
-12.355733219124469 23.98802062502432 -0.05895238553287072
# level 21
-4.251485354037292 33.83061793977179 4.449998748217312
-4.963025689081771 33.34927890211664 4.651768065331486
-5.524043379577162 32.978565028869525 4.765896319033786
-6.0570354168320995 32.62802134330859 4.864501679869441
-6.593773818880079 32.274018445393445 4.966851996851625
-7.114950962805501 31.945854092327615 5.035171237212482
-7.5471592674048145 31.75942133554176 4.916823861111779
-7.982611304555153 31.570193143262607 4.80144074447379
-8.421217316530655 31.37819554723734 4.689081464982018
-8.86298902679825 31.18343451447186 4.579712395990807
-9.307824954165145 30.98593010970746 4.473426741829319
-9.695799235698628 30.784712877357297 4.3451193453556485
-10.060433999088978 30.51560367276066 4.180633135957774
-10.407743378848437 30.4524632736628 4.0307956705947605
-10.757450167608882 30.42497094575171 3.8888886389203883
-11.111581574020645 30.398618166634428 3.7512540827011636
-11.46996612318134 30.37341778009555 3.617958986712143
-11.832668292883804 30.349373362120286 3.4890124542930585
-12.186523538587544 30.31526117252018 3.3515509404585067
-12.323292384614017 30.08968190458685 2.994675749939363
-12.465170935758183 29.866097140905914 2.6431507954570708
-12.635214374613204 29.596819870098706 2.3431991199822706
-12.86095612736243 29.226882225706348 2.14871467470733
-13.093112746994237 28.856160180575714 1.9624533144862273
-13.094789123420181 28.385516361398235 1.365019919944128
-13.045694059880667 27.74893150080171 0.9192043097820697
-12.962935613407721 26.975739055588328 0.6170146887849937
-12.887789502353677 26.205820073836705 0.3198040935733067
-12.730127195477598 25.431197636611213 0.04009308810025591
-12.061768573720016 24.991973624204235 0.0009986476872381467
-11.420543580030193 24.533997296454203 -0.04956630907125552
# level 22
-4.07728529346977 34.01428860979117 4.229090507594775
-4.677377868153088 33.6157561534933 4.3628839930485
-5.211592423831894 33.265404515033104 4.458661140813019
-5.74963215132129 32.91153493689674 4.558218972276518
-6.291418243603725 32.55420614640616 4.6615217598865435
-6.836831479818164 32.19348844840816 4.7685723021374375
-7.2844848865356155 31.987002183854607 4.673444766503239
-7.724045262465817 31.795992355855624 4.556962933632301
-8.166814200546245 31.60216919134566 4.443546240161047
-8.556158572776184 31.40450230089365 4.309593303500735
-8.933782106607907 31.203944942284714 4.172234020936987
-9.316012127031607 31.00076537707459 4.03864402550763
-9.677526530505599 30.70633960280675 3.860085870601563
-10.04360049173911 30.408345263187776 3.684682733190263
-10.399448753141197 30.331034336211975 3.5361221298777346
-10.756902660491125 30.304441101172493 3.3972239662721186
-11.118663209144763 30.27899204882653 3.2626272188393175
-11.484827814609137 30.25472611276956 3.132482433110426
-11.766263817764475 30.154491087214588 2.9173747781979933
-11.904375324816229 29.926797050997358 2.5571749476976997
-12.047596536985676 29.701097519032533 2.2023253532342597
-12.195884995451614 29.4774084257629 1.8528398116391407
-12.349311976046494 29.255795072175506 1.5088601408130171
-12.564816784786899 28.919681594627264 1.283718201353111
-12.513736667811328 28.283451614092023 0.827957048187934
-12.442159663972655 27.557586345947243 0.54800833057381
-12.404232161487029 26.911276148190822 0.3127941822443347
-12.372099053154843 26.26255248247584 0.07965819032072421
-12.067004618437036 25.725464848637397 -0.10447763764388605
-11.45468021878778 25.299363304121925 -0.21834902719450452
-10.807521225104132 24.837120281508383 -0.2693753231581072
# level 23
-3.8246236168014462 34.255916056035 3.961921168855362
-4.359844476773212 33.90592685787896 4.054743657867989
-4.899048122590665 33.55230226540286 4.1514182856845
-5.442155747236259 33.195101005928635 4.251909324752441
-5.9889693228314105 32.83445211162505 4.356183846013707
-6.539410042358566 32.470414309814046 4.464206121915839
-7.021889674505507 32.21454411543379 4.430057147537171
-7.421542465893106 32.020915279079716 4.294178750254009
-7.792965097544418 31.824007420748856 4.148036189987099
-8.169255346320334 31.624337168708536 4.005614409409061
-8.550359319780318 31.421931382325663 3.866987655452025
-8.929897524561882 31.19546360974148 3.7205215618170664
-9.294656992668203 30.897041117104834 3.5395056844181836
-9.664129983339791 30.596280583429962 3.3624768716519657
-10.038305722042816 30.293178499265906 3.1893891174529414
-10.402185761280602 30.210246271308595 3.043124610002901
-10.767408745696146 30.184575700880927 2.907329609260292
-11.136906831336754 30.16008109477187 2.7759683635421393
-11.346002473718787 29.99368843599329 2.48313967337596
-11.485414182974619 29.76389556593496 2.1196290197259793
-11.629935597348146 29.53609720012903 1.7614686021128594
-11.779680451493011 29.31034270511975 1.4087864216058006
-11.9289979777942 29.0941072189512 1.0891903841920259
-12.056620696901147 28.90242940570664 0.8823565097745132
-12.018613341819075 28.415793648139196 0.6243038478910865
-11.97460078379823 27.766096264268022 0.3849252619736882
-11.93636857833152 27.11379410824871 0.1475538082194156
-11.903896224739231 26.458976007434302 -0.08779099289462211
-11.408873715036995 25.993433570452485 -0.2421252249396459
-10.803518409378682 25.572918837285574 -0.37488909361396233
-10.194509207512233 25.14018699583773 -0.48916879165061034
# level 24
-3.5022846246830985 34.54923021915204 3.652944333325669
-4.0424157677759585 34.19602679430205 3.7466285748378345
-4.586588296810319 33.839135036572465 3.8442199457297352
-5.134585997655268 33.47872533916672 3.9455920003206137
-5.642992395998616 33.13499307655057 4.036496506598934
-6.154926071119632 32.78811460449518 4.130784213867601
-6.627290395879691 32.47741972642304 4.120302744459504
-7.027753140125762 32.24440281243052 3.9928462615468048
-7.402641024481841 32.0456574428726 3.8453534031256003
-7.782411712886021 31.844138763058346 3.701664151154275
-8.166988532512525 31.639890007174973 3.561728512423453
-8.543610469394437 31.388946478746085 3.4015763718889485
-8.911701773767062 31.087803859001212 3.2189310547971814
-9.28463021251468 30.784227554871812 3.0402343249485364
-9.662215755189616 30.478362786102817 2.865566901460064
-10.044447627258045 30.170206043243283 2.6948827782662956
-10.416073777249819 30.090161584288364 2.5520479512956142
-10.789034298652334 30.065445460097607 2.4194884522676574
-10.925775144366698 29.832885869349806 2.048916534942747
-11.066408959089198 29.600977449399654 1.6820379660242206
-11.198857307694164 29.38924921866162 1.387933296577635
-11.320154936703243 29.200525432244685 1.1775577576916452
-11.447414041977797 29.012837039295306 0.9687074475595545
-11.566304991583738 28.80395795681271 0.756765421979209
-11.530445311458156 28.343458865087257 0.4932142272512696
-11.500532270548435 27.884195305555235 0.2312093729508988
-11.468446711416973 27.316254070720007 -0.017735006788711316
-11.36987816963953 26.682487790586926 -0.244069819816132
-10.750786025534879 26.261459488190248 -0.3797630839945607
-10.191882854750698 25.832312027332602 -0.48693115101583434
-9.702019709597465 25.394347692658723 -0.5609251891873872
# level 25
-3.109977237736775 34.875171814925366 3.320863106261423
-3.599826110133629 34.544609125808456 3.39696556107008
-4.09650284678943 34.20908435307334 3.477831616325803
-4.599928302597203 33.8686457562077 3.563502771058472
-5.109912222990531 33.52342917133711 3.653871669683271
-5.626463740641552 33.173423364990114 3.748992698955792
-6.0922867530091205 32.86947568837497 3.7132248634143896
-6.537254884613231 32.58517389796781 3.61625929427556
-6.988782066069551 32.296065781510556 3.5242822325182823
-7.3955161358845185 32.06396865671197 3.39771072452771
-7.783580988601032 31.857866014781226 3.256549027784107
-8.157395215187458 31.582378177732735 3.0826271041966855
-8.528874774464336 31.278465854481006 2.89831010568453
-8.905145824012088 30.972172932694345 2.718029942208472
-9.286130396125106 30.663541969869463 2.5417368433650833
-9.67185003987105 30.352579984908285 2.369522821285304
-10.062181143440192 30.039382621157124 2.2014263533586766
-10.368915273004767 29.90810052917924 1.9903273637682521
-10.488301468763638 29.695072618581747 1.70006401232556
-10.598659523464692 29.502753742405275 1.4849390395694013
-10.71501890207692 29.31137873614392 1.271236209244044
-10.83738110652955 29.120984947710696 1.0589985822045935
-10.965746136822586 28.931572377105613 0.8482261584510551
-11.076020343191354 28.705517412000344 0.6311961309035409
-11.039800543314882 28.240808731333203 0.3652310840155605
-11.009639427205679 27.777411872168756 0.10087125943205916
-10.985672145755023 27.31535491478414 -0.16184819874633197
-10.82616254141938 26.944267695102994 -0.32434943234509617
-10.32277227588663 26.50835020797345 -0.3986538135556883
-9.823930626462294 26.069359889815942 -0.47314606284552
-9.315490141364865 25.67856900672573 -0.5382438582202068
# level 26
-2.558888627152495 35.27578416310539 2.935192982397332
-3.053160521176872 34.942235592558205 3.011994210247231
-3.5542648457962622 34.60371932165706 3.093586231921991
-4.062117889567624 34.2602892266254 3.1799833530737
-4.57671965249096 33.91194530746322 3.271185573702353
-5.09789357900805 33.55880655008887 3.3671671183565275
-5.557266308476085 33.26154682162407 3.30610439242245
-6.006199760912219 32.97471227140184 3.2082665072045717
-6.461791984384622 32.682999024605444 3.1154856439553065
-6.923811851522717 32.38655703414933 3.027788402686322
-7.392359083510572 32.085313929509425 2.945243297984679
-7.777825908299155 31.772036818184148 2.7698914022728403
-8.15757581733579 31.462611179968327 2.5886110425414475
-8.541472733893588 31.15116488240152 2.4107591755197575
-8.929521909137486 30.837704522278926 2.2363765933050535
-9.321659357535891 30.522274378796258 2.065462558851894
-9.717826344722146 30.204925327944405 1.8980571272121234
-9.982724692474815 29.861148086102084 1.7752965685221735
-10.002384253735283 29.620636123115748 1.587202067515141
-10.113718177013135 29.426606204549767 1.3701628141210491
-10.231053424202164 29.233520155898894 1.1545457031577555
-10.354565907106656 29.04142270999658 0.9404120587390974
-10.484081215851543 28.850306481922402 0.7277436176063471
-10.585621810321555 28.607051031107773 0.5055960056487206
-10.549097912969899 28.13817090615358 0.23724654753915597
-10.518688721661215 27.670640747356718 -0.02946824732747711
-10.403748490563654 27.36211666693108 -0.17649738167699086
-10.269321651389669 27.098452564258427 -0.2893380837985484
-9.959211155789188 26.74938657262939 -0.3841977735848012
-9.455865275972293 26.306503636443622 -0.45935391718101376
-8.918639672430595 25.998607113656163 -0.5088641683240803
# level 27
-2.178595464681294 35.55231799700378 2.642358655878016
-2.5065260940454452 35.339839915372224 2.627039349648249
-3.012058006628426 34.998332146305074 2.7093573377420483
-3.5243386383633757 34.65191055310739 2.7964804253127937
-4.043469966037606 34.30049879261278 2.888503080219589
-4.569261735084699 33.94423270094683 2.985317946877617
-5.022375135905616 33.65352597905361 2.8990535501662356
-5.475273909173767 33.364158669016305 2.8003433488693057
-5.934758946766772 33.0699581694658 2.7067145124630705
-6.442014425847343 32.70748482812342 2.646874548685721
-6.984602268546816 32.295381675645956 2.6119649810668157
-7.438465034137339 31.93884766087909 2.4951205844863495
-7.821524100814101 31.62672279509157 2.3122490783628686
-8.208863397240135 31.31249530835683 2.132848331137248
-8.600354952352266 30.9962537590663 1.9569168687186125
-8.995940031783837 30.67804902321087 1.784494746158803
-9.377131366510053 30.29199989006274 1.683158539580253
-9.726160149117723 29.911290291377696 1.5826124794173597
-9.731677345342561 29.660848535199207 1.3980632950981016
-9.740390018096662 29.40981099291504 1.2159357035182805
-9.752324509846847 29.158188915211195 1.0362618973565387
-9.87179767145851 28.961876749898934 0.8218468956863829
-10.002464760584477 28.769094212268683 0.6073254980295356
-10.095345006619882 28.50852843398605 0.3799817965411416
-10.058470799113312 28.0355732828091 0.10929540276255434
-9.920474682970745 27.75057713283569 -0.020015973466988496
-9.777032822909339 27.486132253724072 -0.13331437167926788
-9.641474641364688 27.2201208810935 -0.24715870070057214
-9.513707763773395 26.952579346284224 -0.36153500175978037
-9.08787845671593 26.54360497937678 -0.44556371010089996
-8.521860852331965 26.318600567299526 -0.479489099516967
# level 28
-1.926159668411904 35.7359279343242 2.419051011032988
-2.2482863288796278 35.527916468926925 2.3988680875243054
-2.5734657140485453 35.31767620704307 2.3814830026307345
-2.9865937753365075 35.04350526049459 2.413018493856913
-3.5102501014255707 34.68903127540329 2.5058343896640554
-4.037396643764859 34.33244702656045 2.596659149367796
-4.487416131696959 34.04555696259881 2.4919290096036466
-4.950447449017486 33.74424344703085 2.396846854086017
-5.487448848879172 33.333897350156604 2.3533472160622235
-6.029634336275295 32.92085670840264 2.3139883538358355
-6.577003911205854 32.505121521768956 2.278770267406853
-7.099173098484677 32.105603822709206 2.220322794670715
-7.485541322801572 31.790779729349982 2.035860142155144
-7.876189776867738 31.473853015043545 1.8548682485374361
-8.271064977481444 31.154881152575967 1.6774279609667124
-8.652973119871 30.772629089461546 1.566385425372997
-9.035600366887168 30.376337259366483 1.4708848455501087
-9.422504333656503 29.978989405054122 1.3780424716145652
-9.475155914018167 29.708794037758427 1.203755720447128
-9.483942043269945 29.455563395658405 1.0200346463479557
-9.495976333984624 29.20175946882469 0.838799550345505
-9.511258786162212 28.947382257257296 0.6600504324397762
-9.529738784065257 28.692523252098894 0.48381102511043816
-9.604975671664302 28.410037507569847 0.2543720860108624
-9.44745186625954 28.14203163125879 0.13787188335420852
-9.294963004093042 27.876879921806754 0.024146436798264892
-9.150297427097588 27.610124104077457 -0.09014162954264027
-9.013515528618882 27.34180179282921 -0.20497562669257036
-8.884677702002644 27.071950602820337 -0.32033886567558945
-8.719945227716082 26.780771008259094 -0.4317633526456088
-8.126830904045285 26.63997378838031 -0.4555066425567401
# level 29
-1.6737257361614515 35.91953972969946 2.1957077105349483
-1.9985673793174694 35.70977417908814 2.1753651319664873
-2.326568741827027 35.49770907294367 2.1578330477581082
-2.6576228290377757 35.28341517031262 2.143098802164839
-2.991666113325912 35.066931659906665 2.131187662287317
-3.498687704634495 34.72685985530865 2.1904986394524784
-3.9925838944213545 34.37572326424218 2.1127566389673236
-4.528847043431571 33.96465600349937 2.0646896637611913
-5.070463691144401 33.55078013777558 2.020805161835279
-5.617261499603428 33.134221521966644 1.981096083315999
-6.169325174392744 32.714923126021915 1.9455832769447574
-6.72639474518359 32.293079629682424 1.9142734917157846
-7.149624360878598 31.954796818878258 1.759494662518501
-7.543587223749823 31.63517747379531 1.5769524146059868
-7.926671444833428 31.258916778231868 1.4539448138776891
-8.308172396456229 30.860377358184394 1.3549547808957505
-8.694076165411367 30.46068668646482 1.258630547531708
-9.084265228689064 30.05995850023505 1.1649926301864142
-9.218625179396112 29.756716381381075 1.0094222587313761
-9.227511107612383 29.50130389015118 0.824139894791494
-9.23964519729156 29.24531811418761 0.6413435089483344
-9.255053790900462 28.988770304176338 0.46106529388053513
-9.2088543147178 28.77998654227053 0.2897987478455783
-9.08444286732828 28.588144617116527 0.1416860153591591
-8.919913547792833 28.32060596729871 0.03257996412295225
-8.761284781926822 28.050515597428166 -0.07427355338712652
-8.608616442461479 27.77786641582093 -0.17884911085315705
-8.461946724541143 27.502774734713427 -0.2811139701850386
-8.3212828540281 27.225199419465532 -0.3810705686401682
-8.18666302606669 26.945256782313663 -0.4786861681284454
-7.747486217874333 27.004269101286944 -0.6126220963087532
# level 30
-1.421232583329465 36.10319316892874 1.972328626253602
-1.7488460499324934 35.891636883850644 1.9518221888401401
-2.079619235889058 35.677781043239385 1.9341262457867605
-2.4134819267102725 35.46166737526552 1.9192871275095118
-2.750333814608875 35.24336409951673 1.9072711149480088
-3.174661036672969 34.90067348600517 1.8544226494436313
-3.668082206612449 34.51841406214871 1.7950167342330996
-4.1655719262467485 34.138480379893146 1.7405998242529754
-4.664826535324693 33.75862872513454 1.6899073871328754
-5.204899543071203 33.34757461042017 1.6481906511909659
-5.761572612135184 32.92477003521504 1.6123622761360594
-6.323333355996547 32.499375124359084 1.580792418574053
-6.813648366401607 32.11884778593313 1.483100736761835
-7.1982334480633625 31.750850303045645 1.3458290858490058
-7.578536480933833 31.35009239706607 1.2433176927113403
-7.9633139544956055 30.94815413539409 1.1435040061882518
-8.35249424538972 30.54506462205001 1.0463561192830568
-8.745976979745155 30.140974613609917 0.9519507686594162
-8.962133657155203 29.804627126427604 0.815115268519543
-8.971059298044185 29.54708252947698 0.628255243713425
-8.962203402367212 29.304834055304703 0.4462757168720559
-8.84324949862708 29.14584922786134 0.2775001106930598
-8.730306896946596 28.984294711304113 0.1109689537154958
-8.607384909059212 28.794957196046774 -0.040361371110735345
-8.44143308659357 28.52517031002409 -0.1504018736460291
-8.281448916390893 28.252783477624597 -0.25816685339466866
-8.127537692189037 27.977864784760655 -0.3636005832060305
-7.979586894387845 27.700387280160022 -0.4667563529733466
-7.837747237731805 27.42049422733134 -0.5675481347132871
-7.642120879426311 27.334082637660853 -0.6546074946235393
-7.2986223812832645 27.348237600111133 -0.768122249569474
