# level 0
15.673583691975079 32.16590724558881 3.9828090182407374
15.696711290022701 32.76191778183235 4.042784074594712
15.692757431689277 33.35641717670893 4.096785636097186
15.575149152048239 33.846176734611404 4.1312703969772615
15.23174336012421 34.12194247548912 4.130997003660329
14.877244510337388 34.37399616959041 4.123778248857851
14.506420213968699 34.493798342756314 4.0905902955377975
14.103996919058973 34.41638689622278 4.01809681259278
13.710143955465158 34.289883073619976 3.9371961707589227
13.333201028867654 34.116987489065195 3.8496057165521127
12.981204043031443 33.90137724667561 3.7571910336172794
12.589580787233508 33.6183610252969 3.6931227250424246
12.093747735372025 33.24606088944785 3.514592853157623
11.564891686627927 32.822253912082445 3.2955790422457456
11.09592059219822 32.38649331865436 3.038127718462408
10.667569090464218 31.951362780858727 2.7152354228520714
10.18983649014355 31.533166238640064 2.2218345638529438
9.791202105427784 31.144109158938384 1.68353506056309
9.462405084668035 30.82419788020367 1.1027627690371833
9.210636981242985 30.420253912451372 0.8364188543601626
9.08873844306314 29.98939177960701 0.6366755869916947
9.111527309992729 29.592028451334944 0.6144562522764877
9.245597725006968 29.189243068154518 0.7575096936467038
9.348468572001098 28.574620695114085 0.9962780347205958
9.550721715213166 28.022186787537734 1.2611766106927114
9.877567441864223 27.64170348916019 1.5207943738943377
10.278869333882005 27.292411385392203 1.808752469256711
10.746029768103071 26.98172850208247 2.1188986585456346
11.096456640759346 26.793887022225896 2.256810233445212
11.451407750997467 26.675182291133307 2.3517452272192285
11.845057053217088 26.609225328267534 2.4540285835488787
# level 1
14.990564861065895 32.134762363198114 3.810099935656726
15.008680650510119 32.4979751128357 3.849566807643538
14.990295961599648 32.82558892020156 3.8737834855293127
14.935848206387766 33.11070982981681 3.882256946574606
14.86068725330898 33.30421622164504 3.831288271584241
14.668275403417974 33.338252481257996 3.7910307196199033
14.4430455357836 33.317966111093895 3.74612647500295
14.208531730645273 33.259927330925024 3.6781817574813624
13.969704974047993 33.16533149602312 3.5886167626938845
13.731655216744116 33.03619804257012 3.479342268033208
13.499402144922412 32.87527300432822 3.3526757344030376
13.277931102105963 32.68598724793348 3.2113226383500404
13.071910147100251 32.47233896416925 3.0582672407228744
12.879631048182976 32.23392083767209 2.9032219223106845
12.67144287368362 31.95805990628017 2.764931940998807
12.373421905154451 31.707242143459794 2.573745352615801
12.121354393239429 31.44036163325748 2.399827829152086
11.920610125192088 31.163078200163646 2.2468786369299436
11.758835160685202 30.896583976342036 2.1014782278969557
11.62736606762047 30.65544909429334 1.9546373112956361
11.520966385758276 30.357740061702074 1.862839770671095
11.415856831650995 29.961156401932605 1.8466033727036448
11.369285734553692 29.57131063079859 1.8686208718465205
11.382244746047931 29.19644658608268 1.9284312544078404
11.454505736690962 28.84457108123208 2.0247895817798818
11.58446486212565 28.52318166721785 2.1555997801133726
11.769417140140172 28.239078050042014 2.318124109373848
11.928773498470871 28.05298419106563 2.4297206183751134
12.094805852431827 27.955553614748236 2.4751480045514405
12.286295633092893 27.919106961945463 2.534549280411198
12.499162935004566 27.94438638281172 2.6066556605466147
# level 2
13.584916889547406 31.03422756256322 3.2180174489084945
13.594411007695456 31.09179228000117 3.216077152068587
13.598492464592132 31.143496227593378 3.2110441965971686
13.597096837376087 31.188274468607304 3.2030367811209612
13.590211740532434 31.225130157963186 3.192201007525095
13.578006919258861 31.25330477136601 3.178780639099128
13.56073013386639 31.27220617263379 3.1630512561382824
13.538772257595365 31.281413414971244 3.1453676823688896
13.512576098766727 31.28073426982054 3.1260875500708174
13.482714518161199 31.27021098838967 3.1056282117880016
13.449812352546449 31.250050289490233 3.0844198664998648
13.4145594137871 31.22065644510907 3.062910025965427
13.37772348795476 31.182664365979942 3.041567981067421
13.34008525796523 31.13690267499297 3.020842394327822
13.302438324031629 31.084361581877666 3.001166318848817
13.265589265023952 31.026096507252156 2.9829722551357385
13.230305457950383 30.96338486818894 2.9666291152518216
13.197354259365948 30.897536207077433 2.9525007923193285
13.167424826633788 30.829982806046466 2.940874191986086
13.141167258427458 30.76215406646066 2.932007764044652
13.11912749691492 30.69547170764683 2.926084076006868
13.101760347321758 30.631350727148707 2.9232192983889487
13.08948155618394 30.571203241745824 2.9235011458518416
13.082498679745317 30.516233252240472 2.926895682140911
13.080980215560125 30.467641878670754 2.9333405151462504
13.084977566926506 30.426493097514484 2.942707960956051
13.09438604555642 30.393614484974194 2.9547916448242506
13.109009887578955 30.369730519518512 2.9693338518320873
13.128523276663415 30.35533119985024 2.986017146796726
13.152535400928967 30.350741096813866 3.004501762814759
13.180525396034994 30.356050301488047 3.024388212718708
# level 3
12.289383527001883 29.924154323356156 2.4362022924359654
12.275301214674368 29.66481253305023 2.4621625922957664
12.258213205184976 29.448559495107034 2.483200313125804
12.264113337765066 29.261373997296786 2.5167223949984323
12.292894919715817 29.1072318968818 2.5620306069520598
12.343930905327072 28.989396009279616 2.618152704381985
12.424794245848602 28.91044571120409 2.671458411821244
12.546669156956925 28.866265151508202 2.7073276739989973
12.684366038516526 28.863744726524438 2.7522287344262573
12.83493641855138 28.902953901310383 2.8052015673665576
12.995222152701519 28.983094722004523 2.8651373482081377
13.161745582880101 29.102366701351023 2.9307299774048494
13.331044136214555 29.258339081904644 3.00062011838118
13.49947198489708 29.4476478760586 3.0733022195130393
13.663452264118604 29.666266793393063 3.1472321949884656
13.819504532404508 29.909541019293982 3.2208395438223945
13.964338345333543 30.172321980229277 3.2925704615445106
14.094843105713114 30.44903350419036 3.360890620743775
14.20825178270671 30.733774902543672 3.424348349969024
14.302164340144293 31.020487418731562 3.481597678204062
14.374576239745046 31.30308759675235 3.531419989070498
14.423960822124593 31.575568617016735 3.572760377872068
14.449243932233284 31.832165697451583 3.6047346029559777
14.449912717812117 32.067391618113845 3.626668026583939
14.425947569758302 32.276267584337766 3.638094618095548
14.405661597604585 32.446987527730386 3.6053422892995806
14.366331274219784 32.584448829677996 3.5548258869209075
14.302646769414565 32.67761804870996 3.494798185737304
14.160650542793062 32.664810635750705 3.4430329667585764
14.00897592997735 32.62210065572154 3.381036781493548
13.850885384628409 32.55038160825056 3.3101373281531288
# level 4
10.000006056896755 29.53250345492747 1.0200064001261522
10.049585362592614 29.01957260825754 1.2015845673482222
10.173903538310682 28.521777265633368 1.4149591882067785
10.370319219013812 28.0497059663373 1.6555930573181201
10.673288259398289 27.750341104333987 1.8823913529240257
11.034228190381361 27.478290008020487 2.130382989578515
11.358242581274546 27.280222688224402 2.300602392202422
11.633949082941859 27.162489438160872 2.375509324226682
11.944607810726756 27.087429387590795 2.4572803531191663
12.283665624539527 27.056648279797855 2.5441895495122613
12.643856671771584 27.070768149277587 2.63437620718428
13.017564675913377 27.129510503646888 2.7259324027263783
13.386661837708473 27.314625036992332 2.8394218299408482
13.76290065813375 27.737499438095647 3.0017803146063984
14.12921010040671 28.22584204045401 3.166927698689894
14.477826814042475 28.769297125253324 3.3313633838769623
14.71855083720012 29.247072011896726 3.4488116234761446
14.889745446421234 29.699841589168138 3.537934929527281
15.045668663667634 30.201856600671476 3.6282497063868897
15.183013235796249 30.742388872809656 3.7178321436442103
15.298846973144729 31.309983347268386 3.8047783857991595
15.390727612435779 31.892584707000033 3.8872462612632894
15.45668979011517 32.47780310352027 3.9634791155972966
15.467974064482009 32.97772001940212 4.013419664957326
15.45421910850781 33.4641455671729 4.0553380416513205
15.287648193288641 33.80311976236892 4.072791602563003
14.999200838494861 34.02208203374374 4.069867719930559
14.685013024509288 34.084361979801166 4.035728616444355
14.352040772612629 34.04257214905438 3.980112065426864
14.02240024187016 33.95946070697195 3.9168662462665695
13.703097493566094 33.83676783002834 3.8473302159874345
# level 5
7.773396254910923 28.980201791603285 0.19133809527140427
8.046932954456018 28.546562056478024 0.38242864145413014
8.301310499165707 27.94299431896871 0.6695291321282306
8.670790424076483 27.442097458068346 0.9815089809769815
9.139701278037492 26.976278050306853 1.3330538413713593
9.698091970710149 26.555407770463283 1.7167069389148222
10.289805538503177 26.208271841245633 2.08015241999588
10.716327085370684 26.026156723688647 2.1960335162288427
11.196943719465173 25.910038111846283 2.322540286134892
11.742410418553566 25.888407410217773 2.4526607336751556
12.368784069574296 25.966572111387304 2.5785395882714353
12.98188437727014 26.084795290768 2.713299711760077
13.568696094831333 26.24056531144915 2.854079805028435
14.116718314425999 26.430582179918474 2.997885907306086
14.496720243476101 26.69672139880025 3.084991660188102
14.80660045613238 27.240577729427326 3.202059915764936
15.083924436671627 27.84172586853357 3.3381911400794593
15.322818050021352 28.48740094636114 3.490493194740065
15.533865621296922 29.185850088992435 3.6470982967307792
15.746337195246152 30.022069991132305 3.785683887450276
15.925541602889421 30.900160527399347 3.9201943682776346
16.004534800419243 31.627260351606218 4.004404750095425
16.052199222458476 32.382563139950705 4.084363282682588
16.065526425881338 33.14453978311827 4.157540450611803
16.044257260246404 33.89702245681469 4.222388651624681
15.620638746525097 34.257276330241524 4.226493046042198
15.174404526356454 34.596016338791145 4.221969885335234
14.718498603004655 34.90118328848236 4.2086483049365695
14.260916393290664 35.13381669819472 4.181143144090178
13.750964566158984 35.0052377855162 4.083301076273233
12.754839270428398 34.61000708431362 4.194119351520406
# level 6
5.817953759361002 27.794808365638488 -0.04382155430315271
6.638665805604939 27.724654879424495 0.030318383397852228
7.110905885068613 27.14930587401089 0.4694026059314639
7.5987932381600425 26.55346045027934 0.8815425681063854
8.121123369904051 25.975157033439466 1.2541311880777914
8.713017561467069 25.49718289238061 1.5939965026308487
9.339385113911334 25.152099463490906 1.8436305000206357
10.081692426232669 25.11923808305955 1.9633454286796448
10.90816006354464 25.111057489566768 2.0986185881063952
11.752635136260334 25.16018785996992 2.252755001843859
12.597174061768158 25.265559329895538 2.4224723679339593
13.423801564726155 25.42495950675776 2.6041668017371644
14.132092079250116 25.597582428012842 2.773706080082378
14.657657376708546 25.72727568149431 2.910289289621741
15.145041128076983 25.91242576712515 3.054339641267269
15.493146540829976 26.49344549762224 3.089526436261601
15.78516118392664 27.14835118308097 3.121587065788666
16.075143172796892 27.94889502193774 3.2652405241647204
16.338549186763643 28.860915232540485 3.488010515564384
16.504033239711916 29.850936560121234 3.687375298994166
16.610001872715323 30.79296576895856 3.8782404769834504
16.66093726305609 31.577612010817354 4.034574568457684
16.64897960351449 32.31954396461342 4.198193718458703
16.66367131780706 33.31263721121754 4.301906770733933
16.530710952241815 34.219103119267196 4.3745052851413035
15.954905345188545 34.711373242364985 4.380400718999972
15.355076630774546 35.276920404043366 4.35171176991842
14.738365876525432 35.86441143896678 4.301638598235678
14.121352663772832 36.33908135837997 4.25169438143324
13.151603023475637 36.117549888295684 4.602954377726496
11.576580711968166 35.50243639822041 4.948204683672877
# level 7
4.636603391180589 27.200529279766364 -0.33565251539083035
5.471328377344841 26.922826162989008 -0.18404137996721553
6.103625186220873 26.21211505469676 0.31445329129202426
6.880806984680362 25.612327106984978 0.7701160138511713
7.645689143645274 24.98375867514362 1.1518134907455442
8.35965097973205 24.5086438465151 1.3697851147116757
9.053611528768325 24.195457382534393 1.4963549977089639
9.920019236297613 24.123075896868702 1.6505710789849388
10.878635005689057 24.20551189951374 1.8363433316321114
11.834001778311434 24.38075459793259 2.048179895671252
12.82425362091006 24.565022110697974 2.266318728986155
13.804305193831235 24.740827021843575 2.480562659560441
14.496680097400503 24.830391088079413 2.6387069717888814
15.155201200596192 24.992900774423823 2.8098444497299555
15.765896276825897 25.224886567247378 2.9903382201045425
16.232797975375103 25.83838841538975 3.07238215667603
16.59868658806785 26.658983164334465 3.11255395432164
16.949635914900277 27.652826304805533 2.952909484207678
17.147225943612415 28.750092110217707 3.180931690498171
17.29566947463748 29.935837852517924 3.488611046183122
17.42611206001096 31.165342750121635 3.744366096866372
17.489935796286805 32.14851341590744 3.9402541992857083
17.474950091213316 33.07813185045995 4.14526489457797
17.357024469514105 33.89741300058488 4.338585659355245
17.059290035655778 34.722344762001114 4.49117403340602
16.285372981769143 35.74006000765226 4.4254148304272745
15.529394170788535 36.60195831880982 4.363841570007065
14.756644007757139 37.3381068109469 4.301098929834425
13.80830381618798 37.645704755955215 4.435873067132217
12.58107588677528 37.36311802807498 4.882924417328654
11.51496668137753 37.055598604931035 5.2034325157049075
# level 8
3.7410193139615724 26.68920347318499 -0.7565878873379783
4.508663754029296 26.154402681845177 -0.6281519188829607
5.3471628529586335 25.325810161866457 -0.13308217999618027
6.262070401798546 24.63198378943308 0.4330886424694781
7.168029502473387 24.08223864098097 0.8859081069908432
7.93541857891511 23.611911944561655 0.9965558779050858
8.765804708395073 23.237144779042215 1.148005003906539
9.765119232141508 23.110501512732192 1.334000494193246
10.912177020822526 23.20914141487716 1.5562910120700346
12.00765248305093 23.39698431805673 1.7647401451713844
13.054875789624669 23.658620479695653 1.9656818376860243
14.046399715789322 24.032340998863027 2.2598972805842257
14.875849620861178 24.15807112842396 2.438257519005438
15.662490965364652 24.34525315387008 2.648594890576906
16.38960831896056 24.58989771391761 2.886432693965854
17.04282618162712 25.36619868074147 2.785746305855268
17.600571329616965 26.550797127848504 2.5046456449316077
18.031308012301555 27.74850168780079 2.3027651107867557
18.279991489497053 29.03497696790904 2.5055708490210074
18.371671253307536 30.360807763506664 2.9688807299911497
18.238582024816044 31.455425420482246 3.476265437585567
18.193116252632322 32.53129492414368 3.7550331739051215
18.113847634397164 33.550313838544376 3.9547454300730203
17.922629284859106 34.63109031215378 4.143653147896484
17.565581410023057 35.78629038412333 4.307344888868094
16.961076598585077 36.563129069587646 4.495814265193217
15.948547775237495 37.693773713876 4.408060854546152
14.875917643389453 38.71232297709868 4.2992148412049715
13.736559047252852 39.14250766009169 4.351976377549659
12.55838122625347 39.09102124031938 4.646536654981756
11.362159318409297 38.78390537412853 4.955418489628826
# level 9
2.739701179849206 26.193835171749793 -1.3453625532226923
3.629961262763468 25.49893980922044 -1.160399969544742
4.638225973723134 24.35566518401342 -0.6525938432389644
5.750165146056389 23.62334502872679 -0.06256603467255628
6.962188160429201 23.108328619505567 0.4332745515962485
7.782042908445035 22.603855028559785 0.5794276435930436
8.61257310246513 22.22583510618736 0.777757125493556
9.448904449799999 21.987761267010637 0.8389508577996245
10.58327786495132 21.970392991592767 0.8867561613435284
11.76992924045267 22.114866033625596 1.028613538478515
13.080034684173869 22.598699549607485 1.2842661201506052
14.318336447752351 23.155920721702145 1.63702149723278
15.285174441745095 23.538531767102775 2.0874896981226527
16.194874804687466 23.81183364969947 2.39082664354833
16.922487868728638 24.27490693325013 2.52997141282928
17.55082141186592 25.039832358593692 2.5098525454115332
18.325224107064713 26.429218497507996 2.0923004997507815
19.023764993494144 27.83377905073326 1.7158953654366367
19.29542328062264 29.118641911221246 1.8082435196616484
19.19059345811328 30.28386254071254 2.300277014417372
19.005256082321353 31.46733201667993 2.8584324068421267
18.90639470376287 32.7665981639024 3.315349643592899
18.745261407245884 34.01143165095074 3.7563657432376596
18.44095769433633 35.51229724006436 3.9121529935782435
18.0445300063198 36.89280430247744 4.095865132090166
17.383311742169735 37.733838428253755 4.288587120362568
16.400537189538234 38.805811646890675 4.170113088099877
15.131228750020119 39.86867785350117 3.9142479251826408
13.817174815455079 40.44063204629608 3.6706203456415905
12.474638307205202 40.45610410438822 4.016654889857525
11.232201166664073 40.20225069672691 4.351775313937876
# level 10
1.738342698145305 25.698698560726896 -1.9339484603588397
2.7505269966097345 24.84451258150096 -1.6930017969375606
4.097317410864998 23.322810719577664 -1.0512784312139876
5.349006370854324 22.663590996560252 -0.6154608451744193
6.752747054538848 22.125584011312487 -0.029328208266716144
7.678343657542712 21.593857943198227 0.11781493276199251
8.599368544823877 21.282284976406338 0.15556118289573712
9.483219982668201 21.017247098316965 0.19103376960699497
10.308999587500129 20.744311300611827 0.16064205229458106
11.565884736076244 20.90763857649107 0.30323571160378615
13.133065085353707 21.574138262586423 0.605168634400888
14.590608897749625 22.267018747407096 1.002555304159642
15.684916584349175 22.70007418712291 1.5124142513243604
16.69252762985904 23.314006363112462 1.9826152613677552
17.41484754843451 24.037026560923973 2.115258542934721
18.077958909837058 24.762382753984962 2.2028903558075825
18.891490695623485 26.241279042137094 1.6747564494065899
19.572212400828995 27.704516248888236 0.9973904714461497
19.90556511792 28.973886400938053 1.05361377113271
19.971793555488556 30.135458337350364 1.6197148781694617
19.77604239597934 31.48621277876154 2.2382871500966885
19.7568118560011 32.96368188795755 2.6398608006179316
19.846255833791457 34.562047778781086 2.812239848860222
19.30457232366329 36.512283835078875 3.2752341242065226
18.62073343803793 37.92020863900161 3.625191843097463
17.718499274140314 39.049380034694266 3.749357976784362
16.82703882834744 39.96730321030691 3.8313235632475138
15.380544835741926 40.89473455005069 3.5152886415422824
13.893254623592142 41.54210348270149 3.239538071119612
12.499323338255756 41.698366554968615 3.2328077116532388
11.229873470750784 41.33006416933931 3.506131023542573
# level 11
1.4498538879066971 25.07023664464989 -2.551359477174457
2.460773790639962 23.632447716487682 -2.0399857671997075
3.8339703385233657 21.98676149633604 -1.352187952747735
5.211513194313548 21.320526594121525 -0.8909402590697283
6.583208982932323 21.07902026742679 -0.48843177878934224
7.561491521768957 20.69664983667582 -0.5502557862804132
8.584900793259475 20.350434650815295 -0.5083182495209125
9.572436276673077 20.07027419552693 -0.4523414448888077
10.482125222547158 19.77537656707257 -0.4808514580497647
11.62665805849377 19.94849155718162 -0.41072611744876186
13.328088846374088 20.66329019943676 -0.07148012030092415
14.845262342740728 21.416534507632434 0.21269491157739606
16.087687270320963 22.10903180872497 0.41662583374594764
17.156195744622128 22.83209842235587 0.8896681582338166
17.908417805728238 23.65026143558635 1.4468486238867588
18.680113803537438 24.608596324384866 1.252551222592606
19.322293826661788 25.930929191929117 0.8775399096359657
20.07382016967472 27.51715766491518 0.16708840023120985
20.419950306974414 28.91196740289266 0.28603243869223505
20.511965513421963 30.19016753587095 0.9263360190663583
20.653734384840934 31.528223588358216 1.4748136813857333
21.047935326614223 33.21953864832065 1.4196310017729012
21.081949166023424 35.07410368414216 1.6175682221210734
20.20666759633959 37.42607804438946 2.209628860760663
19.463661147282238 38.74510409383065 2.445173129140616
18.530007732324904 39.93215989727994 2.6302289642904038
17.297655257497347 41.10628091770974 2.871274439815539
15.728207874035144 42.27501371666639 2.898781268271266
14.183458929638046 42.75580030831203 2.649680598707968
12.88047098521089 42.63803169888229 2.4014208142224645
11.541505359997497 42.293871851939066 2.461035325464822
# level 12
1.5050859318310543 23.621910826418592 -2.82151136762484
2.4937110348628178 22.196108812328752 -2.314180627155012
3.8653162615458716 20.71507829305112 -1.6560929293935298
5.288347238962733 20.26011450819192 -1.21466958421931
6.411464263350596 20.010834895229898 -1.0606224546317167
7.467737710864148 19.674685553426265 -1.1286398692810458
8.578053484020009 19.42200987295366 -1.1579780561598914
9.661250318902137 19.124680711281616 -1.094832246456813
10.804657197377598 19.06260008938004 -1.1347874529361008
11.95341050935047 19.17575383344122 -1.0875439908722788
13.577511077930932 19.791460461516778 -0.8424308139112983
14.99480099159676 20.426357061850084 -0.75091609623593
16.451339989023698 21.43094522149631 -0.6769083905513522
17.639560859763186 22.376864671789747 -0.32079246711879117
18.565885959507362 23.4432586820572 -0.10604503812774888
19.234513855854722 24.486978611525988 -0.08035979252752518
19.778898380481724 25.761796311032676 -0.11088771085011534
20.668788869939984 27.426837458612948 -0.8287452835078366
21.386462893656088 29.02521907306312 -0.7218795561741401
21.720172513606045 30.513323694373526 -0.14683728746483637
21.644044326597278 31.697621986018298 0.48177972777285905
22.022523836269368 33.511277015648375 0.48119336054131334
21.94614451384846 35.61495483933052 0.6434727005957328
21.040550315064674 38.21803229918484 1.1029468190000669
20.252677504267492 39.48469214878167 1.4263193095287194
19.24693524260399 40.8265771466792 1.5002945937107097
17.80893144412571 42.18701451278881 1.6577322672701889
16.153906844396413 43.37709030393158 1.7481204798743837
14.577000545282196 43.6757603970156 2.1006401039107434
13.144174941637118 43.531554520172534 1.7743980992906527
11.690604864944675 43.191844347334865 1.4839274757315062
# level 13
1.1868246699080198 22.44209878029181 -3.2733901238706675
2.56499837220708 20.713303551136473 -2.570853378530733
3.9655508319965933 19.714140095265265 -2.036788390868931
5.197128065572245 19.22814896375197 -1.6666503040397442
6.239889800782633 18.939877028538184 -1.6342132650199457
7.371768860339946 18.600900337396748 -1.6924301231007572
8.572259085419018 18.327700808819806 -1.7241524401094765
9.767057247529717 18.31009464054066 -1.805993443847237
11.022273724898477 18.321189394212652 -1.8769441288658866
12.27560288010793 18.442250111385803 -1.8214925363304795
13.697279615525513 18.817360277016313 -1.8349351635537232
15.167704055144503 19.46189460418813 -1.7169460789150635
16.81014340697743 20.659650721280983 -1.6249319867280438
18.270300285687814 21.822674373995806 -1.7119887421397049
19.261710967719168 23.07173504642687 -1.644195864364446
19.939733589166384 24.274249781172493 -1.473988260363404
20.39224261026629 25.596587497978 -1.1794103974064223
21.87951792375345 27.40876831077816 -2.235913638882564
22.599882974292864 29.21469140080392 -1.8999306900340345
22.868934836719887 30.74273822262638 -1.2466794850655085
22.643978713232492 31.871348155442913 -0.5213206440643874
23.037582021998283 33.82993003407425 -0.5035076771469057
22.838106567598487 35.91545223847152 -0.24718101555820088
21.940910761128134 38.20063401983701 0.28171682076031274
20.791047260889 39.83241900418102 1.1674681476812563
19.74347995729869 41.43222367597948 1.4159775561158827
17.807334256630384 43.81367712099562 1.0968972714244443
16.48846346326347 44.324484963535255 0.563939798248513
14.689194985471916 44.6533062007227 0.9192395148625271
12.93511953942079 44.537117664067026 0.9359945865827931
11.488232964817705 43.92794546149854 0.6103420381086594
# level 14
0.5402703624915248 21.49515574136803 -3.8888166897273995
1.9804899970565182 19.723871884836257 -3.2302390613910275
3.2748811847510106 18.91384439866517 -2.8707224441363746
4.546635934179841 18.393281692991884 -2.537258108230937
5.983228158218959 17.923128746215134 -2.268294673700646
7.297860355336692 17.629863138940586 -2.2797436708510084
8.623457345970884 17.503541516515277 -2.367737645142146
9.9198689813993 17.413774702175484 -2.647563462533238
11.11707622206308 17.524414632619504 -2.7479060812138556
12.462683182400063 17.660197616091487 -2.7069034338015294
14.02998008326843 17.962806096458408 -2.8712176151258926
15.61075138796863 18.77338247882917 -2.7582673747232707
17.247142317455058 19.997379221913114 -2.5730100097610897
18.852437665795556 21.165508869854715 -2.870953287882247
20.073431183469754 22.462382351675966 -2.9904663078551414
21.115025472243733 23.778044929565826 -3.085394208758376
21.424022792827547 25.092235323453867 -2.576015918947186
23.03668399354981 27.274674464176385 -3.6213736007124355
23.72804527373551 29.25546284559989 -3.2269097798662107
23.930615212914798 30.88265698524536 -2.376446532972974
23.644205801591802 32.05260649376879 -1.5231784959808385
23.88708625780214 34.03446371189704 -1.4245110517674726
23.636701938381904 36.00121137036493 -1.1003130785277853
22.82420946138896 38.1552717705954 -0.5082296546182323
22.322415794346878 39.69414822731513 0.9432729761369125
19.58352563456255 43.994130393538796 3.07498605178389
17.69160364335457 45.80860076403415 0.6128795212325364
16.459453204108602 45.68437790293258 -0.46472658233876935
14.713851126569876 45.64151993733194 -0.3381849480716573
12.725041078782338 45.5409022023756 0.09860862610904056
11.286303108092946 44.665873541831026 -0.26461045806579303
# level 15
-0.5140798284207304 20.827719752765468 -4.797573841204092
1.016400291305808 19.148571532643814 -4.207094692651992
2.462222746240448 18.20530091765466 -3.779165678709669
3.8810275464847566 17.573426810989645 -3.4188879000352563
5.305573194162959 17.14444217802946 -3.207755871945347
7.115024880456735 16.814915878770577 -3.0196656351965356
8.674503601868802 16.662820086201144 -3.0800228912432353
10.075735229300413 16.51515604749938 -3.4918406713255186
11.300696416808535 16.67719186769501 -3.5979180439375513
12.718121589037615 16.889584541630366 -3.6762256777481093
14.379328980830937 17.21032719076906 -3.8503827829962387
16.015968405399995 18.025165836915775 -3.874781137371648
17.68515643316505 19.065311673405336 -3.9689236766700984
19.38543358258781 20.333629484433754 -4.237766868317438
20.879459829954214 21.851711637290226 -4.374087391964734
22.287998469593774 23.28301361503542 -4.693490280584782
22.64973330871553 24.688417526501432 -4.208191672581028
23.767231888774205 26.863357372669043 -4.76294245368279
24.657953629001312 29.094140723934757 -4.743742682644604
25.183672821629763 30.998091428746477 -4.118358314683734
24.76779496246169 32.25869302324917 -2.877641194211167
24.579298556429283 34.14891536167511 -2.281285159025676
24.332833512214457 36.226618044706484 -1.9395624266252498
24.323404227292972 38.28909983583271 -2.1194597265892323
25.715374048040267 38.864263206730655 0.392853851042613
21.937336816591866 47.73085317827953 10.839685296723115
17.92427983093243 48.27836034368635 0.4499863364577123
16.55580259065926 47.19023865972524 -2.337881572285557
14.806577759438326 46.562853527472946 -2.2871526039940107
12.345122707906118 46.04167860652265 -0.9725699950795536
10.846946204250031 45.173361715286106 -1.1271893266850446
# level 16
-1.3824119803138282 20.154339363878126 -5.613314514416557
0.052663963041705175 18.57329997505964 -5.183681234016827
1.4934934239489657 17.500644332347015 -4.836366018578268
2.980614930434368 16.827265321850504 -4.511410532588362
4.636331017048493 16.38186530627261 -4.198209447602218
6.602347091489438 15.982849116118844 -3.964246803996033
8.623455211611393 15.817597528459263 -3.944418880341471
10.233831239941045 15.6190345999891 -4.334320631684696
11.533934372609158 15.829181102967244 -4.487331044694055
12.86764079419101 16.188161934227892 -4.694012675355676
14.580625548694606 16.544674445818757 -4.895143266544596
16.325132083785398 17.121491112040534 -5.208335981095445
18.1131407233341 18.066785457310875 -5.532406951579691
20.04986058073102 19.534139360550988 -5.859032479008543
21.382824263303615 21.24929329671024 -5.5714615953016144
22.958950551522797 22.69630199284152 -6.237341665605378
23.668989936291275 24.176433694848136 -6.0556357579988696
24.50850911720007 26.54640668053152 -5.947898607814052
25.63179397324825 28.903655975586442 -6.263385674973208
26.41444111865843 31.07874911984556 -5.840006221436459
26.03147164010489 32.50103732065053 -4.671272908748611
25.800123784403052 34.487187129550485 -3.9399662912068214
25.28118652917775 36.43980180847983 -3.21956086032596
25.464379063795846 38.64524808374607 -3.6082370264861057
29.35901796670492 40.27920230975402 -2.6420085335925427
22.227341059617324 67.4584380424195 2.8651872020819473
18.550350230573642 50.32024817531906 -1.9340248769678705
16.834331118523586 48.07414688023955 -4.295748237764368
14.360365770274017 47.10466315361427 -3.76098660614256
11.896812408661466 46.432474877870774 -2.1412016936652307
10.41177804286109 45.67246327665971 -2.0846179813185683
# level 17
-2.490841129426652 19.52626275933057 -6.741502799259109
-1.1464199315363663 17.853791853803767 -6.375738938578196
0.19764636712453967 16.675789441081726 -6.26186359244368
1.8224231849410961 16.015343172639113 -5.868011267288461
4.155813816247953 15.660214411306448 -5.123468514101633
6.297306320445525 15.223472074080215 -4.874591097999895
8.392184709450056 15.010768463260614 -4.8950327525948225
10.228230414600802 14.874903141952814 -5.170822075410943
11.825396834609343 15.052253506210917 -5.534602558669844
13.200324916552432 15.446015349073932 -5.756952671157438
14.777896023174304 15.874437756153359 -5.948861411304153
16.61528733072704 16.50751449477477 -6.3334431861115155
18.581970437733013 17.446197210575114 -6.799176005233921
20.74447152636103 18.88647553988961 -7.376444383133909
21.992439646735164 20.598490662025135 -7.001674150355667
23.631017614619807 22.10818687837854 -7.784180265017331
24.665298357463186 23.889034382613524 -7.812298737592128
25.285742754484588 26.299415324929026 -7.190219408604216
26.239600715049505 28.4040908723942 -7.159651532303258
27.137873228325425 30.705629888464514 -7.00468680586391
27.295960082123095 32.74515645357446 -6.465624735456591
26.95557876449286 34.83508328051422 -5.571457425909369
25.934867808999613 36.889523261569806 -4.25557810135029
25.96666874146733 40.14826793340205 -5.252764500065897
27.266837928597454 43.175020391632906 -6.370950579060175
25.756297741114388 50.95871571186283 -7.610577281437163
19.230380271385012 50.00719678319594 -5.056836055090766
16.884412760038984 48.21483880958256 -5.6691361274708925
13.654721324375478 47.32284924396817 -4.858859985661872
11.772369807795727 46.59771205941236 -3.4520457670156786
10.186935342247574 45.977508039549946 -3.0181579532777443
# level 18
-3.6048506545034176 18.98361239907786 -7.86531920119114
-2.821373239356821 17.213661094630314 -7.8230338578279515
-1.388901007541171 15.972547084337386 -7.7152236820781575
0.8115467370829508 15.251426170878737 -7.181643646349212
3.731795764027479 14.983815154768758 -6.125294703123612
6.223421217556979 14.611651224831125 -5.681979947448074
8.148990743679471 14.327256458025788 -5.737204603598353
10.069383915318026 14.263068648095707 -6.00464874395012
12.117047870811511 14.275337204447489 -6.581938904426327
13.548935076471926 14.688990491561565 -6.830277941127768
14.936611689499616 15.247695774430348 -7.035736866477112
16.748391453606626 15.94088477522241 -7.419398952060659
18.81960584431255 16.86429188833203 -8.048299421006439
21.03208484903988 18.316251180644866 -8.65730652879891
22.470867861557416 20.023151834835325 -8.49648449626236
24.35013371691299 21.970620364907532 -9.06153026552077
25.93063476819068 23.897949374768444 -9.01296029952228
26.21886085174895 26.01159647718628 -8.120909804423185
26.86748005540888 27.94820917866759 -8.030177169250969
27.624850890983147 30.49482741309649 -7.928742512248682
27.970061196473612 33.04597456511476 -7.58323248841985
27.742987690822837 35.27669639509456 -6.838832940027334
26.651845963551292 37.345247056697914 -5.395082700443611
26.24028028050239 41.06881276207446 -6.482936028350594
25.861262260868234 43.82369705572712 -7.69725328911033
22.807391632480844 47.939366774142236 -8.316498505771756
19.334250204811834 48.442552776933375 -7.200894256409551
16.80016217612423 48.25907610590333 -7.184548858686982
13.870439059617913 47.43848026214775 -6.103463673273325
11.714985427562459 46.71499976365065 -4.79255898584672
10.026866146481478 46.12391968620671 -4.138856792731788
# level 19
-4.55245137671771 18.66859164905665 -8.793357297221544
-4.20861663840498 16.503902333236837 -9.031176120015326
-2.5805841905443687 15.317500651964334 -8.780943702210232
-0.14534406802946187 14.535666929935315 -8.415986207740286
2.9533135079778288 14.24996671512866 -7.376885003323052
5.85245854751646 14.090269435493846 -6.489447234738
7.789351379480759 13.815312114381744 -6.558810062229028
9.915198851619886 13.651003149159806 -6.840031035694464
12.222342416695609 13.605887651994044 -7.513500499886809
13.914870530767558 14.047818547275265 -7.979509626586986
15.32815795846957 14.672761220702359 -8.242784651178242
16.8282909084599 15.384529139542723 -8.507421567480034
19.04779521727993 16.390778044885277 -9.268498973519899
21.218849476753995 17.746713230194626 -9.898947920020785
23.13353651014962 19.61445105814082 -10.103673177017466
25.081950384154776 21.92151742378773 -10.292598273483712
27.129443590091903 24.09006864908157 -9.863640795587676
27.52411137558421 25.976478832033393 -9.142405069174666
27.600237718779447 27.891807036162362 -8.902187290227726
28.019889434806803 30.665364319399437 -8.780443120658074
28.44029246794857 33.368720956182564 -8.471393326743437
28.398780559223077 35.79985940161747 -7.93087339710527
27.33739869743666 38.10994398928443 -6.682649183273277
26.570472691113256 41.46407668161617 -7.496135713783607
25.493829498761787 44.07563773211674 -8.697891919246624
22.617865612214484 46.61370606076036 -9.225370005005459
18.912885587603824 48.121587475359604 -8.771129986982148
16.580130829956573 48.10918181584521 -8.598821500174523
14.048719004257721 47.382953852475666 -7.189750642116373
11.666352138271847 46.63767934400024 -5.9747126944863975
9.901213896604457 45.9014004894231 -5.28669870307595
# level 20
-5.649478094974957 18.190151719401936 -9.788177983749257
-5.41019502603045 15.749361550959827 -10.089410597446085
-3.7063652699419847 14.659106847937561 -9.796336787030903
-1.41445467119319 13.826427358822274 -9.590013715448588
1.793714901601645 13.621004201868466 -8.76797429608132
5.007373247292873 13.517683710446308 -7.643770751961693
7.4590820866632175 13.296921689195191 -7.431333422851029
10.005597701943367 13.053148280876616 -7.832790937742216
12.585894049333463 12.983367961607009 -8.827514330231967
14.306331361284498 13.4481846789593 -9.195383520041078
15.729094989595822 14.093044653309121 -9.460961191009886
16.934805562532755 14.831272360838293 -9.59941091910531
19.268731362211614 16.005186541282335 -10.477006081260688
21.437544660418492 17.428957596265832 -11.038227430511224
23.4608299267778 19.40167694030091 -11.279111488202847
25.632967810272078 21.926491915236515 -11.279573083964108
27.435876948531742 24.158438157106467 -10.648089701526134
28.217419546551188 26.018012934794395 -10.065168348121057
28.081905696893564 28.08289000548848 -9.797278110448229
28.385250134924718 30.860330106083953 -9.683563366204796
28.815295200589173 33.673477987861965 -9.359318725408382
28.749833685839118 36.13318742304754 -8.809690171267365
28.06389676670387 38.91010795676352 -8.094054574621271
27.089351036160362 41.766227752274396 -8.749041224756297
25.57557397194171 44.326240883729604 -9.826511492871768
22.538999359482077 46.51465623738915 -10.491075009626638
18.87019312965282 47.689602456191565 -10.073159118691848
16.60328460114385 47.66204265527284 -9.52736699432555
14.09787133011773 47.096175848234296 -8.13301404768096
11.764053524840362 46.44179371840605 -7.103989494044624
9.780813416629524 45.65982030000103 -6.435644177515207
# level 21
-6.585034016185835 18.154077235034187 -10.553283879919753
-6.784066022563198 14.807060151853282 -11.31413196064204
-5.134823223486228 13.578796640740169 -11.119997470499595
-2.96744324108052 12.989640643917996 -10.95090776854824
0.6361177612663731 12.990208708786243 -10.147673593922782
3.858646223128639 12.922819220763238 -9.068925211458868
7.4654202991207965 12.653547311954604 -8.632403446341161
10.0570630755161 12.408392676334467 -9.039343235042788
12.998815274966956 12.34032704655214 -10.281349318643526
14.709033080907323 12.84934247886448 -10.541188138442314
16.12405249712672 13.520771420450085 -10.664928931843885
17.603789151925813 14.680284524812663 -10.955631236622565
19.495081691738967 15.81283497541399 -11.70546398448077
21.65762145799411 17.27470355365197 -12.182104177301568
23.728645373851563 19.220202866005692 -12.377844345881368
25.787514802661292 21.96806414599948 -11.940121185797022
27.646154643344687 24.199128905853662 -11.438948712987695
28.438690414279634 26.117148825056322 -10.917166042007556
28.511703172600345 28.32854413080485 -10.668621031676373
28.606052907862683 31.120991400648048 -10.349700798594268
28.89867102607705 33.95024402427905 -9.894655849490562
28.89030250531186 36.350331529070324 -9.54301167765869
28.342701893241774 39.3667844407919 -9.198378471681155
27.472270568587522 42.03871787752069 -9.927353930594023
25.85194966170996 44.51147134002465 -11.026315362237417
22.934916625500378 46.50315080811311 -11.830367173425337
19.288345358532062 47.31770012648825 -11.399389165267824
16.6419931998291 47.218595347309886 -10.483754415419776
14.29269457716574 46.855754804359876 -9.363929912081566
11.858509846551822 46.24484459983179 -8.23122717953417
9.750665979507323 45.27418976348287 -7.451769086131196
# level 22
-9.083700378366554 17.375350959070346 -12.59143176716734
-9.352848495442037 13.533393961425023 -13.256235758691469
-6.684457126099116 12.370449803671832 -12.596922258618694
-3.9035852335976493 12.107178721837437 -12.23033004194657
0.07331106720713704 12.286400373706156 -11.41958590107379
2.675025590657045 12.37593583562466 -10.554513560557197
7.466777993507301 12.035059879271042 -9.79826038546128
10.216991837827491 11.75058640908592 -10.522919370024775
13.30984392856711 11.74900582221203 -11.726060457185685
14.899655401358153 12.399744391059922 -11.59135940627384
16.746156796694198 13.41083790714389 -11.975993439264231
18.317231603926245 14.599466318167345 -12.343270172204427
19.870428858277613 15.658599066738805 -12.978909062365418
21.839479675578858 17.163553114035626 -13.381562729405243
23.841635959015907 19.18774277013324 -13.134359837680657
25.94687259444854 22.01538742166866 -12.599487790545219
27.61627611822332 24.171314901667746 -12.252473626736098
28.480725833779758 26.34571088349845 -11.857610761648726
28.44363715892672 29.0908346285136 -11.345504577798875
28.68775262943901 31.582589939961064 -10.796769340056954
28.967424321895333 34.24406262958988 -10.396827288877056
28.982985821650182 36.586015220632774 -10.55894765337147
28.507800519646857 39.70905431947982 -10.44757797366521
27.50220329185771 42.13442510877617 -10.97228111565157
25.725632889838117 44.58115993203712 -11.929703506520166
23.15023055331589 46.46526177398761 -12.974629988967306
19.611148674944232 47.12522952625265 -12.63792695864568
16.835908221593662 46.836351447625816 -11.897950204381779
14.933303706868656 46.248520108017615 -11.472310180155224
11.859115383376409 45.78036942976992 -9.192475051996663
9.640667097505752 44.722099025159565 -8.409608621654815
# level 23
-12.055060397767202 16.324361153693133 -14.976658399225704
-12.151605786612002 12.179301452394434 -15.348121093772953
-9.13975703914472 10.234068906414869 -14.792678329438049
-4.640337156937202 11.134725693071479 -13.517055919378272
-0.1982656345642742 11.647194665501305 -12.706233299746547
2.5256845585499192 11.884064194133085 -11.867022580552428
7.633777414416821 11.517114946803447 -11.183171779681718
10.432229787289774 11.383008743396779 -11.844300061706619
13.24433435051464 11.442891944938415 -12.662173063311077
14.893471378842547 12.09427575936097 -12.325392201743334
16.791321157338384 13.157455664351687 -12.765885364675285
19.025543390019838 14.51586986463844 -13.727479549235674
20.432005133333032 15.704648953566913 -14.372955581824732
21.940653281722128 17.138307032351737 -14.748654962229068
23.919008000795827 19.064563331540267 -14.08576656890801
25.76477685991474 21.75646665489676 -13.803720123625379
27.167519524515654 23.982204539965213 -13.366229369591991
28.021900630300266 26.19854947241646 -13.112992464405973
28.32931708971235 29.762344645372007 -12.10840328240454
28.61021278448932 32.153391921508344 -11.382021918855639
28.833131250803888 34.71963416284964 -11.32298513345873
28.778679062725843 37.074489727699756 -11.61080129507034
28.386152563749853 39.72280989760867 -11.631424926337022
27.485759765981815 41.92917882288077 -12.075220520796373
25.711847032270793 44.324893260123005 -13.046926257021761
22.881912045479787 46.42754528105726 -13.71226496233681
19.677932924306628 46.98768849585974 -13.775667134606557
17.038397258177604 46.46941353117636 -13.269527062431582
15.52899183877917 45.65298684939638 -13.518306789243178
12.126035563529697 45.182854491383566 -10.622763013796797
9.52643126710217 44.16657333582255 -9.368714102897634
# level 24
-16.39574681391881 15.309684971189151 -18.525131859673117
-18.353136056239244 8.393186920978223 -20.296949409636678
-11.288977865989162 7.526459938677011 -17.394731154843722
-4.751354632126963 9.911078286902411 -15.051278052801564
0.21353005834323469 11.292333105396693 -13.627681139184363
3.3426647608469455 11.507456762262876 -12.935346345918678
7.872339431161551 11.1371853911001 -12.609795919631312
10.71811602624934 11.038377358344892 -13.283118318729493
13.0685351637761 11.199709565655954 -13.640929672530092
15.063830081518761 11.9577161306808 -13.30047397543114
16.854036668512723 12.925205736378748 -13.571369576750818
19.48179175845879 14.632938339763191 -14.984975926317812
20.901056180336006 15.824427269011471 -15.77988594844319
22.242235219347272 17.199096293468784 -16.115694328660517
24.001970853310347 19.15946587493872 -15.167173035027366
25.466919283523392 21.340583965054414 -15.295366311382544
26.667174511511902 23.808194076596685 -14.569921119206036
27.365409341878227 26.196579770423845 -14.370000355587848
27.781073432605353 29.522718386342632 -13.201239087610041
28.14653352250657 32.211841503418974 -12.237208775390744
28.51967989870078 35.13727082026432 -12.371108804848614
28.564652256728102 37.586491510006056 -12.657703511901698
28.310047672453592 39.65094532630451 -12.900927545508772
27.395948459917708 41.76813040343143 -13.28368860548863
25.552165919632465 44.01548449842775 -13.995444823248654
22.610529636685943 46.376103231200986 -14.436010609540496
19.90626817931128 46.59111876410151 -14.663080473732206
17.485852041082616 46.02854474030805 -14.484500925562905
15.661854480720674 45.23490190189908 -14.44307662553977
12.391810712157174 44.670456717364466 -11.854940441951094
9.67266447258687 43.51815190290792 -10.766185817294879
# level 25
-20.209973025922167 13.55851123092762 -22.328391832282247
-23.94260200469766 4.196773997373467 -24.877164154608757
-15.855486700492111 3.4380803820527794 -22.36466062230369
-3.7825577649516307 9.52137141516844 -16.1079574608534
0.5314691044105675 11.087648517477813 -14.621156143551765
3.87898657735528 11.269321188576637 -14.15150708582652
7.972848308347512 10.949909961358008 -14.051863036680672
10.892041176193928 10.737076761203125 -14.650389244027808
12.791959918441432 11.018424806731007 -14.87296736144615
15.35898971702642 12.040923098192696 -14.643884679665307
17.39175430740913 13.184694802318537 -14.997911573565613
19.86926077561648 14.810294085300763 -16.234702460556484
21.348399940267797 15.956537591281872 -17.143048875299293
22.507902825659112 17.52251483242553 -17.082143607441864
23.98839335061171 19.353939868726133 -16.497496422627027
25.18791521473416 21.14053182728608 -16.687331866114885
26.359182958204464 23.660570631937837 -15.975047233199009
26.89149524142217 26.039113680359073 -15.578314423633033
27.24420673268496 29.26932484812893 -14.272799151250199
27.7173413108756 32.46197063252071 -13.281994142438108
28.306620447835797 35.378136348539584 -13.373593003341632
28.846744998943535 37.819598487538485 -14.136142321452674
28.620461166890145 39.72428746109679 -14.584543506089645
27.40184655714466 42.019070117982245 -14.860203948749113
24.812476055163433 44.07926317617043 -14.891665104831707
22.337207655009482 45.72055620248497 -15.344713198809998
20.10334338134848 46.12305222138928 -15.562794336078433
17.958618686243888 45.57286221628091 -15.735931859026344
15.705440773915273 44.82828951404843 -15.227589740417859
13.250850784505863 43.98664024557239 -14.009555269180854
10.057934928755383 42.77699234761228 -12.580593534780387
# level 26
-21.45141527975996 14.319350455047356 -26.057308507281295
-28.35580365800399 1.0467786266559476 -27.329145840724294
-15.3316758981301 0.8666342020393527 -25.74303551352806
-2.9753306357399607 9.24056583977711 -17.65947703476325
0.7686833208055807 11.041395163265733 -16.330167145371593
4.377780564633558 11.34816047771379 -15.445576373857943
8.011518857829467 10.840383728827808 -15.556687719983628
10.587140864425267 10.698837701433003 -15.61214312917767
12.537536604489087 10.932047267345121 -15.992452137233249
15.450398503163163 12.068746629635363 -16.01149297218236
17.975930996025284 13.470302307793158 -16.515122578227555
20.258990088077475 14.989507959919543 -17.48494005078191
21.728163456029453 16.36277897655569 -18.095993180348245
22.8121482349549 17.88984468386331 -18.022180719547652
23.944055572732534 19.55830383605401 -17.796093068136763
25.061623195065373 21.437426567319577 -17.600763204210796
25.990321682686492 23.569004159535332 -17.284679176975697
26.466065466885638 25.928202218942936 -16.87078829480143
26.36364514735184 29.216104397786687 -15.546396834382227
27.095010588148018 32.21654449956323 -14.3233440682244
28.502627582912456 35.47741188628822 -14.320492900061192
29.13401267170152 37.977331081916454 -15.54154836058079
28.908740032945747 39.810439290250805 -16.236103680340836
27.41682906568834 42.2371505192717 -16.495818885481633
24.172424516343064 44.22445167633333 -15.977428446694008
22.115638283407385 44.91705477930131 -16.280641408644648
19.931151376948133 45.3537880284045 -16.44187656978317
17.950298318773847 45.020915749176865 -16.64866328183702
16.30391145286383 44.21967027796373 -16.92676658256758
14.114020224433663 43.30450554351792 -16.165753767742245
10.559136303052881 42.06233129855846 -14.499842696162236
# level 27
-21.062366047280054 15.031093232667457 -29.014023110773326
-35.515739539816295 -2.9224000072649003 -33.96228696247063
-13.057068783677924 0.9980857839338665 -28.99050187009238
-2.4623622371931804 9.24387357824179 -19.9048001721168
1.068944854898648 11.530045888737742 -17.974894141718202
4.791331422990478 11.51085846888914 -16.910196236973402
8.010540362314183 10.785480606414858 -17.117840730753485
10.25976134638135 10.719210027564614 -16.712227404827047
12.605865668507667 11.150419347976717 -17.19932748274207
15.46267164909647 12.177450599033634 -17.504600478396696
17.94076652820642 13.493888184068586 -17.994541438990048
20.390759766585713 15.21176897867065 -18.700488519910962
22.1117949277141 16.84919451078507 -18.962086642986172
23.20014570046035 18.350685424890496 -18.922283528572763
23.789970681720074 19.765321764231423 -18.65288335597823
24.87052084425197 21.601962686529376 -18.449277793902
25.744868062344146 23.631286271088136 -18.10311824514337
26.01471151167028 25.817911853859215 -18.131281103563627
25.540062404496567 29.184066567319697 -16.847088471580044
26.43091229749484 32.020191461596355 -15.589823909834134
28.712559336796474 35.14040340613175 -15.757201528717237
29.315067167956382 37.04608408810594 -17.71868958114721
28.871270001585067 38.771899226666015 -19.18820098480193
27.240970282005456 41.65205890849725 -18.428239032363848
24.22013691028402 43.671968682063266 -17.46409130961392
22.010710785060244 44.116669969962004 -17.346550216400235
19.747222435039834 44.6158917788502 -17.2623795109063
17.828718620516977 44.47356749275836 -17.370687982941792
16.365457750679482 43.768361941434094 -17.550996966869647
14.777689633965661 42.68970955442976 -17.921694291881767
11.126214536357502 41.596800213628896 -16.080285190380476
# level 28
-16.206956070385704 17.430627752212448 -29.273531664818435
-23.993116507242895 3.659141913261559 -44.510647349522316
-10.060705335596927 4.18513168716107 -30.02223030783897
-2.3976914209290854 9.959679589350907 -21.77577910304807
1.4596091565206684 12.53267769398892 -19.637476441063917
4.809273134509213 11.997629038397328 -19.152104642141982
8.248318142118686 11.066409377851228 -19.02243837208647
10.309011414789232 10.962253844297067 -18.365779760020985
12.680497455088405 11.391826359767567 -18.551589029210387
15.338946055578083 12.266362686604742 -19.101039178212854
17.78710493466684 13.467593131600355 -19.477810831390244
20.30986334790734 15.318442649116063 -20.08553094469581
22.241252785564157 17.12449322085397 -20.082704657616485
23.252629043869234 18.68314402839109 -20.057654630599504
23.8009433103688 20.06500214369544 -19.686284012372703
24.652277177764375 21.71341763871559 -19.277765803620376
25.675216586706192 23.772674275615042 -18.558671643538997
25.662799473305313 25.790631737144853 -18.806151502892604
25.101783900869172 28.931493563472195 -17.882379552478447
26.380149823912152 31.772983744505837 -16.771696406165667
28.89598364091579 34.42563042434726 -17.748021470754804
29.44015698142838 35.989229509063975 -20.09125874581053
28.747477069095268 37.94792299225752 -21.737680281328448
26.92543846689425 41.04863513945855 -20.212502576211005
24.438691736092558 42.91027022687092 -18.955691749747
21.951664715432557 43.601856365890285 -18.098082409503824
19.59531494808985 44.11092885936798 -17.80877909241276
17.85835799524647 44.00194447794688 -18.002634786152974
16.42718117025722 43.31531861644427 -18.177588668399927
14.748440715275427 42.412746097624144 -18.312102654312174
11.896279947736755 41.47932665737032 -17.376302838463612
# level 29
-11.275352166823408 19.55737208959408 -27.983040876100674
-13.599031218925038 12.375572465164918 -34.54439961318375
-7.8697820354032775 8.3904623006102 -29.387490639823344
-1.0673315995609567 12.161138387020058 -22.73023801354978
1.5428666267504436 13.859741820277442 -21.569436168385042
4.771031504009752 12.872254330462997 -21.322201503795032
8.638676317823673 11.600262130992029 -21.068792523337546
10.728287693992616 11.465769382590185 -20.70682698866058
12.778632094357407 11.766471955305107 -20.757015749752938
14.972003931787079 12.604944717543056 -21.77740369118815
17.39793092241959 13.526258499371348 -21.091417258066652
20.232430644678757 15.428265066788775 -21.46988322332587
21.884415864584135 17.15955356618479 -21.55057208522164
23.286236902608806 19.016198764583983 -21.218903280051315
23.811568232469487 20.363842286813053 -20.72060368310342
24.398345889853278 21.891905683488737 -19.96922067039506
25.369099335514868 23.92475132347313 -19.2909122010007
25.28174024499818 25.804812853628462 -19.467093873393793
24.685553663501025 28.64013957836046 -18.840340206951264
26.578561879564557 31.553904700642768 -17.810044660253006
29.02432240525499 32.978101117775736 -19.768455916477386
29.68193385862048 34.890451828101185 -22.390585878654342
28.532969153621274 37.334356908533834 -23.534959956448855
26.634599229349156 39.99110498356129 -22.089682622070214
24.407680019820127 41.92913954315555 -20.49700377030116
21.787795884498117 43.16889074597898 -18.629065409624204
19.574937849870146 43.60247567109168 -18.279393058434867
17.935462251496112 43.45711316121878 -18.573921378819964
16.488766859098398 42.862957167309006 -18.803208312055922
14.715838333470202 42.13801805193542 -18.699104652744033
12.559542630733128 41.28055041158898 -18.75704295507792
# level 30
-8.105362537896543 20.783364012399772 -27.073348701178794
-8.139758381013596 16.01815390819835 -30.07473048745348
-5.28077442055408 13.726568274339082 -27.47376139395997
-1.1307794292718532 14.710158390063569 -23.999080496592
1.2220384290272537 13.807669608402023 -23.537182121207994
5.040178893597016 13.12271192109424 -22.92938686126886
8.15322482978591 11.961655635623487 -22.623068333050547
10.843021500681102 11.807945973507973 -22.82467197071767
12.81325330442552 12.151429517428562 -22.997141877053554
14.671535543501294 13.009296163052987 -24.34444633115694
16.978148705373847 13.835017223108226 -23.245387856300393
20.167852271124335 15.686665835469137 -22.812569721815727
21.48864385745919 17.24169336331927 -22.955654191339946
22.925252819146802 19.133660315123812 -22.47502708604241
23.72762049196445 20.69695630639228 -21.59901245508638
24.09269674558137 22.17731153526618 -20.895634615605296
24.62012513941918 24.05242832440749 -20.52738234873723
24.372260095282435 25.878242429013454 -20.903315867372974
24.188776617345546 29.299053817802523 -20.02630185136183
26.853458055058805 30.452325750271832 -19.969927195930286
29.44409284347636 30.680900593910465 -23.143170482556584
30.20688287393766 33.189934377530214 -25.738539537501715
28.583962325970393 36.137314051049955 -25.663863421404102
26.347225205326794 38.83462594464033 -24.034036671174608
24.216117972627757 40.85365985615566 -21.962304855839637
21.657357323919467 42.3103367953818 -19.78075759058404
19.61385260310741 42.90218892518816 -18.837565130962076
18.064460210057643 42.79114323573285 -19.103452422477346
16.416696456995137 42.50070045855671 -19.33314772053852
14.549357582319814 41.78099209676844 -19.348058197656663
12.49420816017772 40.952897038615475 -19.459815771815336
