# level 0
31.70376291128987 24.709673262064257 -31.376020866897242
31.960587569981804 25.298693135314362 -31.65565502021701
32.35299904030447 26.092119085952056 -32.12495759370091
32.47564290234019 26.70483707224837 -32.40155149783987
32.38335242037944 27.173836006677444 -32.525071122261295
32.29295514780762 27.643100879307493 -32.65155888752466
32.165724665004525 28.129284480384257 -32.69366614835768
31.96363029857318 28.592636125371193 -32.63113223037767
31.763076023423515 29.05161356550893 -32.576444171589344
31.564093957574286 29.506148816734353 -32.52956248951785
31.366718606906954 29.95616395332252 -32.4904874815827
31.170495152785783 30.324891334913765 -32.40387079998302
30.94794017625934 30.667493588289165 -32.30460207615674
30.70014696749039 30.99569310548344 -32.202635291030546
30.45364322675653 31.319272309692387 -32.108412759941395
30.18500947702093 31.684280105747177 -31.940678214937236
29.76018234886408 32.350964552778066 -31.248267447115182
29.33652750664077 33.01326059850824 -30.563180979354115
28.914078604766445 33.671108715791604 -29.885487922620925
28.493024831841574 34.324204141777315 -29.21551334026873
28.073332533450714 34.972606403611486 -28.553188121330617
27.82827162018516 35.24825609545769 -28.336070940323697
27.560772904104848 35.49507296224563 -28.13512633022149
27.291592037249202 35.74023065133832 -27.93745133110796
27.020808420277735 35.9836572244045 -27.743103720419242
26.74844851059126 36.22530862709588 -27.552131101570218
26.47461156612843 36.46510999267681 -27.364584438153887
26.189613057374544 36.742257356649496 -27.09000748176056
25.876798390740294 37.11288455831658 -26.601449029827798
25.584200871049532 37.450191329120635 -26.170224383141868
25.35929630053604 37.68778412783493 -25.913446181941133
# level 1
31.702310065095894 24.533195112599515 -31.41901002927315
32.08443144000281 25.31232298103397 -31.873726803000164
32.47510913387176 26.102244311527098 -32.3409555963683
32.6231321130609 26.7295474390623 -32.63500441130569
32.5312597918843 27.19641569372419 -32.757961215543034
32.53006262967958 27.570916631940616 -33.0175722444113
32.32488361604626 28.01532896611587 -33.175658177415954
32.10316120603949 28.335049949474545 -33.195835049345945
31.889908368309165 28.694030661700545 -33.19942422594124
31.691819335682375 29.146524127800262 -33.152768917485815
31.49535307724685 29.59446348723117 -33.11390054192928
31.29741948135751 29.96889242829492 -33.03225409709932
31.049493225711643 30.30014535429146 -32.923106200001286
30.80281581002901 30.626860620892284 -32.82161440091031
30.55741067619836 30.949015091588407 -32.727768749256576
30.28031453433377 31.33107976446658 -32.52854977952592
29.85740838733581 31.99475472877423 -31.83925905982387
29.43564087185593 32.654100818927276 -31.157223529215887
29.01507929672504 33.30899898063351 -30.48258140963579
28.560713994533454 33.99916103410335 -29.78216933169145
28.066732625478444 34.7149765194868 -29.037004685578353
27.706401846527623 35.11357169178845 -28.593389771490383
27.44009414034003 35.359309483607674 -28.39331182292988
27.172117512077506 35.603366070557485 -28.196527287065514
26.902524904998753 35.84571356865495 -28.0030463379185
26.631408948463694 36.08625801239467 -27.8129505546324
26.35878949975148 36.32499647337225 -27.6262331233641
26.0652183157534 36.63805873896908 -27.267776491037452
25.753825059193026 37.007005673736266 -26.78143233957327
25.440838178919883 37.374493293197986 -26.29754959431812
25.210899759056293 37.61892734140902 -26.027448688552802
# level 2
31.82094721014492 24.539813474392858 -31.629459393929938
32.20826234566078 25.325943670266675 -32.091778041299676
32.608745814656565 26.095735487853403 -32.5578368337184
32.833409379742086 26.688715880232 -32.96298719688715
32.83367583647507 27.057774077915298 -33.223470508015055
32.78885420206665 27.456895247757874 -33.47779952397602
32.49342941332172 27.96606406115552 -33.62008261618555
32.27270879453964 28.284327929660286 -33.64013856143354
32.054229989658495 28.601935703899002 -33.666103800595394
31.83800325702238 28.91885006434263 -33.697923951241435
31.62411981115036 29.23497353651673 -33.73567151504525
31.397815093675042 29.603142282082153 -33.650120756714294
31.15102807300423 29.93288782097628 -33.54143789508165
30.905466450407914 30.25811883698364 -33.44042108202589
30.66117919489878 30.578801183943526 -33.347014397350826
30.375587593065088 30.977967536006496 -33.11628869497446
29.95456877281056 31.638692544737026 -32.430048912425484
29.47566818708328 32.36195842322555 -31.695378682595216
28.995910188666628 33.082493827479446 -30.967440654756185
28.515566272019043 33.8003908957709 -30.245634599371623
27.99555667086428 34.50642527537367 -29.43613459438104
27.594259720100105 34.96458405201208 -28.875900061474944
27.319365964987405 35.22358447633296 -28.651470248692622
27.05262666129756 35.46651500556134 -28.455593163941742
26.784278007370226 35.707755544707155 -28.262989050357653
26.514372918007034 35.94721798507376 -28.073753114770142
26.242984193745826 36.18487151427384 -27.887888717357324
25.940833502082477 36.53385509255148 -27.445551047389323
25.630861655595986 36.90112176041876 -26.961421196393722
25.319296185396723 37.26692911298058 -26.47975275160715
25.062519887820212 37.55010920545279 -26.14139955276907
# level 3
32.147716182104276 24.27120176179658 -31.86754599302308
32.57309347234486 24.9970398125847 -32.33125379976126
33.003669214150996 25.717960325736854 -32.79813467446887
33.14134207868765 26.546207059462468 -33.43805287860965
33.141605040792626 26.91357445691292 -33.69733856422928
32.95975117069359 27.400189644600278 -33.916258742787214
32.66196499772385 27.916810485522884 -34.06449992324085
32.44227315555812 28.23359718752527 -34.08447723650794
32.22479614190166 28.549747846910073 -34.1103215489878
32.009571200490235 28.86520509249979 -34.14202077295184
31.703942795683595 29.224144758041806 -34.17619720128064
31.300795589734395 29.56054770250941 -34.026515554567766
31.078172602889904 29.851331401863078 -33.945882622223934
30.853578210313707 30.142634999034655 -33.86949273375605
30.62706043255634 30.434412355473718 -33.79732327863565
30.379011613045254 30.72817660033827 -33.61894291292568
29.902940873039157 31.450159996798796 -32.88265904310122
29.426131032619338 32.169756831161735 -32.15223139102428
28.94858209178582 32.88696710342708 -31.427659956694868
28.455290080932894 33.59779710701558 -30.67220869337901
27.9261230816055 34.29510016813281 -29.83845116849912
27.53602072448371 34.73376046058939 -29.300542402560474
27.19862809260527 35.08789208361269 -28.90958797982347
26.93311288478769 35.32971858229381 -28.71459454447863
26.666001555433038 35.56983306371819 -28.52289788200803
26.39736027650041 35.80818561672876 -28.334531968140336
26.123348631951544 36.06269947313142 -28.107574753516058
25.816450418677142 36.429629466552015 -27.623357778625625
25.507877134723522 36.795227847387785 -27.141428860446638
25.197778769680152 37.15933097331293 -26.66200145143257
24.9141363917258 37.481338674244796 -26.25529128787414
# level 4
32.40699892063921 23.939498266855495 -32.00744267408082
32.970104134240536 24.62261001377671 -32.5737878781657
33.34078972338283 25.38624824386951 -33.093523825578814
33.44239026016837 26.364007963706165 -33.87840621305428
33.4495664548691 26.76935056575505 -34.17124971597084
33.13063908104581 27.343533616283878 -34.35479484891375
32.83049433471931 27.867593795463577 -34.50898394083657
32.61183126916993 28.182903330963583 -34.52888262212274
32.39537188076477 28.497565311925634 -34.55458385120117
32.121494488406285 28.839948103890844 -34.58369057464362
31.676305097090484 29.25829810839031 -34.59819277376502
31.154083345376304 29.599119968316295 -34.34282402452084
30.93244933829546 29.888417372078642 -34.26276389370011
30.708903342446625 30.17836221444395 -34.186728087203775
30.48346402489858 30.468747425106653 -34.11490942684601
30.26556027591512 30.66908366265333 -33.94501679541387
29.851142312617185 31.261339385324515 -33.33611117249342
29.376541529780503 31.977611087698904 -32.609050113926095
28.901256852711956 32.69142103524791 -31.887913632038092
28.38166977574394 33.392357331268414 -31.06767418744402
27.866043383248 34.066284702056734 -30.2606605216153
27.4777693995644 34.50289569680855 -29.725261530787293
27.08867118300211 34.9364620691426 -29.195493796729693
26.813582165791054 35.19289736748766 -28.97364026314032
26.54771478958781 35.43190488996039 -28.782820436232647
26.280317463806607 35.6691504840193 -28.59533135792788
25.99752492199194 35.96016587835498 -28.283153444281453
25.692039921106762 36.325398654031 -27.801177397669036
25.3849255446244 36.68927585738542 -27.321516143072007
25.076248589654906 37.05169871641067 -26.84430303452652
24.76609224867766 37.41260236078852 -26.369618170449876
# level 5
32.5851980228189 23.630424337671283 -32.086479948721404
33.30516636236265 24.26569235560082 -32.769868539100166
33.62324497958199 25.09827823719218 -33.44113278495554
33.72437544170571 26.071368523009077 -34.22229489145755
33.62214152786986 26.713218471936116 -34.61123076849329
33.301517056992424 27.286853941561812 -34.79324753787988
32.99898501121995 27.818411961298786 -34.95342190706801
32.781360980631014 28.13220701076738 -34.973187573943584
32.53455445566246 28.460265487917056 -34.99725937860126
32.09562311512741 28.880604871128135 -35.02090506728103
31.63585238426667 29.279757583389518 -34.974816620968625
31.116138789513897 29.618942523904245 -34.72067440258246
30.786760187407566 29.925481738675344 -34.57960215212001
30.564262588286095 30.2140678262344 -34.50392042759524
30.341280662282905 30.49152296660079 -34.41947023229936
30.127110686569615 30.663213388700136 -34.218999491036456
29.799308213136992 31.072642669887692 -33.789368649939256
29.326949146550426 31.785530379894517 -33.0657433168066
28.832986718689476 32.49082301936982 -32.29725126509303
28.308077039237695 33.18693179046234 -31.463097603274853
27.80592508844895 33.83755273492119 -30.6827483227276
27.419504340052463 34.27207443752702 -30.149913902715657
27.032255663751357 34.70358719333879 -29.62265192981038
26.694076069501506 35.05616042630403 -29.232553440622226
26.429479103850497 35.29401693547679 -29.042658052692367
26.163358817200262 35.530130615005504 -28.856062797814857
25.871679784192693 35.85770442059673 -28.458629534588297
25.56764549309412 36.22119906794671 -27.978947779367275
25.262004673939348 36.58332616310672 -27.501594183813587
24.954809473982102 36.94401586478223 -27.02666210650201
24.646134888017105 37.30318635181035 -26.55425827365928
# level 6
32.763358729875605 23.321249173014053 -32.16546776309011
33.47984349136804 23.95343577597693 -32.845548286768185
33.80122172527035 24.885548795237415 -33.795821457739656
33.906735259296454 25.831562485877573 -34.57467573339868
33.75199112731809 26.558896481821183 -35.03549445580543
33.47239549279874 27.230183887118088 -35.23172241912725
33.167465474847276 27.7692414564617 -35.397852741585176
32.94299884052828 28.085216214987355 -35.416929335789945
32.506592670808374 28.502925568968102 -35.434626178923885
32.0697665684052 28.921247984186003 -35.45813369990289
31.595438736309728 29.301190793498485 -35.35152131328454
31.07819468195363 29.63876417145142 -35.098574371882975
30.641029352495714 29.96258697166946 -34.89645806915655
30.4196402770655 30.249747522482046 -34.82112385218547
30.201773269343015 30.48647875217052 -34.692538535649824
29.988658774605526 30.65732938297471 -34.49303386597202
29.747404820872603 30.88404081787945 -34.242539359378064
29.277342676717993 31.593469342790915 -33.52241811061188
28.75684279210414 32.28874000200892 -32.6886893694148
28.234467662208303 32.981488840246456 -31.85856132642795
27.745779884701744 33.608810700258324 -31.10486773914014
27.361233538415366 34.04123879190064 -30.574593875985947
26.975859264224376 34.47065793674891 -30.04989245993842
26.589795148144518 34.896935195026856 -29.53091583623887
26.311233721083667 35.15616159554765 -29.302454974520206
26.046709135407358 35.392236594631704 -29.113666706126974
25.745821726802664 35.75524991396968 -28.634097804318156
25.443260993031696 36.11699445312525 -28.15672370814049
25.139116578745533 36.47735946022246 -27.681691139282123
24.83340313380053 36.83631600454824 -27.209040093204454
24.526210302847776 37.19375333422663 -26.73891729159563
# level 7
32.94156952444359 23.01212355847957 -32.24450415495984
33.55018818136703 23.776591710727246 -33.12845168279317
33.93459131208313 24.70484728773433 -34.153524330299334
33.87110123680569 25.186783767715916 -34.99863417735728
33.712313757967785 25.970841539530827 -35.39536881280505
33.539942024531385 26.90985702637811 -35.63075533046504
33.33589451639886 27.72011409588419 -35.84221468986198
32.91284993711676 28.12996901933742 -35.854365803267484
32.47856676440578 28.545645996622174 -35.87196737390623
32.043896938123886 28.96190462235134 -35.895390362747655
31.554971372735316 29.32265881044862 -35.7282197950858
31.040294156211026 29.658557172732586 -35.476511946048994
30.525131386665542 29.994705999498787 -35.22989531585
30.275017308565264 30.285422580519352 -35.13834029732623
30.06226843922031 30.481434421147135 -34.96560254528376
29.850209425458612 30.651445260656168 -34.767063947191055
29.636320818844247 30.82135269392265 -34.572235203260334
29.199401135703635 31.394838001757268 -33.91108245072843
28.680647825321852 32.08676370175965 -33.07998036836843
28.160869290573252 32.77607880664976 -32.253962202392685
27.68558580230929 33.3801610541464 -31.52685597968442
27.302917553158956 33.8104598592015 -30.9992014830517
26.91946370974999 34.2377410798275 -30.477111405609026
26.53529516260324 34.66192040832442 -29.960691324808913
26.193012344145412 35.01835222191773 -29.56217377237436
25.91935799364514 35.29162609725385 -29.286692169120144
25.61997344208076 35.65283144697128 -28.80951091727749
25.318900915493746 36.01279694721937 -28.33448447560458
25.016230058535186 36.371411846122164 -27.861759565789562
24.699110536080347 36.780548208037054 -27.29758756142284
24.377519215084483 37.19420085957154 -26.725156314840916
# level 8
33.0947211611449 22.725684735900845 -32.394502562022794
33.60973324453603 23.493775597406156 -33.52407375946171
33.950497631313624 24.214979444486943 -34.568418456510656
33.83546927748699 24.542008512703276 -35.422575753791634
33.67261552383165 25.38291833163095 -35.75526479311851
33.497612150677696 26.329131928136682 -35.99681365261217
33.20870432038554 27.418293315198497 -36.29493577713437
32.88267332162395 28.174745928604843 -36.29173698630497
32.45054642503425 28.588359116400852 -36.309254024806144
32.018063915344264 29.00252194446145 -36.33252817181408
31.514513491364635 29.344121156606427 -36.10488138763233
31.002383048366497 29.67835724262968 -35.85443132332699
30.489807180958483 30.01281831431867 -35.60903509312607
30.131924836290562 30.307182109514315 -35.439742662240285
29.922782167429066 30.476390576514618 -35.23863086692226
29.67391636320627 30.638815824404855 -35.01249065834554
29.408636553984657 30.798624643993342 -34.77978416470703
29.050887368955912 31.27207338698219 -34.2052576239107
28.604480427222278 31.884801636451467 -33.47122928908789
28.087271452858566 32.5706987266497 -32.649312081544274
27.625377985324214 33.15155491253379 -31.94877746393024
27.244655028804836 33.57967579892539 -31.423789101607795
26.863100449354903 34.00482341414664 -30.90431437672828
26.480827471141247 34.42690481286253 -30.390450838827604
26.097906984684716 34.845835687373054 -29.882304065358277
25.792031119125284 35.1910637771574 -29.459641766958686
25.483169997943598 35.595060757846205 -28.90427486519509
25.1701253895071 36.00462103841152 -28.338826525745358
24.854707069718895 36.41494215577443 -27.771886924331938
24.53698067747589 36.82592452598968 -27.203590971634526
24.216986259802272 37.237518596653665 -26.63400761509889
# level 9
33.17825887742421 22.250032245551946 -33.07535579065839
33.65918845176219 22.938067409369104 -34.15640384467036
33.87090141227197 23.543302689118523 -35.08262274340822
33.79984512497775 23.89727745092214 -35.84644645647676
33.620087933119244 24.838550133623947 -36.142158862504225
33.39367500938468 25.957321771715566 -36.492611272402186
33.0431721842813 27.03182509149899 -36.75129605555837
32.73847900040173 27.84891447996166 -36.74499911975694
32.422547172929086 28.631048924214227 -36.746453976775655
31.982990190130412 29.033368531530677 -36.73561462760197
31.47402647563293 29.365603188821385 -36.481474837050705
30.96454010359609 29.698113545476744 -36.23232637285699
30.410703681724012 30.03956263487838 -35.981015607520966
29.915677826113658 30.28960854399585 -35.655190969016374
29.65937440542605 30.44942121165981 -35.41891145032856
29.39923039364153 30.608848063644313 -35.18497333975573
29.13527457828942 30.767849511761646 -34.95344894951327
28.761939633954142 31.300902474945445 -34.3138613146826
28.382467098183387 31.841029322104575 -33.66848669688696
27.999034600266853 32.381438045951306 -33.02477809699653
27.5651776005695 32.92298795660297 -32.37062817791928
27.182870483422587 33.352559244398975 -31.839486032367404
26.785832653746738 33.79074691552047 -31.28449671265031
26.38679137254179 34.22675683859569 -30.73279075994971
25.98559994338896 34.67587355215766 -30.158606782937753
25.625200690489716 35.240073960833044 -29.362572689307726
25.31620513156038 35.646690224014165 -28.801631394164552
25.004755767230975 36.05416642880007 -28.239060942166155
24.690932691549875 36.46240347038359 -27.67499922820409
24.374803202629124 36.871327259728346 -27.109551165552958
24.067098775885064 37.26976850922283 -26.557716454300653
# level 10
33.23154137368168 21.811143002934458 -33.7667256030647
33.70866866932343 22.382326167995586 -34.78885561054316
33.791296798206375 22.871601442046593 -35.59690833516672
33.98595281529539 23.03323763405884 -36.488452701595065
33.514965652381846 24.47257601075675 -36.639798492715585
33.24869358262405 25.581724331826056 -36.96622839334114
32.877590791718816 26.645357717296875 -37.20772798454999
32.57447548441736 27.45822040338275 -37.20146107957745
32.269119152382125 28.265841389311294 -37.20137782150529
31.870821446875876 29.0702342203367 -37.099972361752165
31.311386682078883 29.41126495930554 -36.83848948924664
30.748703326489025 29.753133901955472 -36.58177940007951
30.18284472681488 30.095799977038915 -36.329856322266394
29.684436241611074 30.2617604931579 -35.86927627663073
29.383292947139264 30.42025928462069 -35.59024367478113
29.124482525067346 30.57886556907146 -35.357511771676144
28.8464309246506 30.79275196829461 -35.066114105253554
28.472944312220815 31.329676258319324 -34.422577107410206
28.095431138898473 31.867039003798414 -33.7804959283269
27.72468577007448 32.38927932409558 -33.15036999619947
27.429977097487864 32.7596111426044 -32.62880388842023
27.03701802640124 33.19764661319964 -32.07348694498809
26.64203983471897 33.63357139846561 -31.521362474909132
26.245058191507603 34.06731843568531 -30.972521371846682
25.841473571400726 34.654912596814015 -30.16492277828128
25.456576415425587 35.29384466079823 -29.256967380465973
25.149161645451862 35.698376369061876 -28.698900988562265
24.8393203211659 36.10374348229756 -28.13924140563216
24.527106944743394 36.50989692723974 -27.578060563333324
24.212627202105434 36.91668756753957 -27.0155623197912
23.949594842003446 37.268391394315884 -26.52603154087306
# level 11
33.28479998792215 21.372290923019335 -34.45796955191098
34.007064626260004 21.383389832707454 -35.50281728497926
34.3957522918887 21.495358930100313 -36.59651152496146
34.56577566356134 21.780370955984928 -37.51730581873248
33.820787889209676 23.565578275292328 -37.46488951186977
33.08023362838854 25.204170712365368 -37.42736270806798
32.711997180092204 26.258979274149826 -37.66412856304061
32.41045974936887 27.067615257858897 -37.65789168889695
31.96987487772497 28.016656860030743 -37.695193137341064
31.600455806054665 29.02976061723815 -37.460903870371155
31.07765788112581 29.471063368670755 -37.18468125829169
30.51790551068791 29.811158524768043 -36.92926985948325
29.984806312473 30.077773093287103 -36.58948182187065
29.49210452707002 30.234223501494956 -36.120745277172446
29.107222240343706 30.391111721137662 -35.761541244700084
28.849755003827504 30.548884241992113 -35.530039653134715
28.555499433845036 30.824336162537016 -35.171451456994696
28.18391592830099 31.358505778037483 -34.531223057661634
27.808395416800447 31.89302613245314 -33.892540416863255
27.543753305390318 32.26151540603691 -33.366543846390634
27.282032799384012 32.607035114430445 -32.85984201663082
26.891177412738642 33.042731187110036 -32.30749016797405
26.498252504892655 33.47636427983354 -31.75827131862794
26.103555264978986 33.92370207628717 -31.185509787305165
25.69730763640435 34.63399957962238 -30.171168478125814
25.288984761528322 35.344028336095725 -29.156873753183458
24.98207595471132 35.75010869834359 -28.596105121711325
24.67386992155665 36.15334218339627 -28.03939237367834
24.363291836265443 36.55736200015546 -27.481158366276624
24.050434588822423 36.962044028043124 -26.921573976014674
23.832048279114012 37.267052705457466 -26.4942865110063
# level 12
33.758363521099966 19.996593643350884 -35.17750855418929
34.566359443406114 19.89554168241157 -36.38932464247855
35.058822661625626 20.05861906885822 -37.63784063885475
35.14562066997057 20.527463794635306 -38.54620720460234
34.17858832740711 22.793314951056423 -38.7061680863325
33.30062131809407 24.49286043073387 -38.4494454569472
32.517562558068455 25.903355522235103 -38.12836600987149
32.067480553218374 26.867616930097782 -38.163159119434646
31.612434583280404 27.829328706799853 -38.20500601998663
31.287378202396674 28.85941134763359 -37.84260956305382
30.843921204432704 29.53087527213537 -37.530821462353735
30.287136204181923 29.869163012391216 -37.276788824885124
29.789879444211238 30.05106194577627 -36.838473120967166
29.29979295207101 30.206680275955385 -36.37223264756521
28.831111479831772 30.361973323678114 -35.932835331743036
28.575038234078903 30.518917278468862 -35.702532880059664
28.264498428228293 30.856000379047437 -35.2767002712655
27.89492423419274 31.38728845879279 -34.63992296000365
27.603269338818535 31.800543506956306 -34.08368445399093
27.36279414136681 32.13373281659533 -33.582749310911225
27.11979547515648 32.4651321002858 -33.08484184239924
26.745326619210978 32.887851222160265 -32.54144557875669
26.354483372582415 33.31918317299817 -31.995141701617335
25.957174226690537 33.906601619014765 -31.18630572941808
25.553115504294247 34.613065900830414 -30.17743793292317
25.146937982932922 35.31936363599489 -29.16847302757513
24.814975310426608 35.80186267522654 -28.493279759440547
24.50837731731539 36.20298706872899 -27.939477880475856
24.199461774243318 36.60484872067242 -27.3842266738001
23.888254273083096 37.007397599515166 -26.827592102647163
23.714480505794178 37.265710462063744 -26.46253989117716
# level 13
33.96662525969798 18.227508267384195 -35.5475852843076
35.12572000156095 18.407610670988426 -37.27595498665279
35.583001263384695 18.89221315911507 -38.77181607387767
35.26755697041486 20.071041153140825 -40.039876309653565
34.464655823127565 22.16960510315563 -39.990086257829574
33.132017316719384 24.366482605135317 -39.83504484283849
32.11823024655678 25.93124953522338 -39.39249647476201
31.70761765002466 26.685453792257427 -38.673172034254726
31.2938451928827 27.662273323089117 -38.596647253574
30.97431987530154 28.689018348458475 -38.22432615986057
30.61017665199956 29.590700669699388 -37.87691010143277
30.07961101056257 29.86921545783014 -37.55462350873777
29.594939990356554 30.024348252242227 -37.08748452363571
29.107500299331836 30.179121358074028 -36.6237854991736
28.61742283802818 30.333520023911873 -36.16351950046753
28.30032120698239 30.48894228564153 -35.875043194387494
27.97348101011174 30.887681187210443 -35.38193179284643
27.657696787783614 31.34134898297177 -34.79848846158247
27.421037802397976 31.674530201437292 -34.29722947529263
27.18184491946789 32.005951775601766 -33.798951472138775
26.94016253168993 32.33554786126189 -33.30375372188901
26.599437268437093 32.73301616769339 -32.77534382586209
26.210534829416112 33.18671789248874 -32.190378193627694
25.81077540172577 33.88949799978903 -31.187103222577072
25.408853622406752 34.592213760648804 -30.183587449583207
25.00487341766119 35.2946957739407 -29.180073853012875
24.647832461509893 35.853662836343496 -28.39038893592113
24.342869759529965 36.252653601662956 -27.839533891853563
24.035629554613376 36.65233207301979 -27.2872984675207
23.73595120266844 37.04249882194767 -26.7474546016453
23.596885699251676 37.2643941974081 -26.430753136393406
# level 14
34.19841527190651 16.311531664924118 -36.18678412339676
35.68127110137486 16.72329069857687 -38.694640733832614
35.576325712747725 18.62360248963339 -40.57855239838757
35.02157778675844 20.15585387060748 -41.578019577834255
33.663391366815844 22.747232197474354 -41.75134788574373
32.45820031039119 24.91781279360308 -41.391976745729394
31.713993533438007 25.986060984544494 -40.755783249801055
31.318488667042228 26.66515219834919 -39.77901102914798
30.921353993085376 27.518513305376942 -38.99203643899914
30.648392146735024 28.523443182643188 -38.60944715403721
30.339160585901034 29.537520329078998 -38.240954108819864
29.882013387281663 29.84335390108535 -37.801066454673915
29.399987950908965 29.997632012684974 -37.33651602987627
28.915196278281943 30.151569352634617 -36.875311342989434
28.427798343228744 30.305119106271732 -36.417585059502244
28.025654727745575 30.458964461042722 -36.04753942446056
27.706949544445553 30.884119204876598 -35.51066983367019
27.474158915055263 31.21714042393112 -35.00932046132892
27.23877956663808 31.548498224535383 -34.51080611092378
27.00087942701547 31.878121681577795 -34.0152319391275
26.760536852794782 32.205909488299284 -33.522749794044586
26.453537737798126 32.57821657436634 -33.00919426076416
26.061885758933045 33.17354653303991 -32.185560032058206
25.664337013752863 33.8724423187153 -31.18783042023708
25.264582364280365 34.57137595816084 -30.189716313382597
24.86282125248239 35.269991149474855 -29.191725872135013
24.480634612024808 35.905534197465286 -28.2873996695361
24.177360044136712 36.30231676642732 -27.739593389428382
23.87178238143926 36.69983707296841 -27.190340765821475
23.61756287308681 37.04242999364564 -26.713884100215644
23.47926385948651 37.26310391149055 -26.398926246655048
# level 15
34.52629869805896 14.412959843340623 -37.48930615100669
36.09025973896896 15.49979437706137 -40.79180893402744
35.4553490628119 18.444926414849938 -42.48652975108948
33.8483406246671 21.059485383204297 -43.836918557093746
32.669494761822904 23.353444677046596 -43.665238657294566
31.68835078418558 25.121152474897215 -42.823455937620984
31.053939593089144 26.24345242516231 -41.581854775024354
30.500187751517554 27.13725366273072 -39.8726576377324
30.07734558272815 27.545833073002193 -39.51645113954095
29.80593106528454 28.545161653483397 -39.13597778738485
29.540917845275526 29.58420856108096 -38.48112265064858
29.1717612345199 29.77043427082518 -37.979725028445785
28.834997643304376 29.936980075375505 -37.536348394229016
28.485871720849186 30.102269351347065 -37.095230776427904
28.12454155613438 30.266287289401074 -36.65642093913519
27.750999 30.429001 -36.220001
27.522084477837716 30.761776155609315 -35.718695428997904
27.290573485415877 31.092973956802567 -35.22009069254132
27.05653127300276 31.422467796081484 -34.72437944326187
26.819957840598384 31.75025767344605 -34.23156168115956
26.580931544810067 32.07624228213719 -33.741789254338855
26.306337694256975 32.46546700110978 -33.172449128641276
25.913197125441847 33.160423111743086 -32.180671574989745
25.51780709967076 33.855519276357256 -31.18836583321472
25.12029331947767 34.550534993719566 -30.195846728228055
24.720781487396533 35.24524976259734 -29.203429084941558
24.31927160342735 35.939663582990555 -28.211112903355236
24.01184983035079 36.352002057931 -27.639626375795263
23.70794750580883 36.7473391838855 -27.093389534531255
23.499150421678646 37.042372377445005 -26.680292736327495
23.36161498649868 37.26183960431109 -26.367059221962073
# level 16
34.523686059505025 12.729274760019297 -39.03537515095096
35.90879198367505 14.694192041445364 -42.72183298565976
34.47649255370775 18.27517825771628 -44.75986944505661
32.34819954127253 21.376754098138527 -46.436898956551
31.134630943626295 23.649173481587958 -46.29069934490011
30.435787004966816 25.446008878407206 -44.48996708286048
30.045826378024557 26.647498285628814 -42.129073166731196
29.692185844290364 27.305660057159194 -40.387620141275455
29.233275397593523 27.573218751706822 -40.040868793395525
29.00110530702944 28.655176959878666 -39.460502412475805
28.660532616458315 29.49946180893297 -38.62935733805894
28.29847625972878 29.68254715312841 -38.13710311322155
27.963665550934913 29.84816123939505 -37.69621191194989
27.61649251090138 30.012518797082926 -37.2575797270939
27.396417077567417 30.180508138479773 -36.74484286809203
27.465755725067154 30.359651672085427 -36.209075670495274
27.333420116695255 30.64697597903817 -35.79488798255567
27.103508417177572 30.9761193390104 -35.30386449554821
26.87090259307512 31.30364970119122 -34.813808196462844
26.635622483038073 31.62950653592861 -34.324800931907845
26.397746687745123 31.95358851834119 -33.8369968074266
26.103694834373233 32.470464740801006 -33.10618230005966
25.761163804694878 33.149169432234615 -32.170875900275334
25.37125329779066 33.838646779409004 -31.188829824360084
24.976002163208804 34.52969347458274 -30.201977567786294
24.578687647743433 35.22059252158796 -29.21501123327749
24.179457230260333 35.9110723190866 -28.22831749229058
23.846315619479505 36.401728286345815 -27.539604637575035
23.54415593120506 36.79480814267737 -26.99648849192854
23.38073349506013 37.04235820005376 -26.64664584132067
23.243970372488892 37.26057443603092 -26.335194483638766
# level 17
34.639549545406446 10.45668263332214 -42.54622902373714
35.01151560243483 14.570290394646932 -44.98914477230302
33.185254625824356 18.088796100881602 -46.97910320116952
30.82968930189775 21.50908945420002 -48.66583247815171
29.946168634408398 23.81081961054904 -47.655626119572005
29.35929856275369 25.513367222333393 -45.393272522920626
28.943550931575267 26.682547908753435 -42.74894835556499
28.64895599238315 27.097500099611107 -41.662808986991074
28.39179812236879 27.590641482092416 -40.423447717687885
28.13889102563608 28.62285313981432 -39.59937588414296
27.780231839791224 29.414712282338435 -38.777606407888406
27.425326878072614 29.594671289945794 -38.29446277653093
27.092383895340415 29.759336395444993 -37.85609421439487
27.038244223421618 29.933009755939896 -37.26002709581992
27.098247668680234 30.109848084849524 -36.59640705239323
27.180501338176775 30.2903286129264 -36.19810805579982
27.144236998394614 30.532422336862467 -35.864387032754756
26.915637842984854 30.859707645326058 -35.376140953059135
26.684354482315413 31.185349691172235 -34.88890298458975
26.4504357590897 31.509337943997647 -34.40270446297758
26.21392135060808 31.831551344498244 -33.91770908143916
25.884637790797044 32.47976079401806 -33.022546536616005
25.544066451997136 33.154600489307555 -32.092569397554485
25.200281335369645 33.82952737138883 -31.16142483304017
24.831711204789514 34.508922607760496 -30.20801365527221
24.436667745372798 35.19587013222412 -29.226691965269556
24.0397385707076 35.88236480672285 -28.245692511427098
23.680817325308833 36.45146614685421 -27.43957786146996
23.39661243991938 36.8254630300474 -26.922081056618335
23.262302420868807 37.04236843029101 -26.612964437058032
23.140415413743124 37.23861448834506 -26.309105393463124
# level 18
33.311023171905006 8.728687784287764 -44.18057632909375
32.81913399487183 14.222610158723906 -47.63325792047794
30.924181536029216 17.99053043606805 -49.47327130915355
29.41351876408494 21.589159265428314 -50.32398668987294
28.805724821276932 23.819449724757966 -48.412087074777375
28.280678690512225 25.43405804295172 -45.95928275379896
27.940626239658535 26.500672131530514 -43.698299812121775
27.8691095669268 27.06082732610331 -41.69442465779163
27.644052993886994 27.702876332271572 -40.30989904851381
27.234580302583936 28.44411354996756 -39.6770465400898
26.899794806918045 29.33000424724292 -38.92573517834264
26.60852879649184 29.508801587031257 -38.4208772483033
26.676576588425824 29.686562002699073 -37.765459265597045
26.7404148109922 29.863363726597772 -37.10777981154764
26.800074438105305 30.03916915416681 -36.448045973557335
26.89518482438585 30.22096848750349 -36.18716979434067
26.95503143237783 30.41788516624835 -35.93385738896329
26.727764659726173 30.74325189355129 -35.44847056318778
26.49781826451636 31.067030622687156 -34.96402566984573
26.265246426075365 31.389125293976253 -34.480661146665035
26.000794436114674 31.818542918880514 -33.861877839722766
25.665484931487207 32.489130638937766 -32.93878973002499
25.326888011143488 33.160055372700405 -32.014207242217644
24.985062585394452 33.83111725863754 -31.08839193842614
24.640137915253927 34.502116348942835 -30.161628728744308
24.29216199691909 35.17296933921993 -29.234034380047202
23.899996023356877 35.853707839768894 -28.262996108731343
23.51534953622849 36.501195871008214 -27.33956829243544
23.277404577908978 36.826767689982994 -26.886561964553515
23.155965234364793 37.02447661402893 -26.584147905116314
23.049698377619464 37.19581405245725 -26.28718460503815
# level 19
27.467570465438904 9.103553520101578 -44.63103815408223
27.96620434810484 13.144637539389748 -50.160508383898915
27.599502618445214 17.335808134144735 -51.130385661613005
27.434691908360456 21.32307589460586 -50.91047589445555
27.511602976513753 23.835463225623204 -48.71566177126226
26.90871813494243 25.77108847582427 -44.894952474921126
27.198087359775457 26.548744313806473 -43.07671165174095
27.214893181019555 27.123523837042548 -41.16065951252652
26.896238450930106 27.815053579861257 -40.1963969424997
26.489133958614094 28.55200311852904 -39.567205152751725
26.22196402497549 29.2292834950998 -38.86072497660508
26.311436765834962 29.441234949512296 -38.26087463945452
26.379066037183264 29.61793128223659 -37.60936315354235
26.44256044160413 29.793700104794702 -36.955569904929334
26.511884445084526 29.97011958689947 -36.40029294325133
26.609845356983843 30.151625172402134 -36.176198300861245
26.703719580987432 30.332139004391028 -35.951944506840654
26.53983468807455 30.62684814336579 -35.52071488820626
26.311269518326245 30.948697760937655 -35.03916058441531
26.08006898602168 31.268893585488755 -34.55864572748158
25.77957134261501 31.831901517029678 -33.772605338730216
25.44623625644373 32.49857427556008 -32.854911880286615
25.109628482133935 33.16553408241316 -31.93578943426479
24.769844012079993 33.83261432879619 -31.015471534414864
24.42694557005683 34.499681744930086 -30.094140338143255
24.08099587983936 35.16660306103579 -29.17197800285637
23.732076206244226 35.833261633703316 -28.249152671772965
23.366189894108345 36.50295389436169 -27.311259700546664
23.168898915270347 36.811885643161595 -26.85515154548076
23.064592093879142 36.98270894743698 -26.56042436078398
22.95895691174666 37.15303433809285 -26.265218413272873
# level 20
25.47501590169084 12.465873784028872 -43.60403157124401
24.141477323780443 14.700861764543525 -48.788336974473395
24.462676885223942 18.340435731270787 -50.96578262759568
25.601900598720132 21.863239781512547 -49.57320649140268
25.818174102472074 24.31421925778397 -46.825248509741556
25.859287883360796 25.910174358671075 -43.85881956354591
26.247721024845507 26.554464711352104 -42.2753057443113
26.54249861694534 27.196469293375674 -40.70655500655015
26.28081506387715 27.886807770879166 -39.99806034227758
26.026144207729594 28.5733371967181 -39.276569569753086
25.897259886737892 29.10825141463723 -38.61858148827415
26.00791733962718 29.36075875898524 -38.081957761276044
26.08162719837287 29.549331715056525 -37.45324236069082
26.14474043342815 29.724052045472583 -36.803345463193054
26.227141763905927 29.90187104291097 -36.387972106019454
26.324505318172392 30.082278985237785 -36.16523073464266
26.417839318095517 30.26172773986332 -35.94230541577802
26.35195684890962 30.510450786039026 -35.592970993902156
26.124724061919423 30.830381822450235 -35.11427594403132
25.886345421076282 31.183078992242827 -34.59382182234968
25.558283083191185 31.845383218406468 -33.68316218852021
25.226951870631552 32.50804108464458 -32.77099416239348
24.89233324235568 33.17103596458808 -31.857331758157194
24.554589727996834 33.834134571416996 -30.942511262248843
24.213732241668765 34.49722034799678 -30.02667746991881
23.869842048188115 35.160176650917464 -29.109998524385837
23.52309448566581 35.83089802548135 -28.181285834766598
23.17719864307695 36.58859031599308 -27.12898369157872
23.06951675088796 36.789414107179724 -26.785814026355244
22.970096479971208 36.950089422489114 -26.515501168556877
22.86903675666312 37.110814113313864 -26.243290079875383
# level 21
25.603296545246035 16.28513509850943 -42.89765063029092
23.413593589909166 18.402016750997838 -46.49870510670895
23.318866722096367 20.56770892620024 -47.34973294455411
24.09661917805613 23.18008492301316 -46.39597836373479
24.57355197844145 25.224459717768205 -43.963013762559356
25.288800227227224 25.9874377014676 -42.76279740329936
25.748994932275945 26.641151950982753 -41.13272863751793
25.965828785198944 27.254108897284954 -40.308066744525696
25.838653419282387 27.905438104594232 -39.68849235088329
25.5855251516519 28.587866876459856 -38.97132533798353
25.57251917224869 28.987224399204848 -38.3763559231263
25.6825014159485 29.238186080479895 -37.843020968484296
25.784227953248426 29.480755803680175 -37.29708041138012
25.846943802988932 29.6544107665612 -36.65112736988535
25.942386669664337 29.83361016842548 -36.37566424921887
26.039172127666333 30.012937756056033 -36.15425867263258
26.131927380772254 30.19128685635903 -35.93269678136945
26.164062179764947 30.394057626311934 -35.665215602870305
25.938225120262885 30.712084550783473 -35.18938588706193
25.663013429620218 31.200615711672025 -34.49879146524976
25.336921696727323 31.858938384557014 -33.59360588739346
25.00757963020161 32.51763132388555 -32.68689790305227
24.675031412776292 33.17654463350951 -31.77886368382026
24.339310313070822 33.83564497441521 -30.869554606041138
24.001246186978236 34.525250894232826 -29.91610405874811
23.66290377358504 35.273437574181635 -28.87914355821609
23.321805031503043 36.02414452357239 -27.837613641289494
23.07189653761551 36.57086125643257 -27.04022748486457
22.960651211959657 36.78839453897322 -26.663995302537245
22.861840328166355 36.94809676086252 -26.395327735999825
22.761403718254545 37.107839033000765 -26.124786603093764
# level 22
24.137575033274903 19.251290916576117 -39.80821138960476
22.959303043477867 20.38468815939935 -43.521554908160624
22.594187112866933 22.406723650541732 -43.57014617297523
23.28454940547755 24.205552985564537 -43.17493035996283
24.13981087136351 25.312957660803704 -42.6026744497936
24.915749451133568 26.10021330689443 -41.51699186296631
25.255337491425333 26.72888477420217 -40.30469213782662
25.360003179542844 27.3185001259424 -39.86801285250985
25.396488995112698 27.924158247904835 -39.37885032096462
25.144923409614975 28.60231496719815 -38.66615822093435
25.247741881507892 28.866202448802664 -38.134048281161526
25.35702799796414 29.1155930952742 -37.60403800583618
25.461724433832906 29.363265659505625 -37.070626431153784
25.557497814489103 29.58623427368496 -36.583150349820855
25.657658335649227 29.765390840028445 -36.36330678759302
25.753827174650013 29.943603496003554 -36.14327195824278
25.84602229175437 30.12085093083734 -35.92308365116938
25.93422442559393 30.297115856050198 -35.702759342595584
25.751743689303392 30.593755946688685 -35.264540924484436
25.439545587349205 31.21835916565407 -34.40346579982669
25.11550572426514 31.872583641850404 -33.50392242116233
24.788182258928813 32.52721172350394 -32.60280525966937
24.459709606457544 33.24882341897957 -31.60611376905876
24.12921496647209 33.986784751177325 -30.58547171216854
23.79582432871669 34.7276031230771 -29.559801892687133
23.459567705290873 35.471186141342976 -28.52922452779991
23.120572066542646 36.217282732258624 -27.49409653954203
22.967017361949964 36.551845459953036 -26.952689508594688
22.851750959709968 36.7874061975597 -26.54210667972521
22.75355072779646 36.94611296325076 -26.275107842204573
22.653723505008102 37.104882141968915 -26.006212000559458
# level 23
23.294664647064895 21.23087499444228 -38.98010078454404
22.517225258669278 21.945521062109677 -40.882861297302
22.636185384541555 23.158965497087934 -41.3368466941549
23.08879868010909 24.261777947330433 -41.33295709474503
23.825082877114347 25.297229579700947 -40.98773306034673
24.537589710345973 26.212000265288758 -40.289587378808775
24.65024196377218 26.79698108133058 -39.861940203712265
24.754180930190742 27.38294656865815 -39.427913971166575
24.849524430902257 27.969774883736157 -38.987687563547446
24.80979796931835 28.495623786807784 -38.41510465620689
24.92302158347495 28.745187866676858 -37.89182380595771
25.06583698547552 28.99577543445824 -37.357220131176106
25.21274883377763 29.245229315350738 -36.81668825773811
25.329623771658518 29.46944419231761 -36.44196317674396
25.41109656658843 29.663999365689673 -36.26549930281882
25.48941132401605 29.856662347745438 -36.086529838516284
25.564521139668376 30.047368898133577 -35.905077353094576
25.647826953818253 30.2255981176165 -35.69451750762929
25.534828550615213 30.586519261978005 -35.20031410784135
25.21745327185656 31.27891043288784 -34.24773165544132
24.898104096925906 32.00278576364441 -33.249792050350095
24.575671929678222 32.729953994491176 -32.24622732626178
24.250204095579413 33.46031603530005 -31.237176493385636
23.921792938244735 34.19363420593905 -30.222958887709034
23.59047077709033 34.92985561294802 -29.203653410848553
23.25631494968167 35.66878877286297 -28.179519290198833
22.980352792491402 36.27699807046164 -27.31197777170296
22.862111794626554 36.532823886119026 -26.865130750329847
22.74282483344347 36.78644842815823 -26.420158774911076
22.645220262380597 36.94419142569559 -26.154780564136885
22.54601741774485 37.10195582294912 -25.887578116023057
# level 24
23.129733713539082 22.418359641616476 -38.29381502875287
22.82535600440363 22.643208280138886 -39.66381552562967
22.817692243998778 23.554755616415967 -40.38986429279967
23.32233957201009 24.600669428162767 -40.24062633622715
23.991887830340822 25.57488389559812 -39.82204857703898
24.190163976329316 26.27661496968274 -39.80541865552288
24.27238138071239 26.8587122471504 -39.38536684180191
24.35079494664438 27.441675984089617 -38.95782540933787
24.425443269455965 28.02537351350878 -38.52325496685655
24.566779413874546 28.382569300480597 -38.15012934897112
24.71846494546771 28.633644821181043 -37.620919186444155
24.867338398469006 28.883164827857293 -37.08771363830947
25.013328431020433 29.13105299898894 -36.55057554283845
25.11465299086537 29.340964627724055 -36.27086945235499
25.195605187486336 29.534281662830963 -36.09552481911483
25.27341430516057 29.725709489810328 -35.91769635580893
25.348064709130412 29.915226695211686 -35.73739158552332
25.417676166597936 30.156172752727237 -35.52508820436753
25.30384728993871 30.777549966843324 -34.84394301185813
25.00185537511017 31.504144563851114 -33.8598301915691
24.684507730631598 32.223489216761294 -32.86813844143445
24.364109413252145 32.94607387630156 -31.870900473919278
24.040675429021572 33.671852345803934 -30.868176397616285
23.714347754337666 34.40052735488415 -29.8603832431533
23.385109075834034 35.132105600334356 -28.847502217506428
23.05308636385868 35.86633600843827 -27.829890242710803
22.87467422699779 36.25959956448195 -27.221559776098054
22.75716768829119 36.51381890734653 -26.777510212922813
22.638122027003057 36.76779219492209 -26.332134568465197
22.53687007467251 36.94226942688888 -26.034431489345497
22.438290343433046 37.09905140545592 -25.768898997007106
# level 25
23.27304948284792 23.082802188785333 -37.39119401162403
23.199377253909855 23.490679317055047 -38.30882166018247
22.999183857255684 23.95048900405244 -39.442934776242
23.50563400360858 24.916867962852532 -39.24066741461716
23.706763669395855 25.613579276131528 -39.23264778893183
23.90378240059932 26.310837607260254 -39.21613652958901
24.011610393421282 26.917181639378565 -38.89121793338184
24.089522567864922 27.49639369305541 -38.46643340418496
24.202295402820205 27.963724388052437 -38.102725794613505
24.36830721831818 28.265013465178253 -37.83201432954722
24.52092688333871 28.522642775429244 -37.34797840508592
24.668827174538006 28.770546111867596 -36.818194176959686
24.813886749970045 29.016843450585302 -36.284528206103865
24.899645731978648 29.21246001118198 -36.099752072669226
24.980092288846222 29.40454189121248 -35.925548440425686
25.057411401524746 29.594755976565878 -35.74885345503033
25.129154292085456 29.852610401890555 -35.53115276419888
25.19092617260987 30.310884157128687 -35.19919790145567
25.037863062356898 30.964465067150435 -34.443493523941505
24.774432907285185 31.719272225510636 -33.46991744387529
24.47088502004064 32.44429111116099 -32.48636049632266
24.152567877995338 33.16219310926667 -31.49558829558991
23.83121506909893 33.88328891733445 -30.49932998606935
23.506970877065793 34.60732076485589 -29.49796128281998
23.17986300667886 35.334156758619244 -28.491643718596
22.88414748540882 35.9894543682092 -27.57084068259597
22.768963781324956 36.2422348497439 -27.13106548221646
22.652206289897137 36.49483476140567 -26.689845146250327
22.533927008268982 36.747155875070376 -26.247358256153948
22.42849274819128 36.94040036287235 -25.913999694796175
22.330551121377255 37.09616823470837 -25.650185260503566
# level 26
23.160241170363467 23.540851032555985 -36.98508148295694
23.12793487550196 23.97895717991722 -37.81765111104204
23.096098960733574 24.34577778077749 -38.58967881269658
23.221798263436877 24.960084687846663 -38.65118114766021
23.421618547225112 25.65220169813205 -38.643248040916006
23.617353880036546 26.344926506286026 -38.6268393721304
23.750858969382357 26.97566257308726 -38.397090816029646
23.833919200826916 27.534614462610662 -37.98528010711726
24.001773175464734 27.835804911001958 -37.721887761450354
24.16671997743174 28.135153069018564 -37.452937171290976
24.323376184285223 28.41163262028869 -37.07502465524453
24.470314668120487 28.657919524879436 -36.54870479754508
24.60162676603902 28.89132587350116 -36.09916646066305
24.684633264513685 29.08397316959228 -35.92859599151454
24.764558546870198 29.274798481095928 -35.75554088335369
24.838136315158714 29.55709480148667 -35.52829635736143
24.902786949941593 30.010206847776338 -35.20316727439009
24.96414327394851 30.465478939941335 -34.87337723404464
24.771771778455502 31.15153751103895 -34.042799696705224
24.510100648389383 31.901337520102977 -33.07569114875193
24.244554372586794 32.65385935123395 -32.10274979633873
23.94103231785804 33.37835789005446 -31.120230682680976
23.621793003711943 34.09471814322753 -30.130517041559415
23.299662306429116 34.81401443585427 -29.135693006709047
22.974670238109105 35.53615437459873 -28.135878795315268
22.777665211877164 35.97376948610169 -27.47741711595806
22.6632214554729 36.22490392624747 -27.040494890058152
22.547244931825592 36.475838705588394 -26.602195077464515
22.42972654133606 36.726547213938346 -26.16254142544763
22.320103273966062 36.938552545601496 -25.793533282759256
22.222799751577483 37.09330631070649 -25.531436906512432
# level 27
23.047402230256168 23.999057668788666 -36.57896204789277
23.019663422104305 24.273868623665074 -37.293890038460916
22.99123754149641 24.519507998494795 -37.97775231643549
23.07768371631008 25.082217314574827 -38.091372396192
23.18981645649328 25.72100561345888 -38.06522680191776
23.330907523824063 26.379091652225938 -38.037462131908654
23.490079913889254 27.03418448331611 -37.90287797123979
23.63448141453604 27.408682586700696 -37.602615256686846
23.801236976159707 27.70790056751972 -37.34095107043972
23.96507580014922 28.00524644689048 -37.073781583459294
24.12604320324766 28.300752641970796 -36.801182340855824
24.271800416287437 28.545298820811738 -36.27918242935295
24.387138324561167 28.76410606171772 -35.92684945914969
24.46959295521154 28.955472392642797 -35.7574132768583
24.54469012304427 29.26989208075691 -35.51635385788916
24.612158351538074 29.717718494542687 -35.198101928446206
24.67637813966657 30.16779789687036 -34.87515051131176
24.737334197292874 30.62009930685108 -34.547512449924945
24.50564984999069 31.338632650620582 -33.642058557216714
24.2457033926745 32.08347646952018 -32.68133866101374
23.9818732266087 32.83109412065973 -31.714726487579384
23.714296660612852 33.58112468595198 -30.742696569087304
23.412369851069727 34.30616889178968 -29.761680024007926
23.0923699619036 35.020722932729555 -28.773419450580455
22.78326496754901 35.70848687631705 -27.81647722565701
22.671155022810183 35.958103317940754 -27.383940395116323
22.557463057945377 36.20759854258568 -26.949875154566406
22.442255658218723 36.45686136371769 -26.514491854474876
22.325518235509698 36.705904739746785 -26.07775872583047
22.21168942064091 36.936747737183545 -25.672997034164624
22.115038361328757 37.09046688890206 -25.41265509935601
# level 28
22.94133192060285 24.207767332642668 -35.99845039302993
22.91460564937752 24.449258067436162 -36.68652668421635
22.88637483509558 24.693223524301803 -37.36574630254924
22.96009896836429 25.219345596652918 -37.53704600205167
23.071503154456558 25.85391357993218 -37.51112070892055
23.181185457943684 26.49035238653888 -37.47717693686083
23.331357980262617 27.057043283823578 -37.45765163670628
23.43744934463071 27.285422646437024 -37.21960257380853
23.600684682712128 27.579976188867164 -36.96001311013702
23.763448928207318 27.87535133805514 -36.694657441822656
23.923320270588185 28.168856123184362 -36.423882132021284
24.0733366909482 28.432707452303696 -36.009725671767214
24.172666631561917 28.636917304937093 -35.75451097159771
24.248971298055015 28.990994884249425 -35.49546580639076
24.319195115546997 29.433475475833344 -35.184088090212605
24.38618493864534 29.878303770705486 -34.86794372888374
24.44997388011946 30.325350529071173 -34.54716997758619
24.49383716451881 30.788755209864043 -34.189590474832464
24.23948186247278 31.525815945144963 -33.24119157279152
23.981294430162194 32.26565261474839 -32.28693920870147
23.71925764135766 33.008212157460044 -31.32687344774262
23.453465889609944 33.753236624497404 -30.36133046895459
23.183970653200987 34.50057103638271 -29.390508098242904
22.885167992437765 35.22730951911715 -28.411338325728938
22.675985341317794 35.69456201256587 -27.719996582574726
22.56461808851925 35.9425126285026 -27.290340484654518
22.451712579956308 36.19030315223057 -26.859251283758834
22.33725697176911 36.43792675786173 -26.426724969017293
22.22130326110127 36.685285217271925 -25.992940121886246
22.10386603607331 36.93236557205114 -25.55792851137695
22.0072751575575 37.08766049590323 -25.293838737148334
# level 29
22.84234314025435 24.39176696201308 -35.41232690162498
22.80955691740377 24.624610591507437 -36.079122181984424
22.78151100808191 24.866942175041622 -36.753739177594305
22.842551742890656 25.356521549597595 -36.982830587807584
22.969159619020918 25.978390901044797 -36.97433257445013
23.146861509902784 26.575347567119923 -37.013845607695345
23.318376328469057 27.14268116855949 -37.0254841175347
23.423757076889352 27.369533138573573 -36.78902009331969
23.52893791629517 27.59760406340967 -36.546306341319415
23.63391884668651 27.826893943067788 -36.29734286153388
23.738667784595886 28.057334756442838 -36.04219740358047
23.87384143874992 28.319200441518895 -35.74683315862535
23.951040156573278 28.720590869377105 -35.46552651508963
24.0239584025159 29.15760171520374 -35.161074385932785
24.09368852447554 29.597053206985166 -34.85181708130785
24.160247500919503 30.038848857895314 -34.53785038581587
24.223605595739247 30.48286297229901 -34.21925430035522
24.225915671427273 30.9810359107099 -33.78216892853997
23.97332795739998 31.71303748652165 -32.8402970313834
23.716873760852465 32.44786595578763 -31.892492791815137
23.456638912322344 33.185315379898356 -30.939032916103272
23.192631974822753 33.92533374868083 -29.979976877019286
22.92499025717326 34.66756014404779 -29.015799206736833
22.67737858101937 35.387199758916275 -28.074899170557835
22.568696302243833 35.680679884829416 -27.62345227702449
22.458103661887304 35.926918973961136 -27.19676820788814
22.34595268912449 36.1730504978902 -26.768563750483313
22.23228353723916 36.418969402604404 -26.339013475396005
22.117110794351824 36.66466272969373 -25.908149151637446
22.000469125224896 36.910064993742104 -25.476089833511878
21.899524498914694 37.084866625054545 -25.17502420328182
# level 30
22.866334751970417 24.717225522843634 -35.14626893961304
22.791613060888842 24.89985855300843 -35.698888933890466
22.71725407862913 25.087189852908494 -36.24753785993666
22.779148200965103 25.46590907485372 -36.48635740945373
22.955799428946133 26.05753846867885 -36.532005186907035
23.132260564992784 26.650328163330556 -36.571238380835155
23.305412527333345 27.228378416545773 -36.593191514307975
23.410060474216973 27.453652491842515 -36.3583734530373
23.51451840996473 27.680163040948383 -36.11729883862555
23.61877165703472 27.907861616588754 -35.870069043528524
23.721073715770903 28.138785987035412 -35.61645171698884
23.67817112093959 28.565196984013344 -35.29010823069481
23.73614510558742 28.925868910450916 -35.083679872808034
23.798958472714155 29.32418486723581 -34.82671407065827
23.86821018927833 29.760638240103603 -34.51956433414742
23.934307738794146 30.199339285274053 -34.20780099137059
23.997218852657404 30.640353508684363 -33.891341101165864
23.95799017878315 31.173321077741967 -33.374739684015616
23.707135700518933 31.900314453216257 -32.43931591138084
23.452449091990157 32.63008376301306 -31.49803867669695
23.194016183734444 33.36242306852287 -30.551184686232073
22.953329212953694 34.074736603720396 -29.625125516962278
22.734249663945 34.76291524694719 -28.723351636852442
22.544913893814584 35.35017684128779 -27.940561396985927
22.44936692989963 35.631566119501144 -27.522448953658248
22.351956688458714 35.912025446073066 -27.102782327591502
22.24017550623399 36.15581867638146 -26.67783168794235
22.127290066389833 36.40005266447675 -26.25122969436839
22.01291562366421 36.644048116537185 -25.82334542113444
21.897084098558835 36.8877593314447 -25.394270164403856
21.79177415404439 37.08210703846325 -25.05617627868636
