# level 0
13.339726601978594 30.816583926918106 3.0704694844275915
11.143618005331554 27.960400576774155 -33.09670242456488
15.4042871578954 30.93633542967428 -30.464563316722785
14.580483567832484 37.57686162975949 -25.42467582735309
9.8585412562791 39.04414074498567 -21.776225860640462
-2.217118405109497 35.25040657162624 -17.91757953547836
-7.952552344879208 27.660790282413465 -14.551098305912433
-4.547139700241338 15.983331763090577 -9.457645472156187
7.943938161710201 16.650157432249674 -3.050351054680652
12.911342198126906 20.662066432062993 -0.016658059185150093
# level 1
16.795624770192994 29.20996641818418 3.4539674689582083
13.339726601978594 30.816583926918106 3.0704694844275915
11.143618005331554 27.960400576774155 -33.09670242456488
12.774503432555633 33.17920015994325 -30.77240415620696
8.967200417941005 36.04360070631714 -28.02478262032311
0.21896606358489645 34.11522602079626 -23.52707190589068
-7.650159157977481 28.52705502233217 -18.805041004447453
-15.468863940689676 9.095014533469808 -18.41107768296246
6.546670791750659 13.73472623218673 -6.836438272001797
14.051366265582853 17.062707435429402 -3.922856833879103
# level 2
20.365666523290457 29.421383641794815 0.6703434621200768
17.011139846824257 33.25537506138345 4.305459856106072
13.339726601978594 30.816583926918106 3.0704694844275915
11.143618005331554 27.960400576774155 -33.09670242456488
9.060926080840698 32.82813264944303 -31.86065176137199
3.4224469397845514 33.283195151573295 -29.091286150158627
-3.4033198213937967 29.17602805130599 -24.81084341411722
-20.918615709632522 2.895710135673177 -42.69329440241146
5.593887754269685 11.38773492994002 -12.301452997218085
15.234391160739012 14.277855701167097 -8.711403760333397
# level 3
25.12643349156275 29.94542110797847 -4.769485838171375
20.295069483153007 36.695334408311595 2.303650877508335
14.733020734530548 36.61164274570773 4.300197368199882
13.339726601978594 30.816583926918106 3.0704694844275915
11.143618005331554 27.960400576774155 -33.09670242456488
6.446060688122824 31.202912228505937 -32.471348771088664
1.3655970943432367 28.225522996359608 -30.603889303047062
-3.5671772651835028 18.632673838136274 -27.216820823046582
6.379162971011821 11.528684134390172 -19.26497624508314
16.346440244054605 12.69699712442203 -13.140979577612484
# level 4
27.776991602058875 28.97516676408945 -9.25856451395999
24.265952200778862 37.73444781321299 -2.1694908097528103
15.651594366346218 42.013149633234384 3.044786607547241
9.175813453297621 35.065948654045904 5.590317761287212
13.339726601978594 30.816583926918106 3.0704694844275915
11.143618005331554 27.960400576774155 -33.09670242456488
5.148407194484738 27.63549089397206 -33.11046834706816
-2.4451948818075997 20.858793778569986 -34.7513996076039
6.6146133514060175 10.431795470693883 -27.345979036683218
17.271404925052387 13.138077613027628 -19.341304011081338
# level 5
28.10851360093786 30.806839600746187 -12.421110206690056
27.189329395948 40.70573975231151 -7.879023847547183
16.563575978875246 47.30849553520934 -2.5638523847548385
9.02924349615611 41.45265783945347 3.086132384115892
5.181400100706548 30.720457777069466 5.193202813265802
13.339726601978594 30.816583926918106 3.0704694844275915
11.143618005331554 27.960400576774155 -33.09670242456488
5.326394353881572 24.697914591756778 -35.12204785845191
0.016522834549939067 -1.3455751249937318 -49.59276089204054
15.971353044795393 14.715989138411935 -27.96119278162962
# level 6
25.330082562608922 30.13625805580648 -17.417062345933395
27.856358034974534 41.08554177878832 -12.657032219180557
16.570896721003095 47.92340133149662 -8.99243852756789
8.789690150904768 43.68257925905232 -2.2902156650811563
-8.444451254472678 31.393211606508466 3.1305264738505256
5.122848817830055 29.105627230552805 1.557576102832116
13.339726601978594 30.816583926918106 3.0704694844275915
11.143618005331554 27.960400576774155 -33.09670242456488
6.765557343121776 19.128630308081547 -39.27859554262025
14.547699966814594 16.290125422609528 -32.318847569470044
# level 7
24.817069374669035 26.527933139579268 -24.99805303699575
27.54399207517151 40.15729533605163 -20.756317926785385
17.33625639228766 46.14682241294106 -14.140741338470937
7.18800489181794 43.77108273197804 -6.622584450379244
3.5639853085497157 36.136313669876984 -4.400788814004322
-0.3686208630285647 26.73351278027421 -1.4501261167482822
6.145284897558386 27.206489799396316 0.00648627832757076
13.339726601978594 30.816583926918106 3.0704694844275915
11.143618005331554 27.960400576774155 -33.09670242456488
12.751868964488057 21.05577791235296 -34.11585483385376
# level 8
20.557823139982425 27.15742997244199 -27.52905824214666
25.17749047658836 35.598641387457036 -28.82481437046293
17.846452884960424 43.98408788764222 -18.020884372132258
6.315747849540748 42.18255764380968 -9.189848950167228
1.588891165962866 38.01038597389243 -6.837519930159836
-1.777726041738522 27.712151892872853 -4.579072024315895
2.6610589077892337 23.640816521046894 -1.881501470433482
8.874839038102063 24.80965056735168 1.6087993088294628
13.339726601978594 30.816583926918106 3.0704694844275915
11.143618005331554 27.960400576774155 -33.09670242456488
# level 9
17.05687274699023 27.67119096732131 -30.174370226534293
18.954359218162644 33.886323122398636 -25.087398911462564
16.757905862228803 40.89493035038342 -21.034879760001697
7.558632385555816 40.01314545126154 -16.764991585511716
-0.9894936590331037 36.732781975151674 -11.808553042982851
-5.048673206491435 28.209660730227878 -8.327207444359166
1.1886370339427028 18.847905363762525 -4.229710353545348
8.05839345565358 20.693840471238833 -0.41285532508613876
12.49605211616213 24.88364293466458 2.299910592044274
13.339726601978594 30.816583926918106 3.0704694844275915
