# level 0
-24.027778539340506 4.320864810586155 -24.9030845766733
-23.75149760261544 3.9451789453818007 -24.812762353913513
-23.463170252618184 3.5726902394617817 -24.709916180218052
-22.950212625615197 3.281097563383817 -24.536906943754275
-22.29885017265707 3.1251739362780793 -24.341611788908562
-21.62975711925055 2.9836194017684146 -24.118332011203638
-20.96147414086941 2.8411325833548955 -23.895838669001172
-20.383696663793735 2.648602107486178 -23.780038742093108
-19.570370694786035 2.686335226119084 -23.587982028971222
-18.748979302684738 2.7221623507101302 -23.397375969321942
-17.781946588569365 2.8030404937536773 -23.174323374873595
-16.370983172203115 3.274096166617254 -22.59089504379991
-14.922475083193461 3.74192371804831 -21.947143344902088
-12.994614510273717 4.630488857085428 -20.85149578549983
-11.27130070712818 5.487109662805724 -19.8310980898788
-10.396313295006252 5.878905326417178 -19.38745266405852
-9.5208408182743 6.270604316922395 -18.943948348166415
-8.525564579527147 6.701420328126873 -18.445091700693364
-7.589176291573126 7.1498845153838655 -17.991266012524882
-6.754487218822039 7.6270363914115435 -17.597278102227158
-5.8789362951164845 8.18555692138981 -17.15764672270273
-5.002962642647604 8.74414939755222 -16.718196031251217
-4.126753305085286 9.302694273785091 -16.27902040239932
-3.2957731806753725 9.821889626430858 -15.866803318038299
-2.8849796251113085 9.967884313274705 -15.705168998231091
-2.473783899413316 10.113892678786904 -15.543741068710691
-2.062272695348211 10.25988365257616 -15.382554374630143
-1.6504983399819328 10.405839549923897 -15.221626931770373
-1.238538543898767 10.551731449961757 -15.060992992080026
-0.8264717976976202 10.69753282561186 -14.900679579230493
-0.4737934395837132 10.849686208972315 -14.796701345024815
# level 1
-24.452740465437003 4.011925941576987 -25.24854992755653
-24.135040703834733 3.6485966659681064 -25.115788686011726
-23.725567664912575 3.310520477545934 -24.888840899544007
-23.210826086709346 2.958603330843139 -24.724694533011245
-22.60180616163929 2.7683023102532016 -24.59488246585493
-21.993401792367905 2.5771537407175797 -24.465542043774995
-21.326126317875264 2.434319593229249 -24.243840040759586
-20.664749508197307 2.313451756251579 -24.079399243523103
-19.820212573014558 2.3442108943016713 -23.89176519834738
-18.91890864268065 2.3592553876602675 -23.713991051818308
-17.931529142337478 2.461433623527409 -23.47636905673288
-16.57620523787459 2.9361798387945353 -22.981962326168656
-15.135485312277055 3.403927696618601 -22.349440097146807
-13.035390762864523 4.444144201046115 -21.090951322196986
-11.079100242841825 5.428374551562505 -19.912203975233755
-10.204681709896024 5.819917966803193 -19.4688439299724
-9.329773002080294 6.211364435120829 -19.025625562987802
-8.454517616753643 6.602650962876924 -18.582620077332546
-7.545895551987467 7.051107569081944 -18.135934158321334
-6.671474122587762 7.6091052435610935 -17.69647708740699
-5.796442920754821 8.16729441033807 -17.25710633003886
-4.9210825119935 8.725495750242345 -16.817963448006992
-4.0453928963038015 9.283709263273918 -16.379048441311394
-3.2124447779392584 9.80486920610503 -15.965578668741674
-2.8019202788581685 9.950768532252066 -15.804049477598014
-2.3909936096431577 10.096681537067452 -15.642726676741159
-1.9797252985280607 10.242585992519194 -15.48163610343369
-1.568219999644763 10.388446529170118 -15.320813789237468
-1.1565120776941333 10.534249761347517 -15.160276563524604
-0.7823216218093588 10.683783807032764 -15.034303106305702
-0.4570825167906136 10.839285256599767 -14.95824103012383
# level 2
-24.807113505301746 3.723366277088477 -25.5218645485376
-24.39718252915875 3.3862361905946674 -25.29457032733866
-23.9879771521031 3.0483810943582967 -25.06777088369564
-23.460215283272223 2.671084080828996 -24.914217641470746
-22.862788798275716 2.445963224108879 -24.78273571818288
-22.254808422863896 2.254950619024985 -24.653484531169376
-21.647533036065116 2.0631243393982155 -24.524722110641637
-20.890626564363178 1.965299222250921 -24.38675853367145
-19.989520436530444 1.9813404789978426 -24.208237121305483
-19.08880547660951 1.9963706403425963 -24.03058268272002
-18.08103435217851 2.11987075197145 -23.778372057440578
-16.72673853263372 2.594252409496797 -23.284344157844068
-15.24537347289653 3.156533702176892 -22.65439712602942
-13.076139368032349 4.257833563309697 -21.330364099959287
-10.906906593573085 5.3587237922792585 -20.006861631496683
-10.013035948721763 5.7609666658976115 -19.550191369871325
-9.139243066716492 6.151616994521797 -19.110827635466922
-8.266164577502318 6.534291366729971 -18.720901733965444
-7.456854716443634 7.028364048686043 -18.25049375584362
-6.588388442709722 7.591225321016406 -17.795629841432493
-5.714011893721437 8.148996076395495 -17.356589394907814
-4.839171206832731 8.706866053098475 -16.91770713503225
-3.9640948348505973 9.264688429871915 -16.479099937756295
-3.1290389825028515 9.787879701810956 -16.064313945292152
-2.718800722255185 9.933676974424829 -15.902898297498096
-2.3081602918735866 10.07948792570705 -15.741689039990845
-1.8971872007744375 10.225288178102687 -15.580712603237384
-1.4859509583741162 10.371053354056798 -15.41999541770471
-1.0904263028342578 10.518012703620975 -15.272446211718282
-0.7654210528646639 10.673470242550486 -15.195827989308626
-0.4404014256005204 10.828867167695527 -15.119813543668418
# level 3
-25.068983235965025 3.460738313473718 -25.700498379547664
-24.659319921688528 3.1238293191657083 -25.473352501173423
-24.25041016887713 2.7862139652438613 -25.246717208661938
-23.70391949937546 2.40299278098162 -25.10493985623287
-23.123753852545786 2.1236155664838923 -24.970586230357384
-22.516211140367513 1.9327348666165547 -24.84142991926995
-21.854086880582123 1.7453316284471614 -24.687939506588148
-20.9325615332505 1.6528157652224846 -24.594896265699646
-20.15877864559867 1.6184340481132726 -24.52472821852624
-19.258748982551815 1.633448872441107 -24.347212013423537
-18.23064092810136 1.7782394445191874 -24.080440213034723
-16.877295102660447 2.2522870709405933 -23.586759942783626
-15.231568491818935 2.9178570535460597 -23.00397753957087
-13.080304824262427 4.035230532460263 -21.645793894537707
-10.929198360681196 5.151682306879052 -20.288952601697563
-9.824302650630326 5.689588718184087 -19.710374114858443
-8.952447350339286 6.072237686729987 -19.32006756315037
-8.084701193164099 6.456253975066003 -18.932055466096354
-7.327524214562039 6.96248767672125 -18.490929787751632
-6.505196476164427 7.573404251712307 -17.894747010113907
-5.631443874444477 8.130778648055927 -17.45601655742462
-4.757309953098293 8.688197715443927 -17.01748929423205
-3.8828468248237265 9.24562895595923 -16.57918990637575
-3.0455777580419654 9.770905120689832 -16.1630408862119
-2.635651900160685 9.916591497411247 -16.001747789657912
-2.2252805262620656 10.06230708799666 -15.840643660814212
-1.814619837529305 10.207996444499837 -15.679789775300822
-1.4036959974953698 10.353650724561492 -15.519195141008215
-1.073265013332143 10.507817974961508 -15.43396246516512
-0.7485134970754372 10.663154499679724 -15.357400887904598
-0.4237200190413728 10.818442844772628 -15.281443422937175
# level 4
-25.330809116768926 3.198103428329721 -25.87910585876972
-24.92148377415888 2.8614709347219085 -25.652147476769215
-24.495638299268816 2.5186290163082847 -25.436275417359333
-23.94761151915442 2.134892878676368 -25.29565895981626
-23.384664088498564 1.801287090803536 -25.158413170536434
-22.731776855318753 1.614191513348775 -25.008762600689522
-22.0129265019541 1.4309192805682616 -24.8298327053716
-20.89464445720974 1.371977886115063 -24.73483323215379
-20.2117528990526 1.30188440478401 -24.741849241008502
-19.42870263983434 1.2705529687679675 -24.663822877947617
-18.380248250911347 1.4366216090993973 -24.382496889099578
-16.865031234987228 2.00793109967878 -23.888202280486922
-15.206074278762838 2.6675569373291967 -23.37786918887231
-13.056662815808071 3.7839695335811703 -22.02085320445225
-10.957871125304944 4.922118102651332 -20.67535983199363
-9.636807748738722 5.610506335789069 -19.9193190770554
-8.76565902907225 5.992846701357356 -19.529326104930558
-7.95130277274315 6.397696174380242 -19.161087369998082
-7.198103470796938 6.896664224617333 -18.731329433144
-6.386060635749171 7.518418825137174 -18.103402153144224
-5.54888608979794 8.11255789474261 -17.555442491634704
-4.675365412159325 8.669585825872474 -17.117223037861788
-3.8016090494272694 9.226566157072803 -16.67927864668848
-2.962056323231232 9.753954762764108 -16.261736167664814
-2.5524428677163313 9.89953024359307 -16.100565622350896
-2.142410059717074 10.045126095926728 -15.939593052637726
-1.7320617733506989 10.190704556537451 -15.778861718364407
-1.3805690622461002 10.342353323741445 -15.67260511975136
-1.056133555433037 10.497606109770341 -15.59551154705753
-0.7316081884064104 10.652834054436422 -15.519006950469791
-0.4070684440852357 10.808001385318033 -15.443106130651508
# level 5
-25.681401409750222 3.0195320367266336 -26.09451902892905
-25.183603776769854 2.599105628748867 -25.830916100577
-24.738886427459214 2.2502277572475524 -25.62687785944884
-24.191334016531123 1.8668262385090186 -25.486382400362675
-23.625773204645782 1.4686916943707053 -25.324971027800398
-22.89007385176261 1.2996253959834916 -25.150525183012473
-22.118595951144155 1.1315220233389087 -24.980157804400697
-20.893092760935936 1.0893363749912786 -24.88182229599711
-20.17435637344608 1.0210823286011135 -24.881789741482613
-19.49195117557165 0.9501458761104475 -24.889250663587063
-18.44453560389493 1.146121195237208 -24.68400833086934
-16.796309559605447 1.797197040918935 -24.18938322131477
-15.147819828563433 2.447601189005593 -23.69572856021439
-13.032787982137979 3.5328188145978414 -22.395781282190868
-10.989824249342021 4.6939185042682015 -21.06253227026003
-9.449233825766111 5.53145445765171 -20.12823624524752
-8.578791686724202 5.913486220242383 -19.738556852705912
-7.817862301582698 6.339145899861832 -19.390137348380165
-7.0685437814372865 6.8309288301979345 -18.97165947594221
-6.257158774838856 7.452180042868735 -18.34424027566886
-5.4451536755986805 8.073343950433642 -17.717502032473252
-4.5934418094115435 8.650965388549942 -17.21695773760054
-3.72044432491987 9.207462312518206 -16.77939302894978
-2.8785008416036115 9.737019785674494 -16.36040879754135
-2.4691997884551027 9.882484370610996 -16.199360803467503
-2.059496565172667 10.027962634215847 -16.03851919968046
-1.6871892047709458 10.177145040890615 -15.911723123189041
-1.363158832798465 10.33227146733537 -15.83411847730479
-1.0389700886958466 10.487406031995967 -15.757084778311683
-0.7147327113403946 10.642496472661426 -15.68064584148056
-0.39046034321002815 10.797535940858575 -15.604807788390945
# level 6
-26.041527446996554 2.8495366604888095 -26.313958012830962
-25.531717448142253 2.4180610260914217 -26.045363954712222
-25.00678142899162 1.9124814447405507 -25.784155263533425
-24.48843563722779 1.448316249329766 -25.604900646817992
-23.886067801326803 1.0753886448405767 -25.43783713794097
-23.048276083143413 0.9850700843950874 -25.292254092915165
-22.174243496214057 0.8459511482946832 -25.1382906067124
-20.949805402961204 0.8038006549294655 -25.04004136925567
-20.13692790294025 0.7403070327965491 -25.0217154239063
-19.455114952862584 0.6694291968294156 -25.029171356245925
-18.32024030739721 0.9117588307418878 -24.99103893510904
-16.727539250023202 1.5865023313765052 -24.49052232468813
-15.08056205756278 2.2363083995297433 -23.99732238500582
-13.046941801054633 3.2984336964630305 -22.778460045082806
-11.021801385889155 4.465709829897797 -21.44971214633279
-9.261695338080525 5.452402823393267 -20.33714060785152
-8.40902288996322 5.840641578216472 -19.953965179425225
-7.68448483476551 6.280564115642911 -19.619202388274424
-6.939000090865701 6.765189479611209 -19.211984767694233
-6.12827291271661 7.38593730443297 -18.58507364714731
-5.317012659745525 8.006530931288067 -17.958911321342118
-4.505268035663514 8.626935222352849 -17.333531006357184
-3.6392500182469654 9.188390458526799 -16.87946648242309
-2.794897550651209 9.720111638966378 -16.459034858800994
-2.385926082219529 9.865458635174068 -16.298117830653275
-1.9930594914793704 10.012227637633789 -16.15127424450828
-1.6694685103057532 10.167211214705073 -16.073167540041077
-1.34570551452408 10.322209778465368 -15.99562566088549
-1.0218047600926363 10.477206839125342 -15.918657621649
-0.6978347589279926 10.63216941710634 -15.842281451546544
-0.37704223406609105 10.781103572575212 -15.766602137263643
# level 7
-26.401670894595508 2.6795136701986184 -26.53340881907689
-25.93359753086582 2.1655450335679163 -26.249519067873862
-25.469649398425062 1.4128156592097159 -25.919860901755666
-24.794834399374864 1.0039079093759053 -25.711193259661293
-24.14641526045722 0.68201579158475 -25.550724203933818
-23.226490290752917 0.6552385921941556 -25.428380737336102
-22.229961431421536 0.5603578690170999 -25.296442327901925
-21.00664686961179 0.5182488462473811 -25.198281749588443
-20.099540390109432 0.4595178137958338 -25.161649819447184
-19.265819184824835 0.45423670861501464 -25.284198110049402
-18.159123111630944 0.6607000088132908 -25.30259721035885
-16.579263389792953 1.3401885408226664 -24.800952243308515
-14.998922915853708 2.018643983241412 -24.300558438538854
-13.077089431542856 3.07125541322076 -23.16448164418478
-11.053697168079369 4.237524303851731 -21.836880092044552
-9.074077829313927 5.37338169339248 -20.546017176450682
-8.274936914545338 5.78247106614171 -20.182742264918
-7.551022775661478 6.222013774557315 -19.84826983190948
-6.809317454699558 6.699538186709004 -19.45224045685209
-5.999335122819556 7.319715730820956 -18.825905253695577
-5.188781402008876 7.9397708320033615 -18.20028422369535
-4.37778162419596 8.55960484235833 -17.575479826100832
-3.558128762463105 9.169277558867226 -16.979565577844962
-2.7112078858159894 9.703236557812952 -16.55762025270333
-2.3026616750504805 9.848432745377602 -16.396869628839195
-1.9750121270294434 10.00244715849583 -16.31266780083433
-1.6517297490073664 10.15728359025033 -16.234629649151685
-1.32824777189442 10.312147442852998 -16.1571566583043
-1.0046486496120697 10.467000151039183 -16.080260400403947
-0.6809596671161557 10.621828017862553 -16.00395311860969
-0.3616653005010382 10.76484966688432 -15.928378344617016
# level 8
-26.76177599505634 2.5095606489738858 -26.752833013689713
-26.464121461134397 1.6541456916878052 -26.40530795879468
-26.021825350197474 0.8819525603714149 -26.072408824684164
-25.11046303389334 0.5563090411468453 -25.819199489529655
-24.406716947937404 0.28870216415714045 -25.663593362115872
-23.41481870591189 0.25859637044857914 -25.519784909002922
-22.238439264826397 0.222219739548304 -25.433756377828594
-21.0634104634713 0.23275499573733355 -25.356483468614847
-20.00014939887524 0.20546747368795548 -25.348351271798524
-19.062130118619248 0.2450059981588898 -25.55000198196084
-17.99801324802526 0.4096558974129423 -25.61413758742158
-16.419689553265968 1.088488110357445 -25.112975459171558
-14.83196536587167 1.8348947222491243 -24.580963119880415
-13.001466272511362 2.9082500816976795 -23.532974066422273
-11.029797330925753 4.043266878334521 -22.21467271375939
-9.05785798703256 5.17762960201083 -20.89792276709761
-8.140813384372219 5.724349238022842 -20.411448091968325
-7.4176436928887854 6.1634407218352845 -20.077317982609422
-6.679631726064603 6.633924709509165 -19.69242057118376
-5.870394240453696 7.253531972911305 -19.066661285417666
-5.0606236800207975 7.8729850383467825 -18.441650794393297
-4.250417452188033 8.492213630168294 -17.81745553026773
-3.439900888883846 9.11111910047795 -17.194177952290392
-2.627508976214022 9.686382071867829 -16.656153176729184
-2.2796577841149 9.83804832115719 -16.55253479774477
-1.9569312072444651 9.992685585697068 -16.474027752881124
-1.633943490369037 10.147380457820773 -16.396064611086203
-1.3107837588855533 10.302090316633489 -16.318666294602902
-0.9874862687522977 10.456798672345887 -16.241841818038694
-0.6641195318858428 10.6114725453793 -16.165609210608523
-0.34629042490365747 10.74859652380411 -16.090143933087838
# level 9
-27.240512305981454 2.1010030144484473 -26.927630449940594
-26.994684464320493 1.1426876219810864 -26.56110313661904
-26.57398020989852 0.3510271754745933 -26.22495082232487
-25.663596915669643 0.025745815762568944 -25.972013509512024
-24.46867406703273 -0.11382193248385482 -25.71770513406202
-23.347391806724335 -0.15001169294872801 -25.535434233991868
-22.120568044621145 -0.25731664496669154 -25.51545578157625
-20.950056686630983 -0.24284116806684306 -25.43973644918726
-19.817880188623416 -0.03866844050794051 -25.597055065970448
-18.858467766370115 0.03575779093062498 -25.815816797408644
-17.836796849931705 0.15864239333211888 -25.92566136132576
-16.260012211489112 0.8368069237053078 -25.424994424770826
-14.655112864546552 1.7233728972034414 -24.82761494469254
-12.885819694663013 2.7693794886685112 -23.895141424571406
-10.91606918847344 3.903292387710591 -22.5781217648167
-9.187897904294564 4.9416801217794655 -21.390693076081334
-8.081821253581802 5.621402832724819 -20.705446968202068
-7.284207083372781 6.10490755500507 -20.3063292293142
-6.549826274686895 6.568409306826426 -19.932494880726725
-5.741420653164836 7.187379396657986 -19.30737935001503
-4.932443642712093 7.80622704356 -18.68297799245961
-4.123030964859479 8.424850216848052 -18.059391861802986
-3.3321767419162134 9.04434517455514 -17.438299305035095
-2.5677683118645263 9.677329773974567 -16.815559170197577
-2.26121850087616 9.828458116841459 -16.71381067290316
-1.9388071986327384 9.98294418043438 -16.635381530955186
-1.6161417273867698 10.137485058768135 -16.55749306352435
-1.2932972705303 10.292043716633891 -16.48017264995672
-0.9703150550240626 10.44660087139933 -16.403426076308183
-0.6472705637870658 10.601120750642796 -16.327268143242097
-0.3308825483365569 10.732352364816307 -16.251914143621338
# level 10
-27.824040103950615 1.7336095557461313 -27.18016285499526
-27.525287602660843 0.6312223611306768 -26.71691785640077
-27.12623962022438 -0.17989906182962065 -26.377521822433568
-26.046108908013895 -0.5209540643349564 -25.970492754685374
-24.530560612002155 -0.5687768757226438 -25.70846078671853
-23.27478437218221 -0.5634257092855948 -25.55877482895177
-22.002636476830155 -0.7368908008168923 -25.597158434521965
-20.830022642821845 -0.6340008651035246 -25.595041116663428
-19.700525501146362 -0.3843367623786861 -25.795725865836907
-18.654730443362862 -0.17350414044223705 -26.08166493945874
-17.67564761626367 -0.09242479127615602 -26.23723453372175
-16.094625812751534 0.6326642755553217 -25.714783525418305
-14.478412409505706 1.6117310487679946 -25.074367455771842
-12.769994008937473 2.6305905014101696 -24.25723502060132
-10.802375097632398 3.7632768475691707 -22.94163946407794
-9.422788789962162 4.664530519406506 -21.939136197041712
-8.323338950046546 5.338472943322582 -21.26186384395116
-7.251805421734133 5.986043034716401 -20.62322464200196
-6.419998507988561 6.502921703013481 -20.172529817638043
-5.6124247505553475 7.12125461927446 -19.548058041980745
-4.843012192747304 7.742008167166322 -18.927742074238534
-4.0906143484333555 8.363771552730459 -18.31099711408496
-3.3382930489406095 8.985218261645016 -17.695496808905865
-2.5168257794766187 9.674675493555275 -17.023943369695747
-2.242715515330304 9.818897721377962 -16.87507748106088
-1.9206264587163415 9.97322979118093 -16.79672301347699
-1.5983105180556734 10.127602978778402 -16.7189214635693
-1.2757883068286642 10.282007642854207 -16.641675724365754
-0.9531419794298033 10.436403955356527 -16.565009946660833
-0.6304333763001883 10.590762992336874 -16.48893280953836
-0.31544167079973495 10.716117189920917 -16.41368897621752
# level 11
-28.428637901793802 1.4237877015676674 -27.471762632087206
-28.12173743144325 0.29979638626762395 -26.993122054686523
-27.560967577999573 -0.7207003060142468 -26.416806133299637
-26.356379305450155 -1.0745314822525254 -25.90369315504832
-24.826734690103947 -1.1067694684932645 -25.65493693637533
-23.18145999329597 -0.9954529280667275 -25.611608122412537
-21.886338272992592 -1.2062034098875873 -25.651082093026353
-20.70797494043075 -0.978799820986481 -25.78892482444099
-19.583156044688053 -0.729955121285367 -25.99438003581466
-18.521391631283336 -0.4926339265163474 -26.293079163788377
-17.514439824015245 -0.3433861472875826 -26.548697805462197
-15.916115822363409 0.5221492996491895 -25.960774554194572
-14.301741581136685 1.5001009181827594 -25.321088735552834
-12.654238844700373 2.4918075423379427 -24.619276027886656
-10.97266952472878 3.5118953856066524 -23.45537872787984
-9.65761126899083 4.387440165840889 -22.487486349690204
-8.564804317767196 5.055587164888453 -21.81821192960645
-7.494433873548996 5.702452791372585 -21.180270650834952
-6.350335242826681 6.441561783489073 -20.419025197907548
-5.599046328823199 7.062913934708789 -19.8008332709296
-4.847553311389984 7.684182978863172 -19.183648260883242
-4.095974452651259 8.30526988923406 -18.567573160425326
-3.321906402601779 8.948405576576297 -17.933249403024288
-2.465870336266662 9.672026829760567 -17.232330066893102
-2.1957189825699857 9.815586053124562 -17.07631405264015
-1.902407754951708 9.963538632755789 -16.958009918516172
-1.5804277023984195 10.117750978090138 -16.880289164552096
-1.2582756352370768 10.271978310113498 -16.803133235899644
-0.9359858094259615 10.426204139036537 -16.726551147166273
-0.6136200654061712 10.580399540910769 -16.65055157743583
-0.300013203868136 10.699883283938206 -16.57542577659864
# level 12
-29.07063829932247 1.22131796322753 -27.87894184409189
-28.726334757881045 -0.010040718731246012 -27.283922643396906
-27.92373016566912 -1.2460033764470648 -26.245430297248557
-26.673069240859427 -1.624653226186584 -25.824682339787742
-25.07529580353014 -1.6653838550288156 -25.580659796466687
-23.02889250726475 -1.6528700522485267 -25.63521831109596
-21.649188954599488 -1.8572167257415653 -25.70397125834255
-20.585883615995147 -1.3235901292401955 -25.982813717293197
-19.465809771041958 -1.0755805386099049 -26.193028519866786
-18.40514126341504 -0.8385016417908128 -26.491418161599345
-17.32329381980202 -0.5448440698234898 -26.797086458317914
-15.7606644017769 0.4094927078839936 -26.230731776850718
-14.140134221314057 1.3871330720400443 -25.583404921713903
-12.519453533193781 2.3640753050860397 -24.937854082940017
-11.206039175951375 3.235763885331644 -24.002685762539343
-9.892407369354016 4.110358730016653 -23.03584397182907
-8.806253355466394 4.7727033222813935 -22.374574171852668
-7.733784577863332 5.422588139271136 -21.732129850293404
-6.390226869378558 6.365197704722458 -20.699304547398608
-5.602713759689349 7.005804332797441 -20.056053176501543
-4.852076796892221 7.626365146473455 -19.43957364611466
-4.1013169237287155 8.246775581651097 -18.824168405352392
-3.271234132372657 8.945252264813904 -18.142115582284035
-2.4148657601301404 9.669398764508976 -17.44073247622136
-2.1450368030438227 9.81278621692443 -17.284906237881902
-1.874881774933625 9.956199593295276 -17.13007050753957
-1.5625249738840399 10.107911035267906 -17.04162938283516
-1.240743050788359 10.26196103523882 -16.964563264733794
-0.9188097265649884 10.416016380582576 -16.888064864971984
-0.5968141266108644 10.570034450404362 -16.81215510579263
-0.28454586496476436 10.683662755882093 -16.73714619022553
# level 13
-29.71272094811708 1.0189318568965675 -28.286218095020654
-29.119016113964378 -0.3998260905116744 -27.29818467100034
-28.268303707519227 -1.7285160478905213 -26.10863023682931
-27.036411684007103 -2.150154576667293 -25.65307581390821
-25.21619859095527 -2.2744537878125257 -25.451734129210237
-23.09883045517943 -2.3128307019283714 -25.588804491805874
-21.451246688003515 -2.3833989423957664 -25.798125021544667
-20.403442965614186 -1.815532774584947 -26.095761902131354
-19.3317350677824 -1.3812331141557534 -26.406218388397235
-18.237716125341322 -1.0612193786407504 -26.734592460598815
-17.120312728083725 -0.6117084647319202 -26.96967490584086
-15.685790154353707 0.28917094922287323 -26.585985676926036
-14.067281415108534 1.2655976424494386 -25.939452719040503
-12.555234551035845 2.1949167114341335 -25.291488621826623
-11.439375400688801 2.9596503396327543 -24.549981568423284
-10.127312688146088 3.8332002552136157 -23.5842954239403
-9.047741307400777 4.4897904228610805 -22.930976288369614
-7.795519780254505 5.334556979474048 -22.02764221804121
-6.45349532786471 6.276090898124625 -20.995995284162206
-5.606326488354192 6.9487338420846445 -20.311256660696387
-4.856545580193155 7.568586425282288 -19.695482609968973
-4.097225995900352 8.197753849593889 -19.072384197734543
-3.2205584388990367 8.942095087456757 -18.35101569110736
-2.3638345333764286 9.66677800163922 -17.6491743735667
-2.0943167317457836 9.810000331186775 -17.493526023197653
-1.8244903578465523 9.953239810511207 -17.33887408886595
-1.5446159749904507 10.098076301838534 -17.202948239998026
-1.2231905534825163 10.251955818230165 -17.125965810868216
-0.9016479868051753 10.405824190205315 -17.049560114685438
-0.5800295019191613 10.559662135131656 -16.97373693750559
-0.269088695848869 10.667441046670568 -16.89885278271207
# level 14
-30.37701477806832 0.8865389620425195 -28.819804063841694
-29.55571645258539 -0.8346202617093639 -27.277210779858027
-28.58563988932463 -2.14576496469988 -26.024588084404847
-27.299526557954888 -2.752376785353597 -25.39406600768041
-25.533865941289854 -2.9353404803632994 -25.136252574690644
-23.089557377667525 -2.9842709619037002 -25.46959724890903
-21.22188546647714 -2.8986429537712626 -25.938196879757452
-20.10821634927494 -2.308250778537527 -26.333506325562837
-19.14632349111509 -1.5642342635313131 -26.664345086426607
-18.053556347443536 -1.2445840781184343 -26.992341193522137
-16.917320106451964 -0.6785884828393698 -27.142283317000977
-15.611007711520037 0.1687983356236739 -26.941265707240394
-13.994437133392974 1.1440517157216101 -26.29551638331988
-12.618691234199694 2.013729379107042 -25.644238296273574
-11.574515853950434 2.7384221238735895 -24.984429180533454
-10.36214960029922 3.5561010292179236 -24.13265390773965
-9.1979482383585 4.305704824737616 -23.35500414899996
-7.8572228866182865 5.246547206051099 -22.323136189005652
-6.516802882292594 6.186954587494112 -21.292727586005253
-5.609876682721912 6.891714913173293 -20.56640942163424
-4.860995953199461 7.510823749744639 -19.95137260329551
-4.0454787935961605 8.195502938520969 -19.280421638566523
-3.169904855088425 8.938914457325323 -18.559959389343284
-2.3127791546459853 9.664169503474685 -17.857606880668143
-2.0435837496256974 9.807220062073702 -17.70214830621259
-1.7740860299374286 9.950285644351723 -17.547680167891507
-1.5043484589552132 10.09333088380768 -17.394255925517466
-1.2056413192891644 10.241954549417498 -17.28731956557591
-0.8844895101578557 10.395635948024037 -17.21100657297216
-0.5632411693375079 10.54929656089793 -17.135273206343395
-0.2535825424290267 10.651239529345599 -17.06051269117603
# level 15
-31.05233908155762 0.7882397444887961 -29.41512539719716
-30.24171065182759 -1.3021510408723234 -27.389929318429406
-29.092563571355846 -2.824993957909532 -25.82465058352186
-27.377731213910447 -3.702418896114443 -24.75794856879829
-25.438997162402973 -3.6683226052234765 -24.86905723801546
-22.876231028815766 -3.6428667045626666 -25.259240816666484
-20.90223576264262 -3.371238026946416 -26.179409257796006
-19.7779017448288 -2.7888724174198343 -26.62243580968835
-18.944124116557763 -1.7897934755348652 -26.924314055655636
-17.869459889412205 -1.427971882847848 -27.250074832569446
-16.714319735718888 -0.7454698631700439 -27.314897294168805
-15.536144277845693 0.04847237336517077 -27.296518527005535
-13.921598258551844 1.0225036871950879 -26.651579507444175
-12.682137264229556 1.8325385155903033 -25.99700614432654
-11.639325024764926 2.556285741548413 -25.338057144174925
-10.597 3.279 -24.681
-9.257936658708294 4.218895128622761 -23.649196126822016
-7.918890421977987 5.158559450662077 -22.61861911137793
-6.580149532662201 6.097788772830922 -21.589501452927742
-5.613327273731651 6.834779301348498 -20.8214758393513
-4.8654279159111375 7.453077119860509 -20.207243626094268
-3.993723997680287 8.193256691282055 -19.488462508894568
-3.1192436776661285 8.9357384910279 -18.768906517075273
-2.261693366338196 9.661575396113253 -18.066035977428548
-1.992837856683558 9.804445409585217 -17.91077308692671
-1.723680032360942 9.947330446736187 -17.756500632559344
-1.4542711155896906 10.090201789145732 -17.60326018619593
-1.1846748437903698 10.233026466197678 -17.451081359900208
-0.8673136831426631 10.3854612953549 -17.372401346804203
-0.5481135965192242 10.535515761241609 -17.29681470062489
-0.23808879961440943 10.635039280933315 -17.222134567424924
# level 16
-31.69646352943033 0.6267073567897002 -29.887789357770615
-30.982707616528483 -2.05405893393734 -27.342517092239728
-29.551783833172827 -4.188128006861632 -24.984134441935556
-27.091515692819048 -5.338387084038886 -23.378245317199628
-24.56993621334773 -5.0095734460145485 -23.773764865702994
-22.417704649588593 -4.199923404865995 -25.276214672457524
-20.623561999043076 -3.8193146841238645 -26.257238036396984
-19.496707300135668 -3.1975275209782517 -26.89482495220212
-18.67951082925619 -2.176655265492004 -27.19110377635275
-17.684365455688777 -1.6046468097791007 -27.50285359493738
-16.51130972547842 -0.8123597362118343 -27.487524036159073
-15.337126882911333 -0.020332272712464794 -27.47305687532639
-13.84885430591575 0.9008964083919719 -27.007685168915362
-12.745627441876582 1.6513089577402806 -26.349820250626934
-11.672508987529412 2.4181658448454746 -25.660263772953265
-10.507487879005089 3.3074412085195553 -24.876911099092997
-9.288866267467503 4.154531402567421 -23.92400736291249
-7.980597053279411 5.0705421912403805 -22.914143598829643
-6.643609945919348 6.00854193206845 -21.886369498601297
-5.616766509388386 6.77785597431442 -21.076519419305974
-4.814851769015246 7.449652764946245 -20.416006030690948
-3.9419498812048506 8.191023194650516 -19.696507306452283
-3.0686280638025774 8.932522898409475 -18.977896238752624
-2.210594667208359 9.658986905376405 -18.27446757188814
-1.9420790529193712 9.801676373721321 -18.11940036534002
-1.673289863872382 9.944365443486085 -17.96534139090967
-1.4042383412220736 10.087047466590068 -17.812302536540187
-1.1349819647884032 10.229691598514961 -17.66031939419818
-0.8501547617178841 10.375283742408584 -17.533753450789042
-0.532193646444986 10.519456979296137 -17.45829762594264
-0.222554184315652 10.618857280641492 -17.38370655739344
# level 17
-32.5162358821699 -0.308147069519324 -29.962618712762357
-31.783569184757507 -3.2952879326917035 -26.97283730677582
-29.949606138636188 -5.454329206869432 -24.24503966618359
-27.131947047514977 -7.026912565630353 -22.317324936838226
-23.603459386767238 -6.398662277150377 -22.950047942542508
-21.330216647923606 -5.516213259053024 -24.728518689757195
-20.27130801564187 -4.360937857057477 -26.339789428788826
-19.25156296435625 -3.584964185739774 -27.166681210298258
-18.417011004407737 -2.563650382330855 -27.458272679719553
-17.479709354737942 -1.670407888715958 -27.675444204659655
-16.308256917220916 -0.8792014856920922 -27.660133707139785
-15.135612252628274 -0.0882151737680964 -27.645688588498874
-13.849380703567052 0.7474233106168491 -27.3615183351829
-12.744595892201817 1.5597473267381143 -26.638709986792477
-11.583274124563719 2.4497825474920893 -25.861916432873088
-10.417783497490792 3.3360131721426476 -25.07269460317714
-9.200888613160423 4.181902703985725 -24.12114405128759
-7.983369367946596 5.028037309976003 -23.17059246920418
-6.707100241913148 5.91927869340496 -22.18323518209773
-5.620142433593821 6.720992898821865 -21.331474106889193
-4.7618894096222055 7.448434587399323 -20.623038175907407
-3.890134297475832 8.188831007890055 -19.904484873521998
-3.017959255737579 8.929356702435486 -19.186819227675596
-2.159461799541028 9.65641989386392 -18.48285285764859
-1.891314820527667 9.79891339482263 -18.327999131037487
-1.6228830256016207 9.941413145281834 -18.17414174860107
-1.3542001382269406 10.083899200999612 -18.021316374168606
-1.0853011559142118 10.226354013618941 -17.86953482382053
-0.8162610572386826 10.368737964443007 -17.718838597563675
-0.5162350647043559 10.503418895539227 -17.61970645390531
-0.20231141537955888 10.627318844017367 -17.53870224514655
# level 18
-33.343156204126075 -1.1155050341604646 -30.296382911004052
-32.69993096443101 -4.5374078415817065 -27.060101872630835
-30.82241770181739 -6.599116233068999 -24.182669693164115
-26.805738455532772 -8.980025719334805 -21.499709115998538
-22.587302761478508 -7.908139818161216 -22.400032962835375
-20.333234333810537 -7.048074722742386 -24.295828839540903
-19.82125367094406 -5.0270393672836775 -26.428579662932613
-19.04760384091965 -3.9764595541791667 -27.44809664793044
-18.214241786316002 -2.956598015079704 -27.739271078774827
-17.07320548897248 -1.5910279406581591 -28.098430935322643
-15.937505082940689 -0.8253700647891828 -28.040791200385456
-14.79917922389356 -0.05900304845494564 -27.985857367101403
-13.81269147131816 0.7041814954910104 -27.61595231692682
-12.653592749693443 1.5927173260155307 -26.839193441613848
-11.493855490605222 2.481537506421535 -26.063464545772707
-10.328152505796673 3.3645311736070083 -25.268558694451038
-9.11285946063077 4.209308451911914 -24.31825110511365
-7.897066942624164 5.0542423956974005 -23.369052707321195
-6.680915714073673 5.899236696367813 -22.421061461533498
-5.578873088132168 6.708133656347682 -21.548341472176162
-4.708820698857274 7.447310096651855 -20.829964423920167
-3.8382655195453577 8.186688217774044 -20.112395707837326
-2.9673318408641327 8.926159409569264 -19.395754310476413
-2.1083060044908892 9.653867713495158 -18.691203722652983
-1.8405451595084492 9.796156472889152 -18.536569384019113
-1.5724819998580313 9.938460255962152 -18.38292548151972
-1.304167747758977 10.080750344293726 -18.230313587024277
-1.0356611570777763 10.22299828925047 -18.078745444750567
-0.7673562383497382 10.366053035071639 -17.92682450352316
-0.48750723713834254 10.54713228174914 -17.768295130414195
-0.16730929552777893 10.701055347180727 -17.681552959333278
# level 19
-34.17039150973698 -1.6085216076572306 -30.980219555530198
-33.547998508805335 -5.443715458502746 -27.578335153322755
-31.44820115549213 -8.193876209118748 -24.07187574474043
-26.64834099033047 -11.205762706255499 -21.022532891667513
-21.634393978349085 -10.171102387129858 -22.010479878011274
-19.491303034785496 -8.356731798362945 -24.22284078329403
-19.315126314185683 -5.4850777580517 -26.908934508432345
-18.843679288704973 -4.36789681661532 -27.72946709069604
-17.774379222127866 -2.9048057110846828 -28.400993081950794
-16.616533377240323 -1.5428520841843762 -28.626364265203275
-15.477612544856843 -0.7075664847297053 -28.531942175313333
-14.340957403178185 0.057668269264605686 -28.47710895403354
-13.50302834670276 0.8900871099181717 -27.837131714229358
-12.562607587110461 1.6256755694830212 -27.039674538754415
-11.404585433487554 2.5131823209986313 -26.265085568669214
-10.238412549669366 3.3931277871959713 -25.4643150005056
-9.024846231710686 4.236704403296083 -24.51536059545917
-7.810850822059713 5.080389530578949 -23.567564362187586
-6.613345321806772 5.926458810017776 -22.609104565412622
-5.548047106212033 6.736443400899899 -21.71139745517346
-4.656214689598607 7.447730465123611 -21.03420252979686
-3.7864042611645505 8.184550976802857 -20.320247976046446
-2.916723672488231 8.922959579074504 -19.604630329437413
-2.0571522630077683 9.651322030432231 -18.89949506452651
-1.7897775520562487 9.79340604826151 -18.74508011386988
-1.5221117675914353 9.935498441689155 -18.59166748729081
-1.254172408368618 10.077590436536655 -18.439263092829517
-0.9882833087966613 10.251739725537396 -18.25912891886913
-0.7228437006643984 10.45771165387023 -18.054875065783524
-0.4396913946737086 10.623988769526418 -17.91738122609726
-0.1322447780084105 10.774823213695631 -17.824390431699083
# level 20
-34.87220371495306 -1.2742500498999085 -32.56495665303686
-34.32653550931399 -5.6778757017406996 -28.827318575448626
-32.455268013431684 -10.349466949022755 -25.260572037674137
-26.710444295268857 -14.026786488090373 -21.604155961983853
-20.785009268064858 -12.612241588529395 -22.264093377142384
-18.60754167539909 -9.47888861699208 -24.679995846493348
-18.480538703620677 -5.861215974035218 -27.92726528839207
-18.424960607669657 -4.492968178281593 -28.36697548039091
-17.31822406995166 -2.822817591172177 -29.088790017639305
-16.162115080501952 -1.5266518748062956 -29.171136000646296
-15.017634761643247 -0.5897453883525098 -29.023195749775155
-14.013891229619093 0.2502450387392682 -28.72697796041978
-13.19089180633416 1.0776994302644833 -28.058734450111203
-12.406907088166836 1.7038968093652143 -27.246341588720647
-11.315245280695228 2.544872851771946 -26.466716596425066
-10.148537799233289 3.421810990271755 -25.660021862221612
-8.936831033651607 4.264094585535943 -24.71252473256543
-7.731436465490086 5.107071571703791 -23.761824528035845
-6.589343977558858 5.960565117186247 -22.76558714785662
-5.522657147265046 6.77095969458936 -21.865281441317922
-4.632142839120016 7.481195827150315 -21.189091458638003
-3.741494435844638 8.19162590463904 -20.513855605839517
-2.86609618355276 8.919772499187127 -19.81351027562808
-2.005974369547915 9.648788612074528 -19.10777701615613
-1.738997033781998 9.790661240258453 -18.953593341419825
-1.4725329068707642 9.934279099475644 -18.797416293924307
-1.2081325891316648 10.138676356769588 -18.59177926835816
-0.9433789262622574 10.343730288354255 -18.386957197748174
-0.6783209736427753 10.54940709327747 -18.182999946967843
-0.38970672042538557 10.70147357096766 -18.068395839987254
-0.0971184425166296 10.84863620137419 -17.967252390816295
# level 21
-35.38539367504098 -1.3475807618564608 -33.90554338185063
-34.87230519732206 -5.953505968773752 -30.388454060902365
-32.59331646005308 -12.100051873682869 -27.284975189240285
-25.506209053281264 -17.126256634813927 -24.267444882366007
-19.5532864003902 -14.857498842345036 -23.800034000757897
-17.27236817750878 -10.140971892141945 -26.40796195676081
-17.77703198970431 -6.342084075795227 -28.843115080879727
-17.860017709032086 -4.520396831039229 -29.25407695498466
-16.862208011768946 -2.740907838706498 -29.776412358110996
-15.707669918087285 -1.5103419004636431 -29.71577757444487
-14.557845407957657 -0.4720014019387085 -29.51432527818627
-13.698302078264877 0.44986944179145716 -28.955156149260887
-12.878707966634876 1.2653576110838274 -28.28021679136051
-12.095968143100691 1.8905600667807518 -27.469119060631705
-11.22594002942558 2.576545778279531 -26.66830598229826
-10.05862944332318 3.4505246124577287 -25.855646879147294
-8.848782230118507 4.291515186885988 -24.909607024881375
-7.705710833332385 5.142464912880779 -23.91678615210447
-6.565370306750759 5.994649722274341 -22.922082661246954
-5.49712598051625 6.805587219313961 -22.01904132989312
-4.608027076820312 7.514694872626277 -21.343930794641285
-3.718706007471143 8.224065939945685 -20.669698142184753
-2.8293921742337855 8.933518670067302 -19.99653224788415
-1.954777271939635 9.646277553622436 -19.315950638256556
-1.690401961161038 9.823520256121592 -19.130724979807166
-1.4267930871560057 10.026923042148841 -18.924616228890418
-1.1627922295578001 10.231010071334488 -18.719285843668004
-0.8984662483747674 10.435732438027689 -18.514793727051877
-0.6314847491061917 10.632833781413828 -18.32356287831213
-0.3396923580201624 10.77898225912821 -18.219428887735337
-0.047504468647102394 10.925703322225383 -18.1163593847512
# level 22
-35.57735402022889 -1.824274422053203 -34.74074952060767
-34.94030508782061 -6.6965217976000915 -31.641269527067234
-31.448281439589078 -12.847201777777824 -29.185078588319485
-23.78665546263091 -18.04385482920752 -28.73208647828963
-17.979458131739314 -15.463596651558163 -26.8125402906279
-16.696752536269585 -10.865531141911514 -27.967558629493446
-17.14564103930644 -7.15864445664133 -29.613617604386732
-17.294998389049958 -4.54788275337283 -30.141328368486217
-16.42802513786101 -2.701106354570512 -30.50930310098152
-15.396551739102108 -1.5107419773571364 -30.28618970789512
-14.318458010970751 -0.3613787211260917 -29.863464113575862
-13.382628319071417 0.6495642732455809 -29.18334472675326
-12.566521623330907 1.4530093000063635 -28.50177154897128
-11.784990441462973 2.07724726146908 -27.69191837413533
-11.001663775806508 2.7025566713865947 -26.883408302965897
-9.968599208042098 3.4793208354494083 -26.051193281294033
-8.818238935966097 4.327335253300665 -25.065753808187036
-7.679946194543577 5.177890704705869 -24.071749967030875
-6.541423490203516 6.028717167409103 -23.078633510952702
-5.471587980852913 6.840223434143717 -22.1728353624358
-4.583913707063877 7.548194529700838 -21.498802532257322
-3.696017267621622 8.256429039265047 -20.825647584874165
-2.80807480357191 8.964788024677691 -20.153523014458575
-1.9600062237786127 9.667001599950355 -19.50454810988895
-1.6442204197100103 9.916525370229158 -19.257637327271407
-1.3810288104739783 10.119602823449439 -19.05184525473684
-1.1174482468514195 10.32336716035779 -18.846848061081527
-0.8535321427266578 10.527773066858192 -18.642675860420816
-0.5809863373306117 10.710608896483055 -18.474500392188823
-0.28966467492484205 10.856522496425303 -18.37053727053023
0.0020631767510060905 11.003012221265495 -18.26762897725318
# level 23
-35.65003526494125 -2.3148281967669453 -36.24132821613143
-34.717033894629644 -5.913791230312382 -33.43104104834224
-28.818197520370056 -12.319459956097308 -32.71597110191017
-21.532911402921656 -16.862166465213466 -32.91623745463478
-17.280017474250922 -14.820986935217281 -30.48282430273335
-16.39380710348879 -10.39056578357619 -30.605851951321004
-17.134316997825767 -6.763767821132915 -31.22729232775289
-17.24578010233254 -4.746574127349955 -31.008785112357238
-16.3812780277992 -2.853746381649917 -31.14969288815653
-15.365126036114017 -1.543369481666185 -30.907209073201823
-14.260743364288402 -0.3781775269509721 -30.333182097275703
-13.095909352041133 0.82495347453841 -29.43837807147259
-12.254338059276966 1.6406683861262268 -28.72324423403011
-11.474051772042161 2.2639114241851415 -27.914686189855903
-10.726911502144443 2.889152377466553 -27.112757320908727
-9.887048183739319 3.5516359858665405 -26.19442914335503
-8.790618287483543 4.364147300337164 -25.21909037382277
-7.654209229194571 5.213294794450592 -24.226726712903606
-6.517570207988071 6.062713299862036 -23.235250437062433
-5.446059330087734 6.8748505193764995 -22.326616183328984
-4.559756425486347 7.581727870224645 -21.653624677035523
-3.673328651212432 8.288791087493998 -20.981585558268783
-2.8143538693187153 8.991264443328301 -20.3255595459273
-1.9938255931384339 9.688819252387091 -19.692383468489584
-1.5979919444430357 10.009569640060976 -19.38452133589849
-1.3352206291826523 10.212324401003956 -19.179062454931024
-1.0720855518745795 10.415742068322164 -18.974405253308024
-0.8085793248080853 10.619831514629773 -18.77055296860273
-0.5304582373981307 10.788407898271593 -18.62545633992359
-0.23960730367261884 10.934086620441708 -18.52166408718321
0.05162967597686807 11.080330149651509 -18.41892989567053
# level 24
-35.177629091040856 -2.282435231742169 -38.53878935878485
-32.48856223333672 -5.538480113405694 -36.22738028535958
-27.358803196701505 -10.477071569497593 -35.96416978783737
-21.055571281871064 -14.779227095586485 -35.37253632122519
-17.704988001347747 -13.336867793170894 -33.61742440153023
-16.58714467809979 -9.5491923035526 -32.569694829086586
-17.241756391788137 -6.1368119718147796 -33.002623045223665
-17.160796904359625 -4.882977705544636 -32.02221064919384
-16.332027443925053 -3.001669635184525 -31.773023067240267
-15.333809374791523 -1.5761232029673868 -31.528332120673934
-14.203034600289996 -0.39499264863581685 -30.802973487776487
-13.040130221792005 0.8061441017949436 -29.909659679301573
-12.03576490940972 1.8313314700768497 -28.959076120021326
-11.305812668473248 2.454997906524544 -28.15938465931299
-10.574821156882647 3.0799566445955966 -27.36131311592314
-9.605783248338657 3.8205426098841304 -26.234051405343752
-8.711031742392894 4.448489251762835 -25.348884495670976
-7.628436957647703 5.248726193753057 -24.38168281064572
-6.49368161957476 6.096736741872718 -23.391846715041552
-5.420385993343305 6.909593706242208 -22.48029571328403
-4.535649049890967 7.615222217209606 -21.808494540338415
-3.666135767157522 8.318084408724815 -21.145793369810733
-2.8467895929521947 9.014276157860579 -20.512384071309324
-2.0276702875525894 9.71063383916371 -19.88029742450898
-1.551709969156348 10.102666511767287 -19.511395682508695
-1.2894049740452025 10.305062138951127 -19.306303344796913
-1.026697578423509 10.508148241377866 -19.10197609716778
-0.7636472545888806 10.711884786010827 -18.89847708010648
-0.4798932158775754 10.86624204667476 -18.77645272608217
-0.18953315417842576 11.011674573214485 -18.672834575106158
0.10123309679080383 11.157683224652157 -18.570271252511688
# level 25
-33.82762052895545 -1.0813503567497147 -41.802845699756986
-28.565987786238722 -5.838116299390389 -40.45114340218373
-24.606359826992396 -9.056967491430294 -39.488046585344385
-20.457847442163914 -12.132865507928527 -37.25748895302523
-18.009701002725336 -11.278551339799249 -35.49965792254142
-17.05441546308174 -8.771932168267545 -34.36954929794657
-17.28221879866924 -5.745994525204235 -34.17546856429108
-17.093606407209716 -4.582371171592407 -32.9691320438799
-16.28280649291995 -3.1496059329651347 -32.39623340224982
-15.302435894479256 -1.6088029633028729 -32.14932386435706
-14.14535247260725 -0.41182728403347013 -31.2727315311171
-12.92219638126123 0.937160700406356 -30.19403399797055
-11.8812076286858 2.0242405039950357 -29.204909050787357
-11.152511459086458 2.6468309607815277 -28.40657456099026
-10.305225494958204 3.3369500442039994 -27.429135510601384
-9.32450811625841 4.089449649683866 -26.273633618536852
-8.431292430174146 4.716317579609001 -25.38998227046151
-7.536100908988282 5.345052275226548 -24.506510338826715
-6.469890265926516 6.130683730111198 -23.548486230436282
-5.3947162582166515 6.944330971419719 -22.63394096731316
-4.515079864352256 7.647674090465173 -21.964979882354314
-3.69713715450838 8.342316912748215 -21.33151560034824
-2.8792489875589826 9.037268523421755 -20.69922933970532
-2.0614975564613895 9.732462358808085 -20.068195115836744
-1.5054262647203447 10.195761524179929 -19.63825960272328
-1.2435489512955784 10.397825586472297 -19.43349721900536
-0.9812900711950165 10.600567659838564 -19.229526476593463
-0.7187580490509621 10.799482155405666 -19.03193475991517
-0.42930573963129676 10.94408882190191 -18.927445541533103
-0.13944724094154992 11.0892716132961 -18.82401115153258
0.15081868563826517 11.235026290760278 -18.721615504337528
# level 26
-31.77111317722455 -0.2879220051275497 -44.689352380378224
-26.461416362501136 -5.489586945999026 -43.15673700649213
-22.893431711755596 -7.611173936496965 -41.00359638334933
-20.499897367747817 -8.349086645813564 -39.63639765987745
-18.511687985121608 -8.529667928615627 -37.46591973833049
-17.680758976369376 -7.268204548627319 -36.05701565959632
-17.4182750331245 -5.3112147666940315 -35.11390782351438
-16.936764781982504 -4.173467347068285 -33.899679505146096
-16.177960307723456 -3.007228340293624 -33.18087684887253
-15.246220316368994 -1.625803756619974 -32.63584001880029
-14.027798896333918 -0.2844182927853487 -31.562644498781125
-12.797004151022918 1.0855494144858597 -30.45698004725717
-11.726525862494329 2.2172669067558775 -29.450680707126608
-10.99915887052502 2.8387222336175806 -28.653805868314922
-10.028554385084796 3.5980272202964523 -27.48638962988273
-9.043122676316711 4.358452255567695 -26.313187386918422
-8.15148275548433 4.984215484586606 -25.431100208848918
-7.257885594097811 5.611828413396603 -24.54919299102851
-6.3625495136565675 6.24114403133308 -23.66770931930777
-5.369008358549262 6.979098712137713 -22.78755769278084
-4.5446154130194465 7.673167220261832 -22.149617264262005
-3.728130710431502 8.366569904082649 -21.517276020114423
-2.9116926107414467 9.06029110516167 -20.886116197814474
-2.095399186899785 9.754244802085775 -20.256205011804383
-1.4590712556365144 10.288924243165745 -19.765103822882537
-1.1976780669891014 10.49061406700029 -19.560718020458754
-0.9358928947485117 10.69298813399324 -19.357110583729302
-0.6676119448611032 10.877625130251241 -19.182781019968257
-0.378681341796942 11.021970743743694 -19.078478795407847
-0.0893338584796568 11.16689602164924 -18.975221740017858
0.20041036174465165 11.312389646109626 -18.873013086644463
# level 27
-30.33798158520805 0.40643621166699945 -45.79268386292854
-26.180427872686945 -3.1444515565991056 -45.49683545410718
-22.80479876643043 -5.813198542661921 -42.650948381233576
-20.508088683202605 -6.034695189470596 -41.060094955675666
-18.828328529024386 -6.5102106226507015 -38.61825138045943
-17.955673818992924 -5.438736130250796 -37.06411902284217
-17.44172841467854 -4.698998180850115 -35.730492918433725
-16.511719120940565 -3.3485445864509207 -34.54363903768038
-15.757270058961584 -2.189053679464182 -33.82925112692399
-15.005404302494036 -1.333975236239675 -32.823031914182785
-13.90042067750261 -0.13359726732081056 -31.82359111417925
-12.67181059266226 1.233938868703716 -30.71989425022949
-11.571845067631212 2.41028563902623 -29.696406761642756
-10.743706843192742 3.088122191012241 -28.743969681785792
-9.751951009841516 3.8590511352381407 -27.54372053803502
-8.761727039695433 4.627455277233669 -26.352701106504384
-7.871622938724547 5.25213979429901 -25.47212949003231
-6.9797000279181525 5.878578978396146 -24.59188420284309
-6.085958307276261 6.506772829525067 -23.711965244936753
-5.325639734874513 7.075966311708523 -22.937456482638286
-4.574084499706027 7.69871729363281 -22.33420477425696
-3.7590989008526803 8.39084655715254 -21.70302357567346
-2.944118808418552 9.083327619769344 -21.072986791231997
-2.1293244883114992 9.776007896392354 -20.444235650786
-1.41269368356862 10.382097567026886 -19.891911065422796
-1.1517846196985546 10.583413152403613 -19.68790184429315
-0.8904657676072083 10.785428085637417 -19.484660950819386
-0.6164326949624712 10.955784271435956 -19.333614050102586
-0.3280344892368601 11.099865292409465 -19.229508478574942
-0.039208712275081825 11.244529517311218 -19.126438417006607
0.25001380159372066 11.38976208876781 -19.024416757454865
# level 28
-29.01256936209942 0.7149352301376132 -46.31494986669672
-25.339543941662882 -1.887085225587291 -45.85126181072559
-22.804606774888043 -3.979464185457094 -44.061612752185425
-20.45995026069385 -4.549575690023369 -41.86141708787024
-19.019127816981197 -4.571060564364599 -39.476327365746315
-17.954828810762713 -4.098327882402929 -37.514666053429245
-17.158702108598995 -3.7775592819309702 -36.090129325394024
-15.8385803831056 -2.138774697035986 -34.92267051596238
-15.224441166874968 -1.324748775970136 -34.03184259974823
-14.462549159189095 -0.6213556370443641 -32.72541407976162
-13.517169758954857 0.36354265283573994 -31.86353294094159
-12.546683696910161 1.3822536271569215 -30.98284777311776
-11.417121008212696 2.6033362228488506 -29.942050534938645
-10.46520259695548 3.350620870392477 -28.798975786543725
-9.475383452188815 4.120042680397078 -27.60105621196888
-8.483661245923878 4.891256859077423 -26.40350121643773
-7.591891356003824 5.519969487034258 -25.51326509145385
-6.701544210449313 6.145303970225169 -24.634583974270473
-5.872058343816633 6.7662824161887745 -23.761504336022192
-5.165234717731158 7.308055567165453 -23.035118092353734
-4.587065736271394 7.741861309332179 -22.510517376426844
-3.7900006292932433 8.415180153796758 -21.88872125931975
-2.9765607370723752 9.106354514273615 -21.25988152814797
-2.163314557175168 9.797718359888982 -20.632324040487177
-1.3663039654340334 10.475275263678853 -20.018694605955744
-1.1058612217132093 10.676231715296439 -19.815051928081786
-0.8450264943992125 10.87787241007242 -19.612187615902155
-0.5652309903381116 11.033956039444654 -19.48444350952927
-0.27738532529715376 11.177761150040968 -19.380537823880562
0.010918745309117739 11.322164321938928 -19.27765475613388
0.2995994094763156 11.467124522533474 -19.175823323249954
# level 29
-27.85288010882098 1.3307712822458546 -46.41877832950567
-24.84710581694341 -0.3557908886175572 -46.04220980317014
-22.48410864552351 -2.0390490532240606 -44.504298354499255
-20.617768484158155 -3.004211072432965 -42.54708378306741
-19.016230361158847 -3.1780855321563797 -39.900971650465436
-17.302333986177352 -2.6585974351997304 -37.62833152337949
-16.371257825049454 -2.2456633937914368 -36.33807756228969
-15.165300942233308 -0.9287614496630217 -35.30172603577782
-14.847026190784826 -0.8447396008216277 -34.03521690685775
-13.919643616766438 0.09134872782742165 -32.6278374421246
-12.9760161129744 1.0744174040968641 -31.767541354732618
-12.02850520082401 2.062587816563132 -30.90655744506657
-11.15751159378638 2.8728066772420227 -29.996257668923825
-10.18674119321042 3.6130897265406503 -28.85406339475708
-9.198733046934088 4.381104746293257 -27.658343776307852
-8.208947529253711 5.1508117907523046 -26.463118349952627
-7.312050278348463 5.787881692605942 -25.554317565759135
-6.478418236708803 6.40650091112413 -24.68194861967372
-5.6808132442706 7.024343168768725 -23.81265326574941
-5.004701160056502 7.540279264515371 -23.132745774850047
-4.427664416330869 7.973233667010369 -22.609168451607744
-3.8208817892706644 8.439540689398079 -22.074433305719047
-3.008990037259652 9.129398618867286 -21.446787227332475
-2.1972429610970474 9.81948904418156 -20.82038978523577
-1.3858698631659392 10.509616369543497 -20.195415816503463
-1.0599191114574045 10.769068097130335 -19.942196986683395
-0.8008034820186953 10.969235412628604 -19.740006928428556
-0.5139889065738069 11.112155233687815 -19.63528174360292
-0.22667563887140224 11.255695751765183 -19.53157271098698
0.06106643868716455 11.399815234942842 -19.428883102754284
0.34919456216970846 11.54449952516019 -19.327251555749292
# level 30
-26.680935613196965 1.9752546108664495 -46.365305251726596
-24.471689701655826 1.0717610141080318 -45.90259680410355
-22.299329263820063 -0.43344043824540535 -44.47955194260189
-20.573315502757147 -1.9123935402640493 -42.60853816039955
-18.87645417703206 -2.253636434745726 -39.92282764737552
-16.69295783683768 -1.2820646069038852 -37.7641556308408
-15.488145505823224 -0.5034593068603397 -36.478384085387894
-14.74728307517245 -0.27690096863099256 -35.185756348283704
-14.439531012661128 -0.32199940545106304 -34.031785989015184
-13.386630987145097 0.7921338850557008 -32.58162227241864
-12.434862108418608 1.7852826512248638 -31.671522758621315
-11.489250127529585 2.771473898361275 -30.812267753148905
-10.807881287203656 3.239846920372141 -29.864920283717257
-9.869624401543286 3.9414118277108323 -28.771904251284116
-8.908752282951887 4.665059187777047 -27.667404413460233
-7.934294522312053 5.410310914725731 -26.522735534664623
-7.080154696106814 6.051123332128249 -25.599296360686314
-6.285625703836026 6.665757131708389 -24.73140345436079
-5.489573103885455 7.282398863010339 -23.863804726621186
-4.844124421733142 7.772537769438035 -23.230339520280204
-4.268203826762384 8.204660171571282 -22.7077868100999
-3.690954614433253 8.63864169934677 -22.185905362126363
-3.041348078427515 9.152496389813628 -21.633615827644082
-2.2312392754286794 9.841194091574831 -21.008482653259286
-1.421414317707431 10.530004985929112 -20.384702337312184
-1.0139610044212999 10.861901637689314 -20.069286390845726
-0.7489628019460384 11.047726741551035 -19.890606809292624
-0.46271145816884773 11.190367112717897 -19.786091169557036
-0.1759601835141496 11.333623942074965 -19.68257559645508
0.1112186623767184 11.477463975360275 -19.58009553331243
0.39878479281155477 11.62186457685732 -19.478657445821426
