# level 0
13.339726601978594 30.816583926918106 3.0704694844275915
13.339726601978594 30.816583926918106 3.0704694844275915
13.339726601978594 30.816583926918106 3.0704694844275915
13.339726601978594 30.816583926918106 3.0704694844275915
13.339726601978594 30.816583926918106 3.0704694844275915
13.339726601978594 30.816583926918106 3.0704694844275915
13.339726601978594 30.816583926918106 3.0704694844275915
13.339726601978594 30.816583926918106 3.0704694844275915
13.339726601978594 30.816583926918106 3.0704694844275915
13.339726601978594 30.816583926918106 3.0704694844275915
13.339726601978594 30.816583926918106 3.0704694844275915
13.339726601978594 30.816583926918106 3.0704694844275915
13.339726601978594 30.816583926918106 3.0704694844275915
13.339726601978594 30.816583926918106 3.0704694844275915
13.339726601978594 30.816583926918106 3.0704694844275915
13.339726601978594 30.816583926918106 3.0704694844275915
13.339726601978594 30.816583926918106 3.0704694844275915
13.339726601978594 30.816583926918106 3.0704694844275915
13.339726601978594 30.816583926918106 3.0704694844275915
13.339726601978594 30.816583926918106 3.0704694844275915
13.339726601978594 30.816583926918106 3.0704694844275915
13.339726601978594 30.816583926918106 3.0704694844275915
13.339726601978594 30.816583926918106 3.0704694844275915
13.339726601978594 30.816583926918106 3.0704694844275915
13.339726601978594 30.816583926918106 3.0704694844275915
13.339726601978594 30.816583926918106 3.0704694844275915
13.339726601978594 30.816583926918106 3.0704694844275915
13.339726601978594 30.816583926918106 3.0704694844275915
13.339726601978594 30.816583926918106 3.0704694844275915
13.339726601978594 30.816583926918106 3.0704694844275915
13.339726601978594 30.816583926918106 3.0704694844275915
# level 1
14.909201247719263 30.747042607578372 3.64961804833526
15.05110796226876 31.383972941887436 3.750176438644148
15.154453737636617 32.048775438546954 3.843904035842112
15.214702058887658 32.712401442561585 3.9267001781154494
15.22925210769293 33.34587558217388 3.9949572682933647
15.021388253161513 33.65947848116204 4.000308456449276
14.647903105323131 33.67005810883987 3.9491925778270067
14.2683830943234 33.61161206570624 3.883680304075572
13.861837593346205 33.44814342138642 3.735018964041308
13.455913151457192 33.1937023372742 3.5290288295311836
13.074011217379697 32.86716042816106 3.285201001411565
12.732813435431437 32.48277680942337 3.0141834730300956
12.266090035199994 32.091341516358156 2.719440025648006
11.763498491233305 31.694329441590618 2.294098694099308
11.393850295244704 31.21977255577883 2.0204973905363275
11.117766275514334 30.772447167638077 1.7628339353779516
10.956222871747427 30.36189380594549 1.5414027683311604
10.831160041467715 29.768899600806467 1.481560315889404
10.800638610020272 29.10738529985377 1.5513786367431064
10.969409464629507 28.54477451909763 1.7957741494275794
11.257699939072346 28.03934013927724 2.091442470690672
11.654648200778338 27.739017019112374 2.354383402839403
11.955537117482287 27.59050077848625 2.4370474607818844
12.314482362420542 27.511472248441677 2.5311765875812036
12.706529301679105 27.510678728586136 2.6345888800908286
13.130760701894797 27.81477047181717 2.8017130950329197
13.562115216283935 28.250311429108603 2.9833064558038505
13.98175005291548 28.798311194534083 3.1714397030530552
14.371317256925414 29.434745232229904 3.3578810617338712
14.713774381625797 30.13186665534412 3.534483052739688
14.909201247719263 30.747042607578372 3.64961804833526
# level 2
15.654853396191363 29.454197681253987 3.7048177567944016
15.937098347450805 30.72106759119712 3.9048280909353643
16.05769497664931 31.809027802711032 4.032628200178957
16.103266832357395 32.924077115707234 4.145329065489022
16.019623311422528 33.96589069596525 4.232979884794078
15.38194512995425 34.48867851765453 4.234750079732166
14.715345214578225 34.94716466248528 4.217885060643685
14.022033276880617 35.1527061698043 4.150826585082001
12.720532822605804 34.672308003719024 4.244253371019038
11.06456262166987 33.90793661651827 4.496295513114598
10.080277849019259 33.19674596474357 4.495448587927804
9.691916355545912 32.57100748484649 4.173411812242986
9.33945827183819 32.03579853194418 3.610913507073535
9.281887458870253 31.568986560728522 2.9072016852031863
8.47241690879776 30.97582824938047 1.7000081318187368
7.90229021048287 30.41381667749146 0.5001172048920818
7.513952124226182 29.672317138680306 0.0871718599068011
7.570794733855342 28.98470157392337 0.1537589656958549
7.96873333807015 28.421699562780553 0.3745278696571265
8.401884661582088 27.600447568337263 0.8083364353284485
9.064852752314463 26.907435342465053 1.3143604276988883
9.914950983682235 26.309805326276464 1.8871721921189542
10.618150147694777 25.96720164137858 2.173969639596795
11.332131202814955 25.810005316698128 2.3612026903683128
12.2460441526647 25.90125049979418 2.5400293633835553
13.144844440651031 26.074700623730383 2.7376242706658953
13.98244575333762 26.325713357358175 2.9465078289813333
14.562443670485491 26.685815268665092 3.084240719497359
14.996676411331968 27.49530279706883 3.2522520650713638
15.362103800491363 28.427032265033702 3.469892250277732
15.654853396191363 29.454197681253987 3.7048177567944016
# level 3
16.79559476197677 29.20991680119556 3.4539639466603016
17.001145258125476 30.830666485646063 3.783324459153535
17.077958587293836 32.09149665063536 4.036161282520762
17.009314950477357 33.24775559117572 4.304291248066559
16.683061910546705 34.461123346754555 4.4521067850694465
15.734669396565122 35.620508759248345 4.381575302409138
14.740736475999677 36.605626377284565 4.300822029350865
13.474944658729104 36.89338868343436 4.521914920835448
11.93599109004613 36.427622753987706 5.076684457748899
9.154531700555562 35.054558806264446 5.594258646753578
6.410923470726619 33.38719781959994 6.036387327062364
5.515539098537177 31.8934652603496 5.762925145770124
5.190213340740231 30.71901907734743 5.186696197550564
5.37684408570836 30.050232688021048 4.280452471543675
5.612421390360491 29.754609984935556 3.161141644091591
5.1229321124462075 29.105686210508594 1.5575583102738615
4.471021794705735 28.064600842959603 0.14924271273658338
4.973589741804599 27.52194425717266 -0.23209291474458982
6.145666534920405 27.213622119024357 0.0037379372833730995
6.935710114046646 26.29552988027237 0.739447969488866
7.894266970199634 25.447729425648948 1.240476226910768
8.867769513485772 24.812483429497746 1.6074126812393048
9.925672890652246 24.627746711691554 1.7962498046114892
11.163069019442244 24.74999873965823 2.0405905659469656
12.50668136700829 24.88483420321046 2.302009278305113
13.84252545206411 25.142630222597923 2.5956866663863556
14.706163626104356 25.303295977260447 2.80604591619631
15.502639515440363 25.59145350519877 3.0375880802452038
16.043965407314438 26.548864259229617 3.0998494597391506
16.441244967152098 27.652460564647182 3.1525042774166026
16.79559476197677 29.20991680119556 3.4539639466603016
# level 4
18.25654833122151 29.541907075707133 2.7234422561573846
18.22341157402821 31.28449380511435 3.428669401513576
18.13668398331572 32.785346900177174 3.8206915188578314
17.974300735639353 34.19338894116192 4.118430087701634
17.461356839818173 35.81707838335358 4.352327396626638
16.349896893187562 37.16342444701934 4.442220435274283
14.846736678510226 38.64270682567921 4.3104315595067595
13.211269441962514 39.0471796961731 4.5133401404978635
11.516981811903042 38.72828789579877 4.930014279275601
9.81624695041714 37.87721224098969 5.446592668435607
6.183881285897421 35.596335349331426 6.01520511704831
2.4888360218709025 32.46643576676722 6.803940756646749
0.12524706962857482 29.088968216436907 7.200463300750872
-0.17046259182825393 26.486792852157066 5.90535319271643
1.2446231325759884 26.55909039823787 3.7840720112290795
2.6730235472328907 27.34693488506829 1.5352329310041928
2.6075316214383624 27.168357547738147 -0.3465796290471956
3.6005663145451092 26.779901140146578 -0.6752400514501649
4.701602444489385 26.036964236269338 -0.5206983998656647
5.9357893404423 24.958953508188156 0.23543876352565973
7.221917337409535 24.117279874293427 0.9162742508902608
8.351208499775248 23.480597140130307 1.0877063878185123
9.6778590323 23.173659745792396 1.337353664942421
11.30657436035906 23.334573253765257 1.6589657453405238
12.83514554482904 23.672847927214498 1.962556643819875
14.211784005027294 24.09262643083647 2.3168068291559116
15.365046333753032 24.309744515519547 2.590440254218813
16.40866457929384 24.646866024033827 2.923310905049725
17.293537684735973 25.99841693180932 2.663365405861323
17.946053845681035 27.696748792958545 2.3518337165194128
18.25654833122151 29.541907075707133 2.7234422561573846
# level 5
19.557983231871273 29.487140732501587 1.725885472917497
19.312361678150047 31.262938562707895 2.5448382494401702
19.14256676891153 33.19860308671209 3.248901570818318
18.746214985574156 35.37321962640732 3.765595097567898
18.13206361180115 37.42796395587789 4.055942350712231
17.04765246109918 38.71526165900659 4.125154685743178
15.211168010611926 40.25413182212939 3.764172219051837
13.227545945166685 40.975877981611454 3.5352693096939127
11.320309828386211 40.69699365558475 4.035063880671644
9.092433827165241 39.833455369716496 4.598652632628043
5.121590639634236 38.15970098025235 4.809418549835373
-1.602513755570793 34.08022407969419 5.847410093405923
-8.553735164088602 28.82535043870627 8.610110308759701
-9.668693943015182 20.645888674882997 10.545534750839213
-2.5987464432300795 24.092853668841975 2.4770301778205766
0.8860664805346582 26.653246205099133 0.13685056826844696
1.1443051553134365 26.501869945546275 -1.1263648308281697
2.146380008889734 26.083479693505794 -1.5395743301303009
3.4807900333023545 25.0408821217719 -1.2703754518586245
5.082863993687898 23.521422478166578 -0.48292210222563614
6.9234392836869585 22.721575042618017 0.2711897759900723
8.163971664775579 22.010616221173848 0.5121267198205262
9.360247229271875 21.639605455619268 0.6013972371353498
10.865979697288209 21.52314831805545 0.6485410541993422
12.786205340446458 22.07525532271669 0.9653361763575634
14.645499812543829 22.90574721002142 1.4994502666395033
16.068083341600833 23.528219838901972 2.203299228620785
17.162979962378145 24.246701039063193 2.381773245760974
18.17603537677977 25.6836294189153 2.171974877906397
19.232298153761093 27.76775047290631 1.5433681267350714
19.557983231871273 29.487140732501587 1.725885472917497
# level 6
20.364339322722337 29.42141014146462 0.672243576216738
20.404146919977872 31.23306661493707 1.6550871453071672
20.885722397626616 33.60840421242289 1.65679473097879
20.28689240253917 36.71372644192896 2.3104869606076197
19.201014774124957 38.73105834633929 2.706819548099971
17.738787131575158 40.417408598218124 2.9933673440985835
15.644619227119748 42.01484416554183 3.04404926972955
13.490198217499373 42.56478849053312 2.673825400134133
11.649765389820633 42.161799039768574 2.6207878370578706
9.037673257928477 41.453851521798356 3.085910682004663
5.18647830338684 40.1481751485104 2.735938215635594
-0.9048580117132194 36.351959375587775 3.047013105684501
-8.41705358757252 31.417248183029507 3.1508796145464264
-10.807401529618799 26.71352222129272 -0.3534052034816763
-1.9272481295559492 27.057750140619582 -1.236030078757338
-0.36660141653107664 26.732774748092034 -1.4472976201358854
0.4548493885262383 26.136823194416653 -2.218629348247902
1.3231235488404107 25.33680055162144 -2.4458195611773137
2.670880238295494 23.62970502187508 -1.8761361888517345
4.717010940862177 21.754157270410456 -0.9982075880350638
6.64271168376896 21.27977041928975 -0.38390102291075484
8.062609407088217 20.69353179544529 -0.4118912427425315
9.476596608803035 20.28675008715484 -0.31988748175678455
10.784673812132008 19.938927334752467 -0.3485538818851306
12.90416477058832 20.66003357200333 -0.017309773708863663
15.078067661812334 21.725518757416797 0.44502223109638284
16.762952415783232 22.668708917006064 0.8911328268348484
17.880842721260553 23.800970137197194 1.5914248934444024
18.867511445855875 25.263029384423405 1.404920421384428
19.948934896652908 27.491814784737176 0.3549710789089051
20.364339322722337 29.42141014146462 0.672243576216738
# level 7
21.836455534989668 29.683186626308423 -0.7847133169195211
21.866913195234215 31.49818591129194 0.1879667873829008
22.350511969893955 34.080109665959775 0.26241335362908463
21.521021283739376 37.57207879470066 0.7462513104658405
20.268721647225835 39.73273306629181 1.405448795535754
18.611379366236648 41.817240920721446 1.3633676018217438
16.268826906725643 43.556689131239466 1.4981998850679827
13.951496833313437 43.86755104931749 1.7873473011523713
11.792706431219925 43.468497437813454 1.3067493106680081
9.840002364922052 42.96476947023571 0.6706940043485898
6.286165040573433 41.3793841944761 0.41986462938313607
2.1955191275341277 38.42956657739672 -0.014079376077816036
-1.913032828621076 34.08949301935707 -1.1757641776396954
-3.025721580951812 30.856605054069867 -2.0421222503433136
-1.5759017510578752 29.178284514247096 -2.7627183862508184
-0.9176219043576638 27.27993405388388 -2.9014068139440408
-0.17600818989493977 25.939922956859867 -3.1755597169658305
1.2683554679701952 23.669807100592458 -3.008916056292526
2.7480956172150943 21.529405129556007 -2.2543445708069414
4.691989058756613 20.15992165679883 -1.4676404262784157
6.411518996199994 19.745939411843544 -1.19663396358838
7.985789851735352 19.27354320111894 -1.2887391242647555
9.593159519172158 18.93432200523154 -1.2408327211478016
11.298118408874917 18.919463859528907 -1.2863173875434404
13.272573530051174 19.426397621491933 -1.0821933809309634
15.360556547488239 20.40154588424439 -0.978462802877939
17.439073009978085 21.93735379565655 -0.7714456193051736
18.810778793611014 23.48998069010319 -0.5047530188223294
19.56036751295807 25.022710035109043 -0.17455443359763223
20.908948837010495 27.356571534122963 -1.132301819514444
21.836455534989668 29.683186626308423 -0.7847133169195211
# level 8
23.597700283804013 30.040188093942973 -2.4267469727205024
23.365635660286166 31.79244855776061 -1.331207971637204
23.66187209928045 34.48883825343751 -1.080300313676953
22.8646542971304 37.51793430841811 -0.49153902622600176
21.276583265983724 40.155390174352455 1.4460209209796238
18.374006633577892 44.75143093783587 1.6993199733932038
16.49848388900731 45.191343990823015 -0.18171887774668927
13.824142077147922 45.29822623469216 0.2907476950780976
11.519060415693772 44.53778645180572 0.054990350774285074
9.475872514936583 43.387063813145176 -0.5487857339766408
6.978367762364906 41.792631068412405 -1.5869450295384246
4.6539572369609905 39.22211029778265 -2.402465014434026
3.415925205543426 36.31945847528537 -3.073695390764377
0.6890887950833808 32.93902454917645 -3.1957491131820843
-1.1828091047377187 29.71660594483267 -3.8911122254377113
-1.4455751188559125 27.448736391009422 -3.926154176413177
-1.1338412177348245 25.455818790930806 -4.138604074638873
0.33935290116451944 22.327824764317644 -3.8911404589824823
2.5504111746173983 19.695291171932727 -2.8329121674369184
4.250621508157612 18.857938503010146 -2.3700546167434364
6.1704035927113345 18.209174955315 -2.0190030803478454
7.928357486947626 17.81984436675523 -2.123394749579762
9.771329676512108 17.697472344596086 -2.3605448196597276
11.547700508988127 17.8136768682947 -2.4599130182899014
13.588921641800672 18.133720906966374 -2.5306121728252164
15.809464311229402 19.245660762341423 -2.3804645618994
18.150745102620622 20.97359385873306 -2.4138939777703743
19.911498488082245 22.779657229889676 -2.559651654781179
20.889209096192555 24.599076277398368 -2.2884002631723526
22.639492957296245 27.321845016974812 -3.1468852225269326
23.597700283804013 30.040188093942973 -2.4267469727205024
# level 9
25.12918019533104 29.945243063368558 -4.773735620475291
24.956673465617506 32.01427738855877 -3.2401358487002256
24.65521522277242 34.69664629839926 -2.3039933091942615
24.262921840810463 37.73171291534912 -2.1650487247946235
27.523247068814612 38.227331763018654 2.086742523268225
19.120179878676336 49.85293839574574 4.085299080199476
16.56319879821889 47.31402181013469 -2.576313670232305
13.681410945421376 46.4877143659791 -1.9607306256079067
10.983622035576886 45.3545599959006 -1.1845899354314167
8.788887792723603 43.68644362352674 -2.295564718381463
6.578695726003586 41.56051001829245 -3.6608910655670743
4.944728441583885 38.83033319632406 -4.275163608808714
3.5641338616294393 36.13450955049295 -4.399084629716376
1.3659285399200385 33.20455098368711 -4.022907863585238
-1.0393882225245492 30.62856730765333 -4.557332944613383
-1.7781486591856017 27.712976950930038 -4.580268824523067
-1.7873901227065545 24.57157277283025 -4.792870424914376
-1.0096897611350188 21.283633035243028 -5.068390785061984
1.1901789521157344 18.85096498893725 -4.227102597202622
3.2545542014559343 17.69381992822813 -3.5913380112604547
5.287884759735771 17.045187268071246 -3.3050095187443986
7.945549870682461 16.645172760801376 -3.0542871796080613
9.98957323732829 16.4112162071816 -3.5681840003810055
11.747103565677397 16.66570455825663 -3.7003249581595354
14.05063696960828 17.058687194407664 -3.928376008227037
16.412917115288 18.175314598232397 -4.003743837398224
18.87447129809817 19.6968140828115 -4.430684657959413
21.06697514305516 21.912202688971927 -4.543080131458007
22.61908246813833 23.960983529006974 -4.656806790412876
23.796192021953534 26.722566869777246 -4.855869191818243
25.12918019533104 29.945243063368558 -4.773735620475291
# level 10
26.373715859248136 29.583432293558975 -6.640589374348091
26.74229410582167 32.281362736366724 -5.775197014766748
26.25186603026085 35.20987185953591 -4.539031090090317
25.671568832718496 38.409834534286844 -4.259937892282251
28.517375784927438 43.13975486538282 -5.6071263237785995
19.29486576811424 52.480016816369925 -5.140912972676196
16.982901757600015 48.15749181177029 -5.1268549233726155
12.754132564963971 46.92048947861641 -3.411583981868838
10.455944496294617 46.00476755442598 -2.500130865165819
8.07221677094303 44.27475716901729 -4.025943028591516
6.225265063614795 42.13322577135643 -4.997900396987675
4.540792158243329 39.553399016963326 -5.368647595674178
3.048822840266688 36.61377681868436 -5.182718321215858
0.5114693371575286 32.98377705960071 -4.767097348338585
-1.6520545293774496 31.072809648281893 -5.458940119070269
-2.7644083428919255 28.26254331135338 -5.713667347103929
-2.812554192182139 23.99415467812452 -5.799473912147954
-2.0636095574271858 20.3601849384503 -6.165629003730608
-0.2519844832527106 17.959608803672285 -5.69477315172876
1.5408627551839233 16.532544826299535 -5.546977290656926
4.380982678516694 15.934791704761082 -4.731661744750453
7.45561572558146 15.482439085678282 -4.399567270249218
10.144197909194382 15.153955673635616 -4.77622578532208
12.163764521745184 15.519287449522714 -5.118297573232987
14.312911456318151 16.09191805578212 -5.438958188786836
16.87843564652834 16.933872185516535 -5.8899556703601235
19.75509266374735 18.4355190443696 -6.789836712176019
21.79901059610805 21.057475590452352 -6.26363118784354
24.030306160533843 23.14567768464273 -7.401620280655688
24.882287086550264 26.311855918642152 -6.594842524496036
26.373715859248136 29.583432293558975 -6.640589374348091
# level 11
27.23104295208229 28.874069737749483 -7.967465547813897
27.956306682785293 32.67052854268038 -7.667667835341225
27.44582197454154 35.826603216316705 -6.443928354685832
26.348712792222898 39.93178908793119 -6.110476293337278
25.56601080035191 44.27167650595804 -7.845657716447245
20.567555834963272 48.99217306926629 -7.390184163208458
16.768604853163797 48.24955080420978 -7.152347413769948
12.760820949444826 47.109905228683246 -5.4319754948695005
10.231209683323874 46.193413505592986 -4.202764114794576
7.582025021127639 44.166903512410954 -5.384327152311221
5.636915134488323 41.93247949694356 -6.224847574133674
3.7812942689202496 40.08090568542542 -6.382056701288615
1.960154056083744 37.68416033211808 -6.243108609882358
-0.694680972959262 33.543307098963794 -5.982607915436313
-2.6823837711502168 31.456750891038677 -6.5097639475163165
-3.935131146433111 28.707798051792338 -6.979668524732997
-3.8662831488280154 23.712007114075906 -6.880903777601974
-3.657278277327382 19.62769680475109 -7.764228115594291
-2.5923063122977066 17.013260855584488 -7.744527773123791
-0.09263656565858361 15.400111715300955 -7.488164801998688
3.891730578519089 14.988256033377601 -6.050168288307098
7.161655821846349 14.459018432540887 -5.66884679175483
9.882947155904409 14.28143720795217 -5.929366017266646
12.602940047600198 14.412499864752641 -6.631665384220147
14.650866209542171 15.121472442812092 -6.964299354620444
17.14478756891965 16.111171564329997 -7.4693498713266555
20.31915846244553 17.821000577751803 -8.46879287086023
22.634262837209572 20.25370623194999 -8.462629264631751
25.31333156348046 22.809465734233207 -9.41207048747086
26.173281368863066 25.94131473166461 -8.10535941937486
27.23104295208229 28.874069737749483 -7.967465547813897
# level 12
27.776979922883516 28.975083179395632 -9.258589241098605
28.630681746199286 33.11836477202875 -8.94594311106312
28.364417882350565 36.648395476512306 -7.987018345385724
27.192028433200363 40.70091462875421 -7.879858824856543
25.145756919464798 44.525396477403376 -9.313690961486067
19.970087484423498 47.83680224523209 -9.407969536098236
16.571692502298397 47.924387001934235 -8.991102714145743
12.93754518306072 46.92713937543754 -6.950102382154981
10.059429328317954 45.887728485680405 -5.856841108336637
7.1878033556209555 43.77141242206623 -6.621270992724829
5.082202611729906 41.77784207535005 -7.0317767542389324
3.4282334472244993 40.18988321065666 -7.020328289428916
1.5865172367929732 38.00758038389535 -6.837536204896369
-1.9299970461251563 34.03116501308985 -7.234225234633763
-3.929478066455942 31.507613959259277 -7.9736293830757345
-5.0487015372006585 28.209689340684584 -8.327244362008265
-5.128469865994765 23.32610840841494 -8.56384136538024
-5.004944063210283 19.21605311137739 -9.088526497397815
-4.551143330227386 15.984483372048821 -9.459201048033178
-1.5897427009112035 14.525078972025428 -8.989030576115306
2.6113013181990463 13.981143123227223 -7.9062856441929
6.546951737100368 13.73614652559326 -6.834358714049848
9.74104980973316 13.416657979001894 -7.135811430999938
13.092972097996958 13.422102220600085 -8.307370325143832
15.234140685169383 14.279498485136632 -8.708823706449333
17.28271830873785 15.327278918607986 -9.048684675291096
20.648344880151747 16.983935007123797 -10.289806856878613
23.502394335414305 19.732423361402432 -10.646644978604035
26.472579488923753 23.0836949256523 -10.50682394298982
28.063367586292888 25.893039269335727 -9.59433404448672
27.776979922883516 28.975083179395632 -9.258589241098605
# level 13
28.418621482830012 29.26892069647458 -10.547995262996759
28.86222913769171 33.52961689809109 -9.825414821398741
28.67850151382399 37.09240261170649 -9.10988446561163
27.792981276559328 41.219010710641435 -9.597707382478218
25.555572275672755 44.79583820222794 -11.064463052887113
20.462371712691436 47.301306312416514 -11.406287422753177
16.596541729641725 47.27189876307464 -10.284977510300074
13.119126987630153 46.65521194329862 -8.59149997253096
10.015722024203786 45.4692405187677 -7.407151734855559
6.880287661435405 43.20461707660856 -7.528801631878709
5.043975844070088 41.810850868541486 -7.673730032801098
3.2103378279392563 40.22300029119998 -7.913216522149117
0.8268571853289279 37.85268744980425 -8.032986813213917
-2.999902990525507 34.12031635061415 -8.939233482878864
-5.267647351084937 31.420642548022734 -9.61698967306142
-6.3734058218016685 27.409696602456233 -10.321107131509146
-6.761383678004162 23.67296931095482 -10.630406852002194
-6.52731340750575 19.12397153781712 -10.451294407308627
-6.21829035289092 14.769676843859116 -11.04476292920053
-3.61188717427028 13.433397473011757 -10.79123600166835
0.95269277076027 13.078656269860675 -9.900095216647378
5.864473721566599 12.953792162871558 -8.316439183334769
9.820843415686815 12.498333166403853 -8.842760149661999
13.64370047470253 12.538078769678698 -10.319402824294984
15.802413962154741 13.443903589640845 -10.4552030133054
17.82745894774465 14.924260699322568 -10.869161239764297
20.936976116208175 16.748453215684894 -11.938966692465701
23.8979981183358 19.470978784605023 -12.241541199032037
26.741342170499653 23.13321564588507 -11.584376198791709
28.39334881391096 26.034154398002094 -10.807825795697006
28.418621482830012 29.26892069647458 -10.547995262996759
# level 14
28.4569771293039 30.308713804765183 -11.413370868377022
28.960448883488336 33.94495701206033 -10.546082129509085
28.82625424007573 37.481088082965044 -10.858619765126331
27.84279702396119 41.36158679026801 -11.093673974938751
25.410269359395134 44.8647775380229 -12.4135576143045
21.2428192858907 46.96020470698911 -13.306739111204973
16.869666569042415 46.72388771190312 -12.294266906138889
13.836695300491723 45.86769951154305 -11.241620013900194
9.903418050123717 44.71044786683765 -8.78002177583599
6.537995674815804 42.665482050209306 -8.28380685883069
5.10778132887802 41.782701798361444 -8.27622174752151
3.068296728108356 40.116301142606595 -8.740814023941375
0.008958184192157659 37.46027509861901 -9.47741146978193
-4.122541076542965 34.12044315800605 -10.910147034246085
-6.103276965987568 31.88330065888541 -11.749642755236684
-7.34371547511881 27.433105836250938 -12.412858724676619
-8.123893762709669 23.57357039208086 -12.694986655580855
-9.591593994643342 18.350713099959258 -13.075259072524679
-9.606262929178211 12.850443406795357 -13.644464564070063
-5.571827875559435 11.698506460231119 -12.853907222642967
0.19638610894450015 12.126667569672517 -11.754769611592337
5.096909730690097 12.055070008942964 -10.412333398023808
9.98416063624274 11.636233513700162 -10.760705467289144
13.942173769342718 11.853041022281092 -11.900120684904747
16.25256599623638 13.040204303151556 -11.970555422710742
18.858183539013467 14.808457206550358 -12.87268676881881
21.187027208742165 16.581430934050235 -13.666794579445396
24.05847733742598 19.416441836283745 -13.352439159056612
26.7872150662699 23.124838852881467 -12.675809640383129
28.377416737791577 26.263287144943355 -12.20707004010616
28.4569771293039 30.308713804765183 -11.413370868377022
# level 15
28.10851360093786 30.806839600746187 -12.421110206690056
28.578636409311997 34.57357523550863 -12.016093314231327
28.591006103195927 38.02576055609105 -12.413918085873076
27.857779476947147 41.08255147565612 -12.65604510053854
25.22879144493617 44.43993027328118 -13.832736477163543
20.95067633067421 46.65607391156093 -14.314117786521399
17.336210953220604 46.14683837694149 -14.140677156883164
14.135273861492099 45.116915338796716 -12.973656778220636
9.867109502484201 43.87010298876703 -10.366735860501809
6.315792865040416 42.182628374970584 -9.189710088351367
5.031258358885443 41.11792586204463 -10.215995200403416
3.039342824076543 39.52727527729772 -11.107692462091872
-0.9932705375867861 36.73044699178375 -11.808934987341736
-4.995096175885191 33.89705931604871 -12.840832978299902
-6.6598771999319375 32.29582501063081 -13.754693205252337
-7.952552344879208 27.660790282413465 -14.551098305912433
-8.736430554463729 23.73580326832502 -14.07109321002314
-13.3498856928717 17.639891365451177 -16.276816849337795
-15.477123491592492 9.098799442817274 -18.414214898272498
-7.734407396349807 8.841788026844357 -15.81530264750544
0.22044084953662169 11.378846883084432 -13.383652194579684
5.594030097288013 11.38772134544437 -12.30143635625245
10.39354248896866 11.14200730692283 -12.815313700708064
13.777270699734855 11.461269684064302 -13.122596880644373
16.346468063074422 12.69699827939311 -13.141028516180723
19.701500104213796 14.837353208110162 -14.838745424575789
21.65359016940217 16.676866102850262 -15.649661903679664
24.142862475655438 19.26814532070236 -14.794561279108231
26.2982397599243 22.783336559942672 -14.339655912656562
27.532817545423477 26.06211960176211 -14.069235346196319
28.10851360093786 30.806839600746187 -12.421110206690056
# level 16
27.30250716311446 30.548377262155146 -13.935360792114363
28.200247734988558 34.94517606138574 -13.468978688971964
28.919600496418564 38.40150529144253 -14.472105716779124
27.87664712033154 41.33486431922908 -15.008957004557702
24.29579624241926 44.410985718261635 -15.092630250473205
21.05078055612831 45.82316661002365 -15.630949019877427
18.014730253552234 45.49298978414423 -15.93643787239979
14.690768504785067 44.36878486205376 -14.922500681727055
10.550701798802383 42.817985144523554 -13.065493222122818
6.557166304148101 41.443100147673825 -11.534490370934696
4.937730492125699 40.33191004415902 -12.49621437583337
2.8014262294400014 38.83993246525264 -13.4021312435829
-1.9848232247931479 36.07733178652175 -14.207141130766349
-5.1433048580770215 34.08426210442103 -14.484268185673315
-6.843839976628201 32.21147562981911 -15.213370886627095
-8.235935340911196 27.361489875089894 -16.30132383026511
-9.294334928745638 24.266287293120456 -16.328308546069515
-17.986356196503547 16.198170274743838 -21.34920590825803
-23.82887972081426 3.0329671577588626 -24.978501408352255
-7.427543806030694 7.072485350682165 -18.184067176441594
0.7124940589158486 11.118385987396564 -14.863995570053028
6.029162809815702 11.072333019934728 -14.204378416840541
10.68266244528914 10.695119346983223 -14.803455902071375
13.468109193287464 11.250771917804148 -14.922663282477709
16.976361177987947 12.894914911721814 -15.051731684672395
20.255459129886326 15.090277749906392 -16.630717884243722
22.17774394364663 16.994491892325787 -17.340635536030106
24.099668666614235 19.535944754013492 -16.767819043338907
25.902451041928373 22.597310112084628 -16.29458277160112
26.81324288614941 25.8981515362004 -15.836404472696717
27.30250716311446 30.548377262155146 -13.935360792114363
# level 17
26.00113296812598 30.460976648339443 -15.82150132516336
28.15061227579476 34.75750690003777 -15.037357857570674
29.247993994075717 37.810721263697516 -17.533538210224144
27.996090946845584 41.24110940644118 -17.606463127578948
23.756082893839892 44.11734770967482 -16.767353444726517
20.798295844480823 44.68677699887545 -16.956730161116695
17.809049108874632 44.658434180331355 -17.115077958930744
15.627311691214071 43.47231117454378 -17.457322917666858
11.293553215387636 41.79628882330471 -15.845153746327966
6.838668582441537 40.66568430569984 -14.03359433553359
5.011763881020089 39.496828013959075 -15.013640270754081
2.389642632097819 38.01964107325349 -15.452971766996509
-2.733487650819398 35.440199647982595 -16.52999383603044
-5.096461574415529 34.06538854670458 -16.094994879354275
-6.8164706326964755 31.916814289019253 -16.667180883538208
-8.069279913732407 27.86007383374659 -17.65857588050844
-9.205218378041403 24.85279449881051 -18.45078298584725
-17.58186339829375 17.932733891256454 -24.926640173070567
-29.93401757125956 -6.484709361796901 -23.657737362621905
-6.638701655734185 5.941974921038773 -22.28261817375422
1.0717846242435307 11.277309071037408 -17.293968589262448
6.343232688985811 11.10670443093322 -16.279736099979523
10.221057692242226 10.709835535974639 -16.316318372885945
13.57189215951377 11.365528357028351 -16.978392641797964
17.473555816152366 13.162428261690165 -17.208453436116706
20.813265745686437 15.53780728453366 -18.184523051414853
22.707829035563602 17.629075071181724 -18.643274406467757
23.94789245975626 19.85507892546 -18.286168369400933
25.532764028874453 22.551424767398096 -17.996543126212146
26.203169538766524 25.741319257410076 -17.689459165984772
26.00113296812598 30.460976648339443 -15.82150132516336
# level 18
25.330096997918574 30.136273737721865 -17.41703299653946
28.759699862272466 34.11039429032399 -17.474860426253766
29.43778315064424 36.29635855884557 -20.939425771294324
27.547246875896825 40.15289277367624 -20.75695976380851
24.122643653239273 42.9763129330914 -18.953062151419886
20.548288182031193 43.93076566126978 -17.78416293272801
17.846608837868626 43.98308255013513 -18.022271893799427
15.735625689065342 42.83566059603275 -18.351801096679704
12.41931342134001 41.632206368843256 -17.52959065985328
7.559357395454486 40.012051751308626 -16.76903551169669
5.104505784506262 38.61936634728709 -17.624727392410172
2.122895306507942 37.21934734782671 -17.573601877128795
-2.2231938138541643 35.24795575181245 -17.917060914122604
-4.893808138610643 33.89252486805065 -17.60588210952254
-6.7088281749050624 31.743998125315223 -18.209421748783914
-7.650167620220736 28.527090941192213 -18.804993191208865
-8.531492318570624 25.37445273446054 -20.32948006338887
-13.58064040534538 19.988172251286326 -26.439340292575352
-20.953822702943754 2.885889481608101 -42.72431357889103
-4.825917910958242 8.171741486441991 -24.05299541099285
1.596156417127847 12.662870102673947 -19.64723027063534
6.3781775437994455 11.52989463691329 -19.269782429735063
10.159354777064424 10.981075403945836 -18.50000106654549
13.64978032966147 11.648804180993897 -18.866856214857293
17.271368939063564 13.13836585146168 -19.344667007660185
20.732895316754835 15.718139494760276 -20.11619139048598
23.053605645957717 18.22006480458761 -20.08546583932387
23.848233359054817 20.20080515444799 -19.64501305558385
25.1896458701349 22.794255410193262 -18.917487234267583
25.665235966354402 25.716550657797654 -18.806820012435026
25.330096997918574 30.136273737721865 -17.41703299653946
# level 19
25.080789027210486 29.901440340505935 -19.027006491530095
28.745932515146077 31.9919923684833 -20.460555558271906
29.62125012785635 35.092259714525355 -24.267799764533002
27.154865950986448 38.72548001462233 -23.481510920058483
23.96049188657035 41.6408972348423 -20.862069575804753
20.3168594986128 43.33770019437925 -18.41993539892698
17.998413197171423 43.157642053406484 -18.815772586626004
15.704055939856211 42.3872488708123 -18.972138014456796
12.90016906465135 41.27768876726211 -19.056994020458735
8.455442220511582 39.476219223071524 -19.374207687104427
5.915306506501696 38.17749293226259 -19.860302310763732
2.654805116249692 36.721667478051494 -19.69106484291394
-1.5773644121991026 34.97424794416432 -19.57455533728651
-4.530282394575959 33.58984624708661 -19.08462345871834
-5.977396885490112 31.4459220130529 -19.911627289964507
-6.784350926307509 28.501415510387375 -20.851626565378766
-7.35832423040701 25.608222796959485 -21.933318535153752
-8.51519498068464 21.544742879592597 -26.29825479176635
-9.528323366213293 14.000688698359983 -31.607564249469746
-2.5460150361333342 13.00607907498943 -24.176699041240383
1.496972799829006 13.874332826728994 -22.479268049885107
6.908116517705515 12.298689646537374 -21.983312616130082
10.77645494947453 11.704331624183915 -21.856937044204805
13.57148767604607 12.214810629301596 -22.148986545057543
16.549122260908803 13.355329061926973 -22.32514611646348
20.58763460364228 15.857475743617304 -22.105147206083323
22.615212212573645 18.377682671343276 -22.043656199235244
23.8301734718751 20.63238834838876 -21.074687842277935
24.696748676482244 23.045572000583572 -20.05427191060809
24.86562625389177 25.768555352802423 -20.126087740851595
25.080789027210486 29.901440340505935 -19.027006491530095
# level 20
25.281960326653984 29.05073605956924 -21.59076287783508
30.188747316806428 25.835012163692067 -28.458783640954557
30.603394053180022 31.851091708517153 -29.784516750170475
26.864264275338456 36.957837607676495 -26.405570649060607
23.695036324355485 40.20803186122976 -22.756259806466065
19.866333939423228 41.85410869384188 -19.59941451789892
17.72618755446129 41.84379311496313 -19.80331039569149
15.33075628650238 41.70550556200794 -20.060199665591878
12.763359577559456 40.7903222831281 -20.068336773278926
9.260989039122293 39.325574045492445 -20.54222201397392
6.802997261979897 37.80692446372989 -21.95864359182662
3.1381871992061283 36.201940362018206 -21.816936050218587
-0.8289544138895714 34.59547045835652 -21.46671326998517
-3.9127003629035064 33.275770477188075 -20.506768114638163
-5.139611678275067 31.12371379864495 -21.62794324706681
-5.1956979846833935 28.904407146195265 -22.86322983524792
-6.097627304892475 26.01110914248734 -22.98850363290141
-5.368204728333877 23.25335601912812 -24.98996602275735
-5.704020033182506 17.01247545684402 -28.487407154364256
-2.11765912413004 16.63116451694639 -25.12393742659745
1.4985862028891808 13.52030580956014 -24.696947721469293
6.781676598096463 12.143001149850548 -24.142155214866683
10.37847005507767 11.736450611979244 -24.303089946008757
13.286032412715784 12.615682737961 -25.07294240015691
16.581473274247287 14.345564189943403 -25.81701049601398
20.347436195769475 16.43054237280635 -23.82331201539135
22.18192884724798 18.72118851457099 -23.582384659220093
23.66083698405746 21.13269285625132 -22.279205406102868
24.040245261706495 23.354832911699077 -21.474648837730143
23.58781134648237 26.150185497956105 -21.969862644450053
25.281960326653984 29.05073605956924 -21.59076287783508
# level 21
24.81795084789787 26.532444151215937 -24.991285064066894
30.503610527132114 21.401617417133348 -31.47101304685092
30.5666512034868 29.83034579552048 -36.682684614818626
25.17403724585341 35.59777779252428 -28.824994888109217
22.555914942719355 39.284002381761596 -23.432477443087215
19.184801620574067 40.08738758633741 -20.80463930512419
16.759701731864627 40.898884774913 -21.030590112062256
14.8303785916267 40.6658981275097 -21.449145935519862
12.445413526599797 39.99616092447182 -21.45405880266443
9.861063748196075 39.048209146630136 -21.76904975455622
6.953916501516799 37.19242196370641 -23.849484191141176
3.4877173369375805 35.625691707118754 -24.107573360709548
0.2196464974310705 34.11370399199157 -23.531600503188514
-2.7148131267533513 32.74881043574423 -22.785102812768578
-3.4708567365349263 30.933972929101987 -23.739767303666145
-3.406673814307619 29.175551390558667 -24.807252212855218
-4.322788211949074 26.42256910040755 -24.36089386197025
-3.806744162269763 23.356185092270987 -25.346317422182977
-3.5633019280095457 18.637533373612914 -27.213473115626236
-1.7270294589296276 16.042854953949355 -27.756392373243344
1.4448285553062545 11.964466783064228 -27.166458552095552
6.619885940811371 10.440868413444784 -27.330527509661394
10.278588564161847 11.12272906403761 -27.23328192277845
12.906751336938916 12.33660220025983 -28.403383806701477
15.971422235122153 14.712614812367008 -27.952767961198703
19.703845781278304 17.041248101053203 -25.90458108570882
21.728675210926514 19.07181694301896 -24.660708253325016
23.326344769506644 21.445430735498775 -23.25360796964796
23.22652449311666 23.974864481630682 -23.184028186432407
23.076357931329 26.95960574299529 -23.055689600806513
24.81795084789787 26.532444151215937 -24.991285064066894
# level 22
23.557690087291412 25.93583186507412 -26.99396019195433
24.167063089552535 22.27003451062579 -34.00552590400508
24.702331972842508 28.815341363019787 -36.74880360449609
22.809387069454793 36.167098469349504 -27.268355784578592
21.08154160421481 38.069427756751764 -23.21985618940419
17.853861147601847 39.464945571207195 -21.577879951757655
15.814726171826102 39.996270436140776 -22.20572305864608
14.23393666239079 39.621245325011905 -22.695791796902455
12.043426261119219 39.038426765433435 -23.081837146173616
9.593424314900673 38.0714379740335 -23.858629468132758
6.774364995501623 36.45458937263393 -25.777618516000892
3.914023511632329 35.10066888117632 -26.298586417404234
1.1089176653358308 33.82977144025109 -25.47800160234388
-0.7347131371957236 32.41729392767052 -25.384615867415413
-1.5483145163458198 30.848753130593277 -25.908783872183633
-1.5730251139877802 29.301968926326328 -26.819343008717258
-2.5729946975294373 26.968260893197645 -26.106420770720167
-1.9816408830618915 22.081741842508375 -26.82727465674911
-2.2098309521270076 19.0113794471176 -28.598985851754946
-3.7394630102714084 14.851215091618448 -30.310756340570503
-1.8310229271318827 7.457063475973333 -31.864832076768405
3.403656583010366 6.553880789554565 -32.49461629077307
8.721747178489988 9.286414160712868 -31.144091397212154
12.768843989243177 12.686030659375412 -30.923821821707925
15.388639702856796 14.980276389527015 -29.80760637677455
18.97035328295957 17.714178155680983 -27.536540211257602
21.469411071982 19.651287278371946 -25.321837153459718
22.673864242657846 21.749547585760233 -24.209913459240553
22.48811766270275 24.339016053305002 -24.521478564026705
22.63146661402959 25.999330559457416 -24.88684411535414
23.557690087291412 25.93583186507412 -26.99396019195433
# level 23
22.182388769156216 26.38087105758381 -27.59387238714529
21.946760694283515 27.396650423767785 -30.133945496355793
21.93646442065649 31.35182809462397 -30.551377057317797
21.08855635808856 35.20817092091004 -25.741294549534025
19.350757026664887 36.430357158389405 -23.136259287933676
17.373923062094214 38.19152664870532 -22.62706704932209
15.377165161592774 38.89056696745466 -23.534412915359066
13.63845877525134 38.46620212014113 -24.337087201958333
11.650666473220866 38.04644040983929 -24.74949952061128
9.263086828930955 37.12398065442718 -25.82632414477784
6.6791848780057315 35.68414769645411 -27.59967658004742
4.253988134103979 34.59146180036339 -27.74919756477783
2.507393435800631 33.60769065218797 -27.654022974417693
1.4046689266320211 32.44498016080669 -27.998989886312586
0.598369755885792 30.853826340020117 -28.47516498468141
-0.006481803044452006 28.742041470912014 -28.83234182043943
-0.7876937649191618 26.974934684062042 -28.428472917350973
-0.634751299257285 24.14391515092731 -29.15154458874134
-2.614555038372749 20.516081196464857 -31.65799407998241
-7.262639758124649 13.008199876816883 -34.87101619033836
-11.444481942636836 -1.0790574681403522 -40.330960053777446
-1.062689532295745 0.44909258695763454 -40.51407722895175
6.908124314205898 7.311346763249982 -36.88239124317518
12.173440705768753 12.777838521265384 -33.54234037292054
15.073694843680554 15.644058551719583 -31.05428498367569
18.792760460237346 18.35184590124983 -28.257322358981114
20.79136679507625 20.27150335363507 -26.442250471832224
21.595285336821128 22.274330764209633 -25.37042990406947
21.27315479183185 24.680672241527922 -25.725200537451265
21.605356666258974 25.93751772392045 -26.21856212773126
22.182388769156216 26.38087105758381 -27.59387238714529
# level 24
20.55598415257446 27.157661472046826 -27.530371628406854
20.492417538225762 28.780776604622005 -27.98601646978237
19.81599011243381 31.206087246141244 -27.01683120656779
18.946106786412983 33.904360785571804 -25.075891448826884
17.60918141936903 36.16103033825136 -24.057430642980982
16.299241198887714 37.740305339668744 -24.25744504234343
14.574745550875345 37.57444779443783 -25.42953644161384
12.820966000842622 37.19368013168738 -26.365576183578135
11.088263808944845 36.867142709385476 -26.928612746244895
8.973508528817263 36.04577531455056 -28.023266122627952
6.7080128475271215 34.95064516848308 -29.164144345767827
4.913373317373503 34.13238260227338 -29.184179996531586
3.427087915192665 33.288017490551226 -29.089356772202667
2.577740009298553 32.0722895101204 -29.588493110765956
1.7793116556568178 30.562167142554806 -30.02970667676619
1.3668664204129324 28.224989650170752 -30.60553234396515
0.9646305958306777 26.130990898298066 -31.095592288282862
0.4968424667397887 24.76379076611298 -31.635262423035126
-2.4838568350341172 20.81278396989932 -34.788600297635654
-12.69366154039254 10.236467874192332 -44.24082813755194
-17.784212682180623 -6.963041601667635 -51.28922170112972
0.019413790324785088 -1.3045680016314753 -49.564508939700715
4.3463537326168025 6.480572436938991 -43.220131934241856
11.04488830252188 13.058866277776456 -35.987101913594884
14.54141089607668 16.285381052275905 -32.325571720550265
17.003409961335578 18.32347418902481 -30.28924487765929
19.63415998570754 20.793501275370083 -28.03448742121322
20.12914275999271 22.867951225953853 -27.051702385431085
20.25451974983462 24.750785528573026 -26.899719652194733
20.604343183507734 25.906055797902344 -27.234465590719065
20.55598415257446 27.157661472046826 -27.530371628406854
# level 25
19.538546599934662 27.311482093774657 -28.25894811222171
19.44274265426638 28.61416712018403 -27.917263849643987
18.914488937534134 30.42450548102093 -27.37502026852801
17.479389085670785 32.95291230720803 -27.314149289221426
16.24742906726733 34.908870103828036 -27.050456169918434
15.112167902818967 36.04010833619303 -26.896291875307973
13.623984416258724 36.15801911918191 -27.619987138137265
11.912968442489753 35.807447967583066 -28.650552249250314
10.374474303457601 35.47008014956658 -29.257703907821274
8.822195081057352 35.06271145018565 -29.64815712252083
6.990832567035495 34.38118277352414 -30.130553606233864
5.522928058685592 33.69391031793012 -30.24278722041204
4.298490836050195 32.8267554084235 -30.42162727381758
3.3024397821258393 31.511597373767753 -30.642121288044734
2.5194413977467454 29.984278925376213 -31.042354279740763
2.252313901610999 27.941667854239284 -31.514672010110814
2.0368665542163837 26.126282146392143 -32.31961203473958
1.3006103359549428 24.537173543459783 -33.59751401079937
-1.4278206401887215 21.14595992372128 -37.11479381134715
-7.5507608811294915 13.738676195183308 -45.76983127299187
-9.791719375060056 5.029380210311479 -55.64649489573446
-1.3537010694776561 4.508787665161016 -51.44217712066699
3.9376877668970747 9.263013860882403 -44.79296167912581
10.077451701691015 14.427830315852965 -37.66516881431866
13.715845018026375 17.064818765296586 -33.626603514411656
15.747738189162938 18.91727885553953 -31.699653923485208
18.290669147232904 21.53403804043767 -29.451623158411778
18.72433027313906 23.315550836023583 -28.638225185986855
19.215230168185077 24.984476559332407 -28.015984844359885
19.569938298102883 26.24316558440139 -28.000399334103662
19.538546599934662 27.311482093774657 -28.25894811222171
# level 26
18.36795779022747 27.648263474927603 -28.998810160884485
18.16577884253746 28.729220220545315 -28.882501834921325
17.566070327706736 30.027684588064012 -29.002364479943246
16.475443475221144 31.72449888738801 -29.242338658962154
15.339863955047829 33.265587234973324 -29.23534149790169
14.198183048184013 34.38970702968755 -29.300686190846555
13.219679044850768 34.733787406799394 -29.40151342238221
11.836072409068256 34.59966293510095 -29.996729511480435
10.153538890216625 34.349301180951855 -30.542638701616994
8.76995990406983 33.99183427163499 -30.9720705113502
7.432194584164305 33.47190797694396 -31.224211050785218
6.293746204920563 32.81091154670996 -31.485248538632913
5.35078735747611 32.04627055632685 -31.591611025919114
4.56946661113086 31.075500592054873 -31.8141827330535
3.8861403498418903 29.54817364095989 -32.063600680459274
3.378964044681224 27.740763484014614 -32.42159600255143
3.1158377278021856 26.291255965839632 -33.09704350858986
3.0441778064188574 25.199575664651768 -34.05124286022473
1.8182374513088706 23.182339538293334 -36.22658832993382
-0.18295096635288072 19.468940386766864 -40.67057862528639
-1.7421772661578836 14.306585809130967 -46.459718471173645
1.7777733456328524 13.17350006128341 -45.71882258739154
5.130157012272799 13.692362924346469 -42.79100352151171
10.253999845030457 16.891656795665053 -37.27365262490977
13.357863675228158 18.854527743872524 -33.993896006061966
15.183557893610926 20.336675632166852 -32.173161450938956
16.785586548438168 22.297679714697345 -30.754684636490907
17.527249085043287 23.65453726028424 -30.10239334110431
18.001697533158012 24.9595075056323 -29.58049049657249
18.440536037712782 26.281893018399604 -29.16194151055831
18.36795779022747 27.648263474927603 -28.998810160884485
# level 27
17.05682999246308 27.67121791289393 -30.17440232584977
16.576500892382242 28.787226237299492 -30.354622704458404
16.062077585452645 29.859156406153655 -30.40916096777578
15.40531078819514 30.930190506978573 -30.466150237428913
14.590780710387037 32.00262398855131 -30.53252827452484
13.761974375491096 32.75220319291952 -30.579440099964557
12.784195103810159 33.17626840030457 -30.77015459546669
11.537164562089451 33.42515752575477 -31.077109540199018
10.262147173779033 33.2378944618815 -31.492157278993915
9.051810371403192 32.824262029256786 -31.862913094932452
8.031424286299453 32.32907413849991 -32.10406350742353
7.162593529918118 31.775695670504525 -32.34834153427974
6.445499402341875 31.1981008450272 -32.47338612507589
5.887357620558657 30.315850730259037 -32.67244668886558
5.466664152589718 29.032844396042922 -32.894113325982445
5.1484573823004744 27.635434655877013 -33.11049744803819
5.067079951187237 26.761968832214947 -33.46480459034083
5.170309101493609 25.914194920363197 -34.08263054761523
5.33567547946817 24.70943825270522 -35.110741172487174
4.462963528604575 22.549822521074052 -37.184570010026285
5.817751010965405 20.806611337909864 -38.533811827913986
6.761315332710951 19.141251680982958 -39.27430708379418
8.362241849086011 18.774760135976948 -38.308664520110035
10.999685744474759 20.054237415431583 -35.748187468003074
12.765402877142847 21.064079144414436 -34.10308332871409
14.46622869868226 22.261243291618086 -32.51853154713828
15.553556946451051 23.201982009545553 -31.720968767297283
16.447308675914137 24.334869415190887 -31.018372893457833
17.131368435182214 25.48401098495644 -30.450916008754618
17.390151199844514 26.543874924945445 -30.127618525257514
17.05682999246308 27.67121791289393 -30.17440232584977
# level 28
15.517320769726698 28.03871287015557 -31.209838309619812
15.077975349511908 28.94361477047469 -31.313329740993193
14.659559308093055 29.73201814458999 -31.37731461756225
14.238913434350723 30.413246757693194 -31.427163808594635
13.578521151506486 30.921121253666325 -31.552217956187494
12.819791447658524 31.346766929871833 -31.68657781067548
12.032192606596723 31.71184212910895 -31.82988911742555
11.183151195642065 31.940188016879578 -32.04175603375004
10.351696033899195 31.90234030499003 -32.23915642028211
9.551916060864095 31.633706587847545 -32.43772746272705
8.797328341387523 31.226799432699906 -32.676378292848256
8.122790890641115 30.697864455966837 -32.94399273442348
7.645268341536081 29.98553179638803 -33.09008720178585
7.29158705003482 29.22500343079679 -33.22625925084996
7.1073480635360005 28.349586395381408 -33.38548041451247
7.072934284406191 27.4331639903471 -33.575100033321974
7.0054100299398545 26.71624032362131 -33.89174782061504
7.1188858506601855 25.9914827586361 -34.203775313725515
7.409929357241413 25.29222285926016 -34.494104843235434
7.8503955718470255 24.460631027845103 -35.02757473062563
8.554217526400517 23.870150638136536 -35.320081691905806
9.495661621464855 23.577748523398082 -35.31575087815236
10.429651785951046 23.373721066149862 -34.928580195292724
11.203160738432887 23.237917147685664 -34.5741664046176
12.15618803325636 23.42651610615184 -33.97685759416112
13.359408814139304 24.06575269132609 -33.00546906392724
14.27060984357433 24.633023802640984 -32.41411229684733
15.052049954591915 25.329016487450826 -31.887529008249277
15.729692042681291 26.034025862134108 -31.389289048885033
15.794728067197884 27.11774266522888 -31.19948753293121
15.517320769726698 28.03871287015557 -31.209838309619812
# level 29
13.522462251315554 27.7583904325381 -32.28472688425018
13.285606002841812 28.376787050458443 -32.264489305842986
12.963658613991344 28.95543703985117 -32.281493531696825
12.570652905167835 29.4690251493905 -32.33501427648022
12.171242300235413 29.789244365772156 -32.41132317207836
11.753536059121128 29.974705831967388 -32.51245177290909
11.308034083703335 30.113501202323103 -32.63331718814163
10.889418255950508 30.214619182125336 -32.73024500110455
10.482171861108823 30.154982023112364 -32.805565068391154
10.099453225634623 29.985981187089145 -32.90083360277781
9.788811640820887 29.63367365573342 -33.00860005561094
9.527661497235572 29.19736068010655 -33.12968376111596
9.327425844357537 28.696079857338148 -33.25879865044333
9.19683199719065 28.15178855834404 -33.39029352354249
9.141634316179951 27.588239077376567 -33.518424535229094
9.188626218792848 27.068814358768183 -33.61159204591332
9.219276666451115 26.77763868914557 -33.6837166973004
9.346063305671429 26.52473321546902 -33.727557881247144
9.578021632204337 26.307999880152856 -33.737275106338174
9.904950755866153 26.136876966984143 -33.71246770410741
10.311445786115243 25.97192494693704 -33.70319575142386
10.781500730962192 25.820561487127268 -33.707304341433684
11.208364067224387 25.710095984406436 -33.60177261608329
11.623972191724253 25.665679793651815 -33.4231933565705
12.079988374669059 25.68735348328891 -33.24345102992517
12.544233337791276 25.785184400208962 -33.05277464386465
12.981384946612629 25.96030234800978 -32.848419250962515
13.372337438489142 26.20507878864698 -32.639308751759586
13.70180340198151 26.5138865996144 -32.42851567380698
13.663870456623851 27.127278292904474 -32.34132291709779
13.522462251315554 27.7583904325381 -32.28472688425018
# level 30
11.143618005331554 27.960400576774155 -33.09670242456488
11.143618005331554 27.960400576774155 -33.09670242456488
11.143618005331554 27.960400576774155 -33.09670242456488
11.143618005331554 27.960400576774155 -33.09670242456488
11.143618005331554 27.960400576774155 -33.09670242456488
11.143618005331554 27.960400576774155 -33.09670242456488
11.143618005331554 27.960400576774155 -33.09670242456488
11.143618005331554 27.960400576774155 -33.09670242456488
11.143618005331554 27.960400576774155 -33.09670242456488
11.143618005331554 27.960400576774155 -33.09670242456488
11.143618005331554 27.960400576774155 -33.09670242456488
11.143618005331554 27.960400576774155 -33.09670242456488
11.143618005331554 27.960400576774155 -33.09670242456488
11.143618005331554 27.960400576774155 -33.09670242456488
11.143618005331554 27.960400576774155 -33.09670242456488
11.143618005331554 27.960400576774155 -33.09670242456488
11.143618005331554 27.960400576774155 -33.09670242456488
11.143618005331554 27.960400576774155 -33.09670242456488
11.143618005331554 27.960400576774155 -33.09670242456488
11.143618005331554 27.960400576774155 -33.09670242456488
11.143618005331554 27.960400576774155 -33.09670242456488
11.143618005331554 27.960400576774155 -33.09670242456488
11.143618005331554 27.960400576774155 -33.09670242456488
11.143618005331554 27.960400576774155 -33.09670242456488
11.143618005331554 27.960400576774155 -33.09670242456488
11.143618005331554 27.960400576774155 -33.09670242456488
11.143618005331554 27.960400576774155 -33.09670242456488
11.143618005331554 27.960400576774155 -33.09670242456488
11.143618005331554 27.960400576774155 -33.09670242456488
11.143618005331554 27.960400576774155 -33.09670242456488
11.143618005331554 27.960400576774155 -33.09670242456488
