# level 0
0.07882507251947335 0.17165961625604526 0.29147778616698006
0.07882507251947335 0.17165961625604526 0.29147778616698006
0.07882507251947335 0.17165961625604526 0.29147778616698006
0.07882507251947335 0.17165961625604526 0.29147778616698006
0.07882507251947335 0.17165961625604526 0.29147778616698006
0.07882507251947335 0.17165961625604526 0.29147778616698006
0.07882507251947335 0.17165961625604526 0.29147778616698006
0.07882507251947335 0.17165961625604526 0.29147778616698006
0.07882507251947335 0.17165961625604526 0.29147778616698006
0.07882507251947335 0.17165961625604526 0.29147778616698006
0.07882507251947335 0.17165961625604526 0.29147778616698006
0.07882507251947335 0.17165961625604526 0.29147778616698006
0.07882507251947335 0.17165961625604526 0.29147778616698006
0.07882507251947335 0.17165961625604526 0.29147778616698006
0.07882507251947335 0.17165961625604526 0.29147778616698006
0.07882507251947335 0.17165961625604526 0.29147778616698006
0.07882507251947335 0.17165961625604526 0.29147778616698006
0.07882507251947335 0.17165961625604526 0.29147778616698006
0.07882507251947335 0.17165961625604526 0.29147778616698006
0.07882507251947335 0.17165961625604526 0.29147778616698006
0.07882507251947335 0.17165961625604526 0.29147778616698006
# level 1
0.13453471790908283 0.2110794427194902 0.2958203688859599
0.14593897810131976 0.20671222868858086 0.299590515853971
0.1928051184845449 0.22642783804116748 0.3625494780218663
0.15187894833877946 0.23492036392573978 0.30818389868159723
0.13365487143618016 0.21769872398921297 0.29778884942835726
0.15923540059296148 0.2332037685407448 0.3124357715886403
0.12109809777534589 0.22760036045492665 0.2914242837242994
0.09696122963633343 0.21583115232577177 0.277830827359918
0.01341766671627267 0.15650811220176813 0.30493746821589834
-0.02587650366689049 0.13289565473665538 0.31467804776064007
-0.0077599424632628896 0.13249065199382337 0.3107130097648297
-0.025533571473282172 0.1324943789339709 0.31465682414464685
-0.07942313909666639 0.0956140433012319 0.3244470321390613
-0.012328086386951417 0.10944027826216395 0.3088563429890199
-0.0020593484612025665 0.1257688876888303 0.3094054055721409
-0.02109957959538716 0.10838537151560113 0.311345160698578
0.01771484479189532 0.12237125023724105 0.3040037494059302
0.037870761933896435 0.13658175358962343 0.3018280241389615
0.10748447159524407 0.19171547779730957 0.28645009820672823
0.1461981975892856 0.2063254330222984 0.2995460436836854
0.13453471790908283 0.2110794427194902 0.2958203688859599
# level 2
0.2232816543666186 0.22678248908517332 0.4153473024090343
0.26733421676984637 0.19540985606203365 0.4788471800406734
0.2305127324028132 0.23390142546459325 0.44226847945619424
0.2031375959315325 0.26550068543734023 0.4187850587341966
0.16084979792119336 0.3005291055313823 0.37549921907000156
0.1661038247387379 0.3017254945499127 0.384606811907576
0.08617506974253063 0.21995684941935403 0.27265654355041363
0.08968573334316078 0.2188674446423695 0.2760825733081559
0.01687879077017901 0.18173561260300913 0.2972418674769629
-0.08274497184689426 0.13895582785366864 0.3200587112587013
-0.13619714347030853 0.06259185506480658 0.33451174721798305
-0.2042903965379199 0.03351392208427964 0.3505766969114368
-0.1572199687122217 0.04426440672389984 0.3388179101353379
-0.11874027008044943 0.050521274191020864 0.32648757677919127
-0.0692650514475653 0.08786926246987932 0.32149361440919866
-0.08279697459779033 0.05224936694074408 0.30666230936110733
-0.011935650397429892 0.10625367222732103 0.3077542892959393
0.048766774888998755 0.1365871965360086 0.2996176740905125
0.1057615369421041 0.17231763326951838 0.28838515950171645
0.2363328185356124 0.19128432182766406 0.3604382705362844
0.2232816543666186 0.22678248908517332 0.4153473024090343
# level 3
0.2528686279610623 0.1991288125879177 0.42735520602745475
0.31142756127049886 0.2329307866517232 0.5004800871446303
0.2685980265378915 0.24373661598628585 0.5039639256262731
0.24604517474672413 0.3008357647745881 0.4863929248966484
0.2293875713448683 0.382946272836035 0.48445871899326687
0.1997140209769514 0.32175686276792104 0.43559212093325883
0.14131083164362296 0.31032000271284865 0.3284942667399492
0.10657094137202348 0.26121408630798915 0.2651113330299214
-0.024820829876905114 0.16716783801784207 0.3087803453634411
-0.1460323011950561 0.09347174067869919 0.3332501968706442
-0.17043964331920441 0.06598729943683579 0.34081419913797006
-0.254620945542073 -0.008441858779712045 0.3674311396120298
-0.2306704534494459 0.00033869357643726797 0.3590986946275125
-0.2119586485074283 -0.0031591475014452136 0.3511888035011046
-0.1726788067793421 -0.011813267200663585 0.3198420646792979
-0.1239097126333058 0.024757775758844202 0.31208994903603865
-0.023749898130449053 0.058220594191359575 0.2793336987060724
0.02898266023761967 0.10415635337699479 0.29682007113290737
0.13649787152346 0.18367572975988516 0.28300804939963947
0.24804073117100908 0.18768524470218506 0.3729132779851148
0.2528686279610623 0.1991288125879177 0.42735520602745475
# level 4
0.3713539215282947 0.18432787731654154 0.5273579414079511
0.43133219806080364 0.3015486372014692 0.4944880151872987
0.42854366032122354 0.33378178123634666 0.5160439370828641
0.3148809671138847 0.4839350141580627 0.5949596383641611
0.24878148517593213 0.5649065366872819 0.6039800247557859
0.2068661280224242 0.5093860611376064 0.5132801889858124
0.13438869085910557 0.36903720444322463 0.31332748468669946
0.09717646772758934 0.27171923567760775 0.25750259844790085
-0.07280242647604837 0.1633289555912764 0.30821541636870997
-0.21833720010603186 0.0687430657834825 0.33983245256076205
-0.2782187648388653 0.009293606503371611 0.36692956801348653
-0.3857739606383767 -0.08285546769000364 0.40652125024113
-0.40608129252658914 -0.12244629528167707 0.42159694832821815
-0.2733439219313501 -0.09592241083443122 0.3448178194543549
-0.2303249078772991 -0.06779840640638124 0.2992258214336802
-0.15266261952049243 -0.022461034124983414 0.26018231853584434
-0.003716305506818738 0.003602940228102915 0.26096605249634636
0.07197015133562171 0.07202401802159947 0.29081876818668134
0.18237903985128223 0.18432718437539258 0.2890068386051309
0.30150595530671953 0.16569143803294095 0.38201959482535397
0.3713539215282947 0.18432787731654154 0.5273579414079511
# level 5
0.4320163037593202 0.07977693506242832 0.46812558025008816
0.5028197258809289 0.28531465183968485 0.48509077286475194
0.47904666807606966 0.33868458333906204 0.5071241147513971
0.4187288991942875 0.48621502261645727 0.6743516741239367
0.34574399857086474 0.6635485092784491 0.7072110844286608
0.12005053809610952 0.6858964486518394 0.4956853030108057
0.13528228597674746 0.4555785579780811 0.35631627460843174
0.09799914303849788 0.27620607324584084 0.25530053114216184
-0.05352858864272758 0.19128992537845638 0.29207477361241324
-0.2289617762652662 0.0708314723719843 0.33454956186402685
-0.3567364847400818 0.03486127157300309 0.31721018519728666
-0.47545555418768287 -0.09268173739610182 0.39665942668483034
-0.49074616520467185 -0.1662883256024087 0.4298342827913396
-0.34411454242251993 -0.1705494755145908 0.39268707622759
-0.2576134441980472 -0.09335596320694323 0.30387306393425706
-0.16068465525298706 -0.047212396275772436 0.19793881118941264
-0.07693737028943479 -0.018230572727794485 0.23422159528694525
0.07976525588359458 0.05780911956516581 0.28940923501240146
0.16348122208374397 0.1625971804092336 0.2611030045342508
0.3112196592724529 0.1627120358591092 0.3793258557065453
0.4320163037593202 0.07977693506242832 0.46812558025008816
# level 6
0.4350307029449622 0.1474489522155776 0.3704788832079149
0.4955392472590859 0.28792192562801844 0.36919069006356037
0.588646017037529 0.3845417297077716 0.43995340271250594
0.6649471881199545 0.6052838931946755 0.6733037138384206
0.2515161117331787 0.7639956397709513 0.5888254714914218
0.1221877773815448 0.6838214234893167 0.406609933871646
0.12181521424105385 0.45646521016087027 0.31566441160195075
0.10287894333976144 0.30998056781320377 0.25067327997531125
-0.09728247158310996 0.1810465501872929 0.28595528632374384
-0.27548546722075756 0.0743873027018485 0.3050626582416149
-0.3806472243382883 0.02622563947734211 0.3075972599581799
-0.5697691120872299 -0.09617716633449128 0.2540884505397758
-0.5056276282183775 -0.24438140094199703 0.26366955790883867
-0.310464425957786 -0.2184164664441236 0.29399072073408894
-0.20160661778018657 -0.0499734444620929 0.23228045401132724
-0.15738167751079188 -0.08283055176383614 0.18488608139597057
-0.0314731243346822 -0.12082525815006724 0.22803522865390938
0.0879934283115229 -0.04625742288644872 0.2674398172759853
0.1871119584696028 0.1299705003319768 0.23358143028750178
0.34015703218496773 0.15638864634458724 0.3691386096214373
0.4350307029449622 0.1474489522155776 0.3704788832079149
# level 7
0.4264905712646778 0.2063736992335184 0.24212536139681212
0.5400023212395285 0.3527636198123723 0.31321368271798833
0.6622231183288443 0.4499980346706777 0.3658242540663258
0.7052739071531289 0.7514009361106426 0.44266408896860415
0.21136736203725215 0.8342490885332431 0.26717944987981934
0.16527091292973264 0.6269640258147805 0.2773591644129533
0.11124335617317486 0.3609151962596197 0.24572717575409497
0.07284605839016062 0.2928947841243702 0.22437363086988088
-0.11892635792237863 0.18699417051742206 0.2562776439223369
-0.250236622615571 0.09755523720747682 0.2571949553565448
-0.37434090904608336 0.01790582275411265 0.2567828645405855
-0.43053334058323006 -0.09497265254806411 0.21911789834288278
-0.3709119067220649 -0.12228022265292356 0.24016355879512907
-0.24993063806316496 -0.07394090266979125 0.24262957496222343
-0.22276632033194094 -0.17852549224864428 0.10512337412045529
-0.16115984110783982 -0.213483877822632 0.11754318790705635
-0.039891242543049134 -0.23395140062058553 0.13080542892789987
0.1312715228406751 -0.06113342354575982 0.2216021369061223
0.21869385730321972 0.09297194999611197 0.18355498467479517
0.24070439898325177 0.17159438165440755 0.1808607063937332
0.4264905712646778 0.2063736992335184 0.24212536139681212
# level 8
0.3523437008445595 0.211831090918791 0.19675632167518792
0.5015422985603943 0.3205963213850787 0.2543065923044726
0.6344404678195288 0.4872790922036013 0.29311061406588856
0.5007601554748902 0.7738149393014718 0.18756806173589713
0.2697781539533685 0.811844402369604 0.18628165929379042
0.1835265719807272 0.6304633649214408 0.2513904787730407
0.09610626992555558 0.41277541196290657 0.23033838258590678
0.0344159049826054 0.28359808695686195 0.21252476516297356
-0.15593336807443342 0.1586170687014009 0.23002610338463925
-0.2522485788318848 0.08207707885211742 0.23318333486477638
-0.3210855804468494 0.025642995449266195 0.2360556524483045
-0.3762279479654228 -0.05028239448801901 0.22239870611280632
-0.23156952405439135 -0.031685736656621374 0.17762752582517083
-0.2378649679291096 -0.12029779537205955 0.11618051943525137
-0.2519779725154085 -0.21725097668124327 0.0662929238093779
-0.1970770734976894 -0.24647956045642327 0.06309258306856594
0.028330915401160013 -0.2104968792788211 0.13727909882495767
0.18218102323864632 -0.0958988191477188 0.1295568293554014
0.25619001816704545 0.10384677563525002 0.1272306034539457
0.2544843545453352 0.17919836253057073 0.1757475980858034
0.3523437008445595 0.211831090918791 0.19675632167518792
# level 9
0.27880116041158753 0.2159957638224575 0.12005947287196873
0.4573054227049894 0.3326249958780807 0.20042022547168745
0.5597076949916874 0.5054729102327231 0.20315074814017012
0.4217735219499999 0.6447117938240962 0.1272535639433324
0.2467280270693358 0.6444620875565121 0.18662977212320775
0.15930055804491228 0.5165101618501396 0.19430272738807028
0.10803795470063401 0.36584847966761497 0.1840936624163842
-0.024229593286901163 0.27124313202558004 0.1843732284749377
-0.12586044363079354 0.15661770158032906 0.1766161715167119
-0.21522803168597274 0.046330560531762044 0.16667376446260773
-0.2328671148100167 0.02209875946417794 0.13889838726782658
-0.25990890779636916 -0.027697009795973445 0.14442465891663814
-0.3031270174332242 -0.12473542414425273 0.04991330878197698
-0.3472786088054129 -0.26309834728835907 -0.003360280655908647
-0.30142175587379344 -0.33921435766577224 -0.06092308570761434
-0.1616838484251439 -0.28314600794777545 -0.04333735384711497
0.09589108687569399 -0.23943881899165995 0.024645112097235997
0.24235696259976858 -0.09555086751128126 0.034728751797593264
0.2747705829779077 0.054339553909570834 0.04365369244845055
0.27792047208942355 0.16130681703699243 0.0789140859031665
0.27880116041158753 0.2159957638224575 0.12005947287196873
# level 10
0.3360470281196425 0.2518208898422761 0.14499448478728463
0.3774597423178903 0.31780183187291317 0.15247804092764577
0.3761103732000335 0.48151163587033463 0.12644651000756926
0.35005898635685884 0.6050551523009808 0.1387778274661816
0.26563128477092934 0.6083183569128545 0.17018621026178432
0.1401792638477375 0.4511946501365398 0.129502573221378
0.03590962565977894 0.30829707112653715 0.1373794367841906
-0.08611787395121036 0.22722808172502892 0.12366128608048359
-0.13911797025101874 0.14430764144785657 0.1477135916466433
-0.21486487756218287 0.06394340280262492 0.12963745145439048
-0.2722652329336023 -0.015815445739474437 0.08493494572829235
-0.34470222449929533 -0.11842468228289298 -0.00029823541656286883
-0.4616168393818588 -0.25721814922375263 -0.07826411373626332
-0.42744432800042165 -0.34932743189518295 -0.08349071709036501
-0.35910290212093093 -0.3981788147464163 -0.14472666476433882
-0.029179095842118224 -0.28063669820316933 -0.10224547176955583
0.15663157377949505 -0.20687178086036173 -0.10412946196023617
0.24133638322891507 -0.04503806238287038 -0.056410404505566156
0.2586179327320507 0.05844890322465667 -0.007909354025409519
0.2774237584880716 0.12164688669839091 0.014554253369115549
0.3360470281196425 0.2518208898422761 0.14499448478728463
# level 11
0.2815030634390735 0.18233394380958814 0.04486830126258812
0.2862095101690336 0.26252338296261224 0.11272730931042142
0.3471378514926227 0.4355948134035793 0.11603951999945872
0.2781597607555458 0.5011278985920345 0.10989588803327831
0.20197857319974297 0.4777776222559058 0.11458004190080855
0.12305517333961438 0.39331400806012506 0.14306136036266814
0.03934406750541468 0.30733034140736204 0.10767893029649607
-0.11102574556586625 0.20925370418106318 0.08967602992979329
-0.2164479060958627 0.1177699413590841 0.06784556483916063
-0.2880385437562495 0.04942929376317382 0.035062926256760496
-0.3004803488065215 -0.030809413904530115 0.040857538083558784
-0.3733995102461188 -0.11456593941967504 -0.04106424553026432
-0.5358654874338084 -0.36416400075743427 -0.14700637013082363
-0.5061328501294466 -0.5558416546047436 -0.19233373034737505
-0.35572811499224893 -0.40171714524949503 -0.24987994451994622
-0.05479338177286233 -0.2648359326766394 -0.15463057111326073
0.10980260692928281 -0.22803860565347722 -0.14684125839299045
0.21639033956091527 -0.024357046423256482 -0.10972023756343632
0.262638529069684 0.03751002511217384 -0.10592611987190734
0.2838013403686838 0.0714092458236744 -0.08965754197266429
0.2815030634390735 0.18233394380958814 0.04486830126258812
# level 12
0.28463393511074914 0.16753468330603824 -0.03840863496471059
0.25495635011857987 0.2638819876052292 0.08769855525107038
0.254382869502084 0.3196082359114711 0.09264204713627883
0.19942192852411367 0.3668821522292093 0.09109143947731824
0.15959341626217483 0.3507074957897186 0.09558514298464448
0.07910577044481863 0.3137388551999769 0.07331019701191377
-0.02741471462729523 0.24624569669457164 0.04272746121615974
-0.12893293112659468 0.18002865498406273 0.012453803087872129
-0.27356813998152574 0.08820628330298665 -0.021160275676280184
-0.31411832638008885 0.004154900488303231 -0.06569815838695896
-0.36614779871796166 -0.08515173977034307 -0.09208180262405004
-0.5174528811272857 -0.22087858839322924 -0.1669022636949825
-0.6618904631036693 -0.4250651342326087 -0.23586661760053262
-0.486609419201485 -0.6256390816725133 -0.35994211335340787
-0.294578186695241 -0.4384462188615418 -0.3853286127975151
-0.010181334230429096 -0.2844172110346126 -0.26829619569443774
0.14513011029848197 -0.15684666030177657 -0.2044181506908701
0.20065515087255265 -0.0376378635933884 -0.1809132669402989
0.28063566996912503 -0.035115925283430195 -0.20562021645591935
0.3099876368928523 0.0135885091124206 -0.20141503229851618
0.28463393511074914 0.16753468330603824 -0.03840863496471059
# level 13
0.2971232139891929 0.11814079102559698 -0.1209270224263442
0.26776769733705474 0.21658086872240626 0.004205994348180944
0.21069313854828006 0.28548097190756405 0.0307780263442521
0.1762021194901029 0.29166389090501527 0.0010779169195932591
0.15091221331605453 0.3105258606476442 0.04285292900182244
0.08139038379131172 0.302098092995373 0.04076030754056337
-0.018703562866428478 0.23318159615157727 0.004725895614060252
-0.17940483307408833 0.13317610607362523 -0.06302440468814248
-0.283722123297447 0.052727212533126365 -0.09322318049941623
-0.305719909304742 -0.0010003246878200994 -0.099963042644857
-0.37551343943324617 -0.09251830389099333 -0.13446449784614767
-0.578851245246377 -0.2696500517431913 -0.2282484880126351
-0.7470847531401132 -0.5260721643442385 -0.379497063350245
-0.47554344854178565 -0.5568588764695682 -0.518949664015674
-0.32918167096196316 -0.5476191360839672 -0.460909210496464
-0.037051843995128474 -0.3123942614831599 -0.30726393763720905
0.08172818152694161 -0.2002293143486856 -0.2586664680321532
0.2663978197471476 -0.0864921711327499 -0.262344680170685
0.31505851662838746 -0.10570433586095807 -0.2910973552868662
0.3096054261648606 0.019755793825403326 -0.19657102427547787
0.2971232139891929 0.11814079102559698 -0.1209270224263442
# level 14
0.2979134330648127 0.10493315124180531 -0.20444689868761584
0.24943352922721027 0.1637991864217587 -0.17722464500493368
0.20165155560834389 0.2205674434924418 -0.10881956029737475
0.15584308200774494 0.26608907005648214 -0.052156336121912616
0.12825490565716036 0.28806391692405064 -0.018130638594842336
0.01880990900218609 0.2227878866787756 -0.05920518754135132
-0.06045111902815928 0.16050383779442642 -0.1355403442370712
-0.21701943550282324 0.07831756580775065 -0.14972072532199165
-0.2741453844284016 0.01346329616250655 -0.13996465129961203
-0.29807320108135177 -0.050174925525258374 -0.15185524024634922
-0.39752885170578345 -0.153482966463414 -0.2411056255048471
-0.4977813579233987 -0.2520820301315081 -0.3500390067861636
-0.5295356386290961 -0.45188395557902217 -0.5442124347029093
-0.30028500419522686 -0.7243448278362898 -0.5874238075582309
-0.20848115112281007 -0.49443249582705107 -0.4818202242822293
0.03597300949158095 -0.23543640522091272 -0.3032926197985215
0.15377086099160447 -0.09591600059647344 -0.24540130176870256
0.28513716744978534 -0.22604846914746413 -0.31335366749863525
0.3527353430270964 -0.15514047585329946 -0.3368368384530428
0.3524714082712912 -0.026710715831594255 -0.32264451165230834
0.2979134330648127 0.10493315124180531 -0.20444689868761584
# level 15
0.24772313620664696 0.05415796470853933 -0.3352620952872244
0.22839495135502472 0.13727478675604557 -0.2210469828726354
0.18357551129909644 0.1639137763231767 -0.1687722433993956
0.13262807734145954 0.153120915583745 -0.14324535327426288
0.07412039058243083 0.19589576445990983 -0.13089669885561023
-0.05899994448273077 0.15023503816862893 -0.1672976363013302
-0.11706355595252751 0.11864655474632523 -0.1878951819558628
-0.19115903430072623 0.054890166806998916 -0.20936919909446455
-0.2324215978711896 -0.027273771538070122 -0.19902673106682675
-0.23853719449137412 -0.08226269434796044 -0.20078417846371793
-0.2524874263603204 -0.1790690359245284 -0.3197251911613723
-0.3788283600093725 -0.293785883395993 -0.42724524275318165
-0.41630642528615136 -0.3444906517898249 -0.6336031475205601
-0.2626717367421496 -0.3971971951490182 -0.6673363870436865
-0.11559933090597205 -0.360536252056746 -0.4779361814477625
0.0995247423678273 -0.11524086619896172 -0.267133101121075
0.21192177208818805 -0.09398058891379538 -0.3125752881837839
0.23537032671311037 -0.28382151199821276 -0.4854376507421842
0.3585432747053576 -0.1685013789413249 -0.5575303252899938
0.3329772095017771 -0.054501626369906665 -0.47770479374237224
0.24772313620664696 0.05415796470853933 -0.3352620952872244
# level 16
0.23016175820684326 0.032895391832494146 -0.35758455892139884
0.2233402637792819 0.12614692321628432 -0.23605158444417748
0.17376422186627694 0.11587151408343853 -0.20930175184003044
0.1308111105784488 0.1350478856722007 -0.15686784695294026
0.10569547877746413 0.17640805600341028 -0.13591645524344848
-0.0005341990284271264 0.13763733164560418 -0.21865243800212536
-0.09481493045930847 0.11405287707683551 -0.2258264258931157
-0.12956552679535027 0.07670797832901868 -0.25185433635783505
-0.21137834984747714 -0.03459892622470457 -0.22441127019090623
-0.20444909946473958 -0.06669069898759905 -0.24115262166928828
-0.22989727332808885 -0.12870887233189288 -0.32349827614808996
-0.3418015612358523 -0.25227988798418116 -0.4687225049551469
-0.30972251812792495 -0.2554681999278721 -0.5519272156623626
-0.23848215627888078 -0.3606004251973683 -0.6313751566586034
-0.17762903245336972 -0.4287485344085602 -0.5581672307912183
0.04489210342909691 -0.15853614984975575 -0.31943657315058605
0.18747985034826417 -0.06672288313628504 -0.28165882543686116
0.19379498962007485 -0.08646903165073526 -0.3906642113130055
0.25627824129542903 -0.10109746558046487 -0.5948061901438244
0.2576959915261906 -0.043161945477537385 -0.5230244394833098
0.23016175820684326 0.032895391832494146 -0.35758455892139884
# level 17
0.17433126215697384 0.04353436044407065 -0.26974161051437623
0.1776207974181796 0.07037833703029897 -0.2551573419836273
0.13833879406781072 0.04504573739951779 -0.23053362654624238
0.11124723376557386 0.06612714773798514 -0.21788529640329826
0.07534806721948792 0.10416481960804354 -0.22029292989633828
-0.014549472382645059 0.0670022976934011 -0.2944067252660875
-0.057266556561845386 0.0782332591695768 -0.287194703766419
-0.11490675453806293 -0.00450458942544455 -0.3128129412594367
-0.15122103576397636 -0.052770046790046855 -0.3259215395234016
-0.1705762370004403 -0.06675004174661227 -0.3186946129406121
-0.18426024856250514 -0.10920720795909175 -0.39019107692407434
-0.23608334071774467 -0.16613388023629788 -0.4486366782325534
-0.1665568799661993 -0.1909159681040136 -0.4882111885091776
-0.11647498540212031 -0.2279002671028262 -0.4836719831463677
-0.07602151300823454 -0.2505570292903354 -0.45224913430393415
0.06300260503152427 -0.10619200054052097 -0.2977449546762191
0.13078441170650018 -0.06758152774219156 -0.2900921460507022
0.1684509180441256 -0.016956468530740756 -0.2876878863513032
0.19251971895085557 0.0048194114864636515 -0.3280979874661366
0.20532082240648786 0.0062010674763109275 -0.35464558996969325
0.17433126215697384 0.04353436044407065 -0.26974161051437623
# level 18
0.1515393736626358 0.017062981351798005 -0.25412851539243897
0.13783361260319593 0.026045105764211714 -0.2385836171528511
0.10935564219270348 0.016309677215169044 -0.2473487536847781
0.08700499948261621 0.018676735331185492 -0.2597562879938005
0.11379440060704694 0.06607144038759545 -0.21535559808006452
0.017401658541241163 0.06350628664658747 -0.28849519567355913
0.024273978325238907 0.0676804055093452 -0.28508883011230046
-0.05432339038708654 -0.020820658671645054 -0.3294362133958214
-0.12668189447397513 -0.06445427007647375 -0.3509448034549363
-0.19495357308602324 -0.12048897665873935 -0.4017978150720387
-0.1290542649967503 -0.07809145696357819 -0.36505201432999557
-0.14378754803775096 -0.10356971290757266 -0.3936060644377763
-0.10770835140935066 -0.15688166748674834 -0.437342135597962
-0.07658901410667779 -0.1549111247595011 -0.4207940942314916
-0.11407872406225184 -0.19576635008379603 -0.4683042630378039
0.013619618822727188 -0.14838833997969542 -0.34628781125919206
-0.00406129116496277 -0.13594563619445504 -0.35711383668437435
0.08453096101889711 -0.05130443519708203 -0.27972004930264244
0.15648498465990957 0.0077612581887794236 -0.2654325012085639
0.1890231843761184 0.026050982910628573 -0.3042336731019525
0.1515393736626358 0.017062981351798005 -0.25412851539243897
# level 19
0.04678635507454933 -0.03885212344596505 -0.299889497108819
0.08181501083513663 -0.017213239124256655 -0.2738128879643742
0.05559701687305018 -0.023705519359173702 -0.29134156365975317
0.058179313364568976 -0.004131025267058939 -0.285271265728232
0.04595840081224527 -0.0031323627940810957 -0.2918728688646999
-0.009846155748621748 -0.038247262766578374 -0.3279970812655447
-0.005239826440236852 -0.05013052240022672 -0.32913221104280066
0.008892797849773555 -0.02456642817967976 -0.3164119741881164
-0.09155478152087945 -0.08293156640182957 -0.36881191895560844
-0.06923911003437314 -0.08544616493026522 -0.36863905206685
-0.037453241380437347 -0.06594179594607416 -0.3485560166724915
-0.07079431020745312 -0.08697583710010444 -0.3701902074757364
-0.04867195410888126 -0.08243872436561901 -0.3615542693686649
-0.040646905670864784 -0.11587144694250864 -0.3788069554963923
-0.029027396936034938 -0.11464096579504826 -0.3697428111789592
0.026532766296176284 -0.07141455964896865 -0.3207675864292158
0.024363281806329896 -0.06071500488331773 -0.3192430104985967
0.008406966883023876 -0.08761162785205198 -0.336409833761904
0.10802951511019933 -0.01568745733244273 -0.2587279180028368
0.0802836899371411 -0.01825089424834537 -0.27502118055254504
0.04678635507454933 -0.03885212344596505 -0.299889497108819
# level 20
-0.006850739624239618 -0.07979792842471559 -0.3437326891404647
-0.006850739624239618 -0.07979792842471559 -0.3437326891404647
-0.006850739624239618 -0.07979792842471559 -0.3437326891404647
-0.006850739624239618 -0.07979792842471559 -0.3437326891404647
-0.006850739624239618 -0.07979792842471559 -0.3437326891404647
-0.006850739624239618 -0.07979792842471559 -0.3437326891404647
-0.006850739624239618 -0.07979792842471559 -0.3437326891404647
-0.006850739624239618 -0.07979792842471559 -0.3437326891404647
-0.006850739624239618 -0.07979792842471559 -0.3437326891404647
-0.006850739624239618 -0.07979792842471559 -0.3437326891404647
-0.006850739624239618 -0.07979792842471559 -0.3437326891404647
-0.006850739624239618 -0.07979792842471559 -0.3437326891404647
-0.006850739624239618 -0.07979792842471559 -0.3437326891404647
-0.006850739624239618 -0.07979792842471559 -0.3437326891404647
-0.006850739624239618 -0.07979792842471559 -0.3437326891404647
-0.006850739624239618 -0.07979792842471559 -0.3437326891404647
-0.006850739624239618 -0.07979792842471559 -0.3437326891404647
-0.006850739624239618 -0.07979792842471559 -0.3437326891404647
-0.006850739624239618 -0.07979792842471559 -0.3437326891404647
-0.006850739624239618 -0.07979792842471559 -0.3437326891404647
-0.006850739624239618 -0.07979792842471559 -0.3437326891404647
