# level 0
0.07882507251947335 0.17165961625604526 0.29147778616698006
0.07882507251947335 0.17165961625604526 0.29147778616698006
0.07882507251947335 0.17165961625604526 0.29147778616698006
0.07882507251947335 0.17165961625604526 0.29147778616698006
0.07882507251947335 0.17165961625604526 0.29147778616698006
0.07882507251947335 0.17165961625604526 0.29147778616698006
0.07882507251947335 0.17165961625604526 0.29147778616698006
0.07882507251947335 0.17165961625604526 0.29147778616698006
0.07882507251947335 0.17165961625604526 0.29147778616698006
0.07882507251947335 0.17165961625604526 0.29147778616698006
0.07882507251947335 0.17165961625604526 0.29147778616698006
0.07882507251947335 0.17165961625604526 0.29147778616698006
0.07882507251947335 0.17165961625604526 0.29147778616698006
0.07882507251947335 0.17165961625604526 0.29147778616698006
0.07882507251947335 0.17165961625604526 0.29147778616698006
0.07882507251947335 0.17165961625604526 0.29147778616698006
0.07882507251947335 0.17165961625604526 0.29147778616698006
0.07882507251947335 0.17165961625604526 0.29147778616698006
0.07882507251947335 0.17165961625604526 0.29147778616698006
0.07882507251947335 0.17165961625604526 0.29147778616698006
0.07882507251947335 0.17165961625604526 0.29147778616698006
0.07882507251947335 0.17165961625604526 0.29147778616698006
0.07882507251947335 0.17165961625604526 0.29147778616698006
0.07882507251947335 0.17165961625604526 0.29147778616698006
0.07882507251947335 0.17165961625604526 0.29147778616698006
0.07882507251947335 0.17165961625604526 0.29147778616698006
0.07882507251947335 0.17165961625604526 0.29147778616698006
0.07882507251947335 0.17165961625604526 0.29147778616698006
0.07882507251947335 0.17165961625604526 0.29147778616698006
0.07882507251947335 0.17165961625604526 0.29147778616698006
0.07882507251947335 0.17165961625604526 0.29147778616698006
# level 1
0.05037530741268261 0.17466257021036988 0.2946536989378099
0.16476233203944868 0.22507977605338061 0.314735648120568
0.10961522158904724 0.20387000239221495 0.2818499733179713
0.11731454136299446 0.2049912676463085 0.28577402584006517
0.1272935398247033 0.2077852809909271 0.29134212447222246
0.13810655189133694 0.2119610624474433 0.2977885375190833
0.14910924408143766 0.21731751625336954 0.30474629814051696
0.1466367233601414 0.2368786077077072 0.30533936257655525
0.05125536962926376 0.18717296944037104 0.29106889923198737
0.07300967473214394 0.18686139269553306 0.28983631702618495
0.0831525858135572 0.19461539751028767 0.28701745135597484
0.09167063331089181 0.2020656706867277 0.2843966590443833
0.0511155386963808 0.17775451297181 0.29415544182271736
0.05480469188966413 0.18370967864688065 0.29186866939352163
-0.01130500983314834 0.15521107459357886 0.3105524380696097
0.029169258932963557 0.14426498109609254 0.3036508958834674
-0.032194596935954396 0.11207719154252103 0.31521997017095227
0.014787687001640655 0.14382321264724202 0.3065399302811276
0.006923077679994422 0.14132226647711488 0.3080548512550774
-0.002267051258604275 0.13674717613341347 0.3097775873465181
-0.011366185052458424 0.13064755111547394 0.31143813308282875
-0.019796405572913046 0.12333937972738983 0.3129289679961729
-0.005851848557943379 0.10967013263923454 0.30688747342046657
0.07362532355841148 0.16755918073254755 0.29277434425045956
0.04675539105863953 0.16772534062525235 0.29662080445978234
0.040043128028132084 0.157795990660242 0.29926370756671367
0.03510205094643174 0.1482356780855431 0.30159646032880416
0.06801293018281093 0.1776072278200484 0.2922289610336021
0.066339757341744 0.1721841764525287 0.29301828905992644
0.13045912855095487 0.1910604960899609 0.2841763472478667
0.05037530741268261 0.17466257021036988 0.2946536989378099
# level 2
0.19665537165425573 0.2309217744453173 0.37560195688161924
0.20476416480234658 0.22441905075107565 0.37726250328143873
0.17339812625871343 0.21505586097465568 0.31500110331474984
0.16914207393011843 0.22784386792856273 0.328873793536903
0.1833071449433474 0.2287534638764861 0.35201210246709647
0.19667309560471777 0.23236385190471381 0.37700822503167813
0.15108041479990153 0.24790440876727732 0.3179601285513266
0.15799276085271866 0.2592410644876511 0.33885711500719695
0.10219438878470795 0.22360887424840234 0.28033388109550755
0.12232624244121093 0.24162890867300793 0.28791758632323117
0.047558251326904506 0.1863256743977465 0.2917121909095336
0.06233534086695343 0.20299611243353857 0.28450332586409477
0.027117773463262707 0.18456270301759878 0.29484417548216546
0.00045112517823171517 0.1478425290517599 0.3093570345331438
-0.06140189780819537 0.1267083032789038 0.32055500848144663
-0.08496722059547937 0.08883997466017693 0.3253372428738714
-0.09552407703943888 0.09204753961711015 0.3271284931202183
-0.051506537388928436 0.11749248833253889 0.31975126998606646
-0.0408798697387535 0.1062844380945206 0.3166243249055839
-0.06294914474849396 0.09803573162149304 0.32100061198675245
-0.08614052576159573 0.08750550278134717 0.32518033519617684
-0.01713302396311848 0.09656869172797075 0.30448769269597437
-0.03699364458962666 0.0805997724166977 0.30383362484194326
0.03604145534365553 0.1310668416922025 0.30143939736688585
0.020430377213417963 0.11904902457345962 0.3023788467048241
0.07657308897166658 0.16877651251819262 0.2922306065989348
0.06752752041744706 0.15285695576345948 0.29528021988196895
0.09650144790406553 0.17022255193217184 0.2896928690660412
0.11931540419347879 0.19833039209107067 0.2842172127898817
0.1805682155532549 0.2089831785768829 0.31470182161756
0.19665537165425573 0.2309217744453173 0.37560195688161924
# level 3
0.2232816543666186 0.22678248908517332 0.4153473024090343
0.24459204736329557 0.20522972479121382 0.41396860086630605
0.2181559793406614 0.24577850360881737 0.4262201344760576
0.2305127324028132 0.23390142546459325 0.44226847945619424
0.2254197570621037 0.2672753794978471 0.4577834775609336
0.2108099869978367 0.27031167141313467 0.43167079017567356
0.16084979792119336 0.3005291055313823 0.37549921907000156
0.16405242422249314 0.28816318180014605 0.37104359919034746
0.13931465679674943 0.2605380867095033 0.3024966545647796
0.08617506974253063 0.21995684941935403 0.27265654355041363
0.12019853129862136 0.2400849448705479 0.2872487129331103
0.03465613665963792 0.1997482843119906 0.2876129548144968
0.01687879077017901 0.18173561260300913 0.2972418674769629
-0.021580671046046388 0.16391656854177963 0.3094258270073026
-0.10923724816424843 0.10146563491965474 0.3286500809139693
-0.13619714347030853 0.06259185506480658 0.33451174721798305
-0.156813917683825 0.07089101037026063 0.337557183725334
-0.13284551897018887 0.05210863667368997 0.3322715709174652
-0.1572199687122217 0.04426440672389984 0.3388179101353379
-0.16103293418616027 0.027441831910956484 0.33712450562086804
-0.13233410612497631 0.04221488111975712 0.3296513424174742
-0.0692650514475653 0.08786926246987932 0.32149361440919866
-0.06881278832315113 0.059978896176209384 0.30539774884499454
-0.004167254645185683 0.09940692988075689 0.3013326092628609
-0.011935650397429892 0.10625367222732103 0.3077542892959393
0.023007822885785897 0.11990743728369321 0.30210080070419293
0.09149791475476937 0.16077483906373263 0.2904811366877201
0.1057615369421041 0.17231763326951838 0.28838515950171645
0.13551087230189843 0.18541795033763242 0.28428610125809206
0.21758742746579032 0.20820620764279366 0.36712227899684546
0.2232816543666186 0.22678248908517332 0.4153473024090343
# level 4
0.2602215006200352 0.19951754520518494 0.46651327305138723
0.3310383107250084 0.18462060910419834 0.4853519873835984
0.25937554116308414 0.2080270394740414 0.4766587884325926
0.25477395225907346 0.24117614704221219 0.491012810592234
0.23718846376566546 0.34826729142510493 0.47931716931134044
0.24041494107625397 0.3047689240253587 0.48086510887496337
0.21017805258723787 0.34888889069031115 0.45270341642021145
0.17676817853646104 0.3230193493545549 0.40332037429941336
0.14542327901769977 0.29988038774865 0.3338293090448611
0.11523204187137975 0.2756644329130867 0.2753272829762907
0.08579852806507778 0.23052400461838454 0.27076968163889675
0.06895520232929055 0.23176743228362867 0.26892785805330105
-0.0034715638311392134 0.1845164119730523 0.2985837667021701
-0.07054388820882657 0.13433256244522226 0.3207036804881708
-0.1617715973277616 0.07699997409998292 0.3379302774479955
-0.1927628136451312 0.04129388063660534 0.3477065293803876
-0.24126251102528148 0.018375667916665256 0.3590638164133673
-0.19778850334760106 0.031127608740360142 0.34895047203757834
-0.2083639634006571 0.010993164392269422 0.3524977523893207
-0.18492799750014116 -0.004444410586477659 0.335471991223566
-0.1995323295346722 0.0010170136043002275 0.34616850170776325
-0.1399784526177243 0.009519882057993251 0.3116131454168881
-0.09431629507179219 0.04047414219396055 0.3031842851012301
-0.04194952470998647 0.0626968764431312 0.29035447884638604
0.02192541741830755 0.09145089361746513 0.2920582944784006
0.05735964948651224 0.12983270568252764 0.2976002611894891
0.07592843052615736 0.13135198415980417 0.29532363424300767
0.12123124347361271 0.17259869981575393 0.28430448103060885
0.1867888993557934 0.20309599622022623 0.31388830298029874
0.25188225884120524 0.19571201419021472 0.40770911335162724
0.2602215006200352 0.19951754520518494 0.46651327305138723
# level 5
0.3235543310868351 0.1823613586790048 0.47628772874728603
0.35519149652485155 0.2229738320021149 0.4989537337731969
0.30771179658752346 0.29449478280570657 0.5008077739206013
0.32032541806712095 0.32756479760080204 0.5078927499336036
0.27355182491965774 0.37934398229793165 0.5166473938061363
0.2648324038751273 0.3853780291591526 0.5132264032912115
0.21725102440397137 0.39402110970691906 0.47470694550345593
0.19129402261173606 0.3697221984047638 0.4341861499108244
0.15920699618574408 0.35149263598180586 0.3822036656572042
0.13866345575640673 0.3439057574929904 0.32757516679190657
0.09843287295783418 0.2576325853527504 0.26480152441851135
0.04080169815664789 0.23156015022504126 0.26894746824166416
-0.06816607922667081 0.16274119246367624 0.3090652123848131
-0.08746717011726694 0.14916927071022212 0.3142906633309564
-0.21817879517500863 0.061268834250629484 0.344288504185186
-0.2352153132137634 0.023414217106998307 0.3573308089170413
-0.27774141644521144 -0.015801859730336147 0.37474806084767043
-0.26464750321502856 -0.025870893222282358 0.3713822276008436
-0.2821046789932539 -0.05441853965970338 0.37624517989589007
-0.24217327125238272 -0.03948083891377529 0.35315671817514727
-0.22850313677062153 -0.035829522865278976 0.34554889031756164
-0.15183628534299748 -0.0038869541531860326 0.305984965130064
-0.11545815618804382 0.0188675978682642 0.2943434857636755
-0.06739232083630298 0.038029353103647454 0.2746139194818982
-0.016503785360882657 0.044592161719508853 0.2647110871388336
0.04070226070120655 0.10726133338501681 0.2960703063121879
0.10007097906895425 0.12419208232437888 0.290470653104796
0.17792935570599652 0.18499693014907562 0.28988889365492004
0.1950013097012738 0.19188778583792104 0.3018998921393912
0.29480741808742966 0.166937628069607 0.42661223351906175
0.3235543310868351 0.1823613586790048 0.47628772874728603
# level 6
0.3713539215282947 0.18432787731654154 0.5273579414079511
0.4281038938145745 0.20964323609311303 0.5683357092400811
0.41303205136474996 0.2627068678840798 0.5260562634339808
0.42854366032122354 0.33378178123634666 0.5160439370828641
0.38434852905905925 0.3852008590237463 0.5594485459086873
0.3235667428094595 0.426920428889027 0.570790781795197
0.24878148517593213 0.5649065366872819 0.6039800247557859
0.20046718558694127 0.5337021907543782 0.5166830110104006
0.15839247658656302 0.4191499697315384 0.41689900249440526
0.13438869085910557 0.36903720444322463 0.31332748468669946
0.10726407106557242 0.2839616951928629 0.26349393545531347
0.03196131754896416 0.2224551343160507 0.2752083414660267
-0.07280242647604837 0.1633289555912764 0.30821541636870997
-0.13168890273377212 0.11494995119871534 0.3244396508411186
-0.21225008904420734 0.06999976444073261 0.3399242117647798
-0.2782187648388653 0.009293606503371611 0.36692956801348653
-0.3327790355941365 -0.024884334855470397 0.3837024849919363
-0.33252857014152376 -0.04576554090884958 0.39163516527829795
-0.40608129252658914 -0.12244629528167707 0.42159694832821815
-0.35301672247853955 -0.12562650883806142 0.4042622592065974
-0.28422076666302554 -0.09668655167908283 0.3619743859679785
-0.2303249078772991 -0.06779840640638124 0.2992258214336802
-0.15438256982896728 -0.025107908013369786 0.2517681541940878
-0.09881803627075247 0.008719144684811322 0.2552700904277188
-0.003716305506818738 0.003602940228102915 0.26096605249634636
0.05367458465094893 0.06510826845715953 0.28692929435269443
0.10557374104320302 0.1357304611680941 0.28798643140416946
0.18237903985128223 0.18432718437539258 0.2890068386051309
0.237371361395456 0.1849544610130786 0.3446794742180828
0.2972780890066234 0.16814689977236363 0.3922195354085938
0.3713539215282947 0.18432787731654154 0.5273579414079511
# level 7
0.43292476111839884 0.15199624437220172 0.5895457543203367
0.5316396544922143 0.16048073014301162 0.5780070573982544
0.4325933389067448 0.3382960354176964 0.5193366299464914
0.4593298206170672 0.3448190582419069 0.5179369983784168
0.5000447679919192 0.4553316570725938 0.6473151927320662
0.3544603034325068 0.5184492172097884 0.6608695688199067
0.26312538212426806 0.6256378654352853 0.6557638405070004
0.1720167963208969 0.6078815358780545 0.5142022688785054
0.16745326683927142 0.5291956669915164 0.45358371960765476
0.13385700226645555 0.38849226562390704 0.3225253052068145
0.11940271530154666 0.3147475908065766 0.2740846174141721
0.01945042532733717 0.22388345671008616 0.27523078167546144
-0.08231693035639853 0.17728221531874405 0.2960007473319427
-0.13359802426909786 0.14602184785099576 0.30504837306498783
-0.25084124756515963 0.05760324771487811 0.33930123250249195
-0.33468285258664054 -0.005147949234878372 0.373191311660763
-0.39817629489651085 -0.03188486321654413 0.37569913615133743
-0.41477344819529305 -0.131642177241478 0.4266202814345528
-0.46049789291522447 -0.1584118224934597 0.4299643074931518
-0.3818152145522561 -0.23385444318500154 0.38858006245552607
-0.3003603466372208 -0.12485709330182143 0.35856133387489364
-0.23206783791052438 -0.06993035724045014 0.29310526062078834
-0.16751379375760886 -0.03449387151483981 0.23649087839503308
-0.13160951960172373 -0.023232562811731403 0.23385430809645963
-0.02042081228288206 -0.004369787975147852 0.2541200434553997
0.034451257826957196 0.03216932522234604 0.2770590738650833
0.12702071515207022 0.12177102041805173 0.27663494876252587
0.18701994344803807 0.16904551752968044 0.2599862797773095
0.22517208908953043 0.17595856918083114 0.2873801436093407
0.3389823813119033 0.1558016824718656 0.41164098245606795
0.43292476111839884 0.15199624437220172 0.5895457543203367
# level 8
0.4779187565677365 0.0773020425161744 0.45510448007968707
0.5314623289188429 0.24026240083292943 0.43206863032598236
0.500033290433404 0.31239184159290867 0.4456545113940278
0.5396088735817743 0.3981411637475357 0.5608790650046226
0.6396070788696897 0.5183353736631479 0.6155275629938701
0.5797670641431795 0.6446128097996697 0.7310205190018546
0.3146773235367152 0.7143536260574677 0.6744709257009835
0.15846159123778766 0.6345758500501397 0.530796835706274
0.14745278691733782 0.5980795415226695 0.40142360805771304
0.1335675991128401 0.49016106677806887 0.34753723495113764
0.12249220512441632 0.3448477566777404 0.2820610304173782
0.004137998475745604 0.22369578368353757 0.27343628267082826
-0.11519382024146652 0.16700319628129276 0.29311064859644437
-0.21115741261137808 0.09956984521379937 0.3142926902417228
-0.28958298172158964 0.05189396785049056 0.3304046293582009
-0.37459895882501 0.02463617626396759 0.3228231974485395
-0.5074766897564248 -0.04618709630261622 0.3416422987138179
-0.5809583709700643 -0.13876209660280797 0.34539522457279614
-0.48733394105864625 -0.2893051992441785 0.3730901230469943
-0.35741017148467635 -0.3180006377221966 0.2849079730611445
-0.30511152429352373 -0.18898799768611874 0.3273007891155559
-0.2336211123744189 -0.0707906164672399 0.2735543919695889
-0.17392867953011365 -0.03853206688779652 0.22895878170296963
-0.13054734699874457 -0.05431396968580357 0.21223416274720913
-0.08144214782061113 -0.06096287559923265 0.22986120721211917
0.03952962736960523 -0.008752652431314706 0.2736525133885426
0.1387330650008156 0.0952064950832342 0.2654901868717985
0.19765604135257683 0.1573162154237842 0.24149241616015366
0.2718458023723417 0.16661080633478517 0.31278153315369617
0.37568297493474834 0.13292024471009742 0.4329345921562369
0.4779187565677365 0.0773020425161744 0.45510448007968707
# level 9
0.4350307029449622 0.1474489522155776 0.3704788832079149
0.4943214986953163 0.22884462495797875 0.36198992496035853
0.497124297592901 0.29646599165946413 0.3742280162261528
0.588646017037529 0.3845417297077716 0.43995340271250594
0.7401034261170503 0.5727300696059453 0.5559461410029186
0.5361419791023063 0.7080453560379427 0.7333519846672292
0.2515161117331787 0.7639956397709513 0.5888254714914218
0.13138700434958073 0.6616009409166852 0.47429644763268225
0.14556434987220496 0.6092980985240783 0.36275045174341475
0.12181521424105385 0.45646521016087027 0.31566441160195075
0.12218112773055752 0.37479675783172084 0.28701444364401774
0.0052388128900904725 0.24698590836051398 0.24760891658836912
-0.09728247158310996 0.1810465501872929 0.28595528632374384
-0.23677391676023501 0.0944511961580711 0.3045359888622819
-0.3218951761438152 0.05088313942532447 0.3120139386783408
-0.3806472243382883 0.02622563947734211 0.3075972599581799
-0.5028228390817814 -0.02980750840500808 0.2874446122582701
-0.5825554874201427 -0.11404340692529363 0.24787373992994932
-0.5056276282183775 -0.24438140094199703 0.26366955790883867
-0.32366948651107225 -0.16857341990543478 0.26739836461636374
-0.2950674329576571 -0.13535829021641316 0.32350275435959136
-0.20160661778018657 -0.0499734444620929 0.23228045401132724
-0.15724640003316365 -0.04728402015771427 0.20336096854068464
-0.12358111383172884 -0.09328843811703444 0.20321798160424298
-0.0314731243346822 -0.12082525815006724 0.22803522865390938
0.022303655506854307 -0.06019632574576247 0.2638237768353472
0.14858846832727413 0.04018175279804692 0.2479365543570638
0.1871119584696028 0.1299705003319768 0.23358143028750178
0.29527369473022663 0.16346308096843631 0.3255291145717731
0.39320445157166367 0.12245425478976818 0.4267835542384373
0.4350307029449622 0.1474489522155776 0.3704788832079149
# level 10
0.42993480908364895 0.16349254549527284 0.30127413571869655
0.5053428295689222 0.21747630755180675 0.288690040075272
0.5283077151791027 0.3327533705533259 0.30180776779997054
0.6943350766497999 0.45555476883962737 0.4343858119733847
0.7522432646820358 0.5901920072303932 0.5031180368150553
0.4981706740700308 0.8161297849316624 0.40060422665851136
0.22144357906041984 0.7836764685382873 0.48853166982609153
0.12401210748908933 0.6771985388835811 0.41289060749320333
0.1506188245838774 0.6131972229704643 0.31594928189435406
0.11342293337841458 0.4733653624559582 0.2980835207063087
0.0851761716975349 0.29986984645263326 0.22708958591723888
-0.011662853726445443 0.24626692026127392 0.24014624369286142
-0.07961582567377516 0.20905046405225403 0.25403340899003424
-0.25640219973553574 0.09130141144729034 0.2881476019546757
-0.33699198094596244 0.04668620249038896 0.3051015981909763
-0.3724316859787049 0.02905978727450671 0.2824521878532755
-0.4561109640542705 -0.02306567073466606 0.2520738376103135
-0.44033412250365056 -0.08469414317605811 0.21751847814144612
-0.3854862031349013 -0.18284322761925592 0.24916481052979192
-0.3142275758776721 -0.13633082893574708 0.2648670856670156
-0.20665470322118903 -0.07178766856407012 0.17098809963753664
-0.1814962427733977 -0.0515197426170509 0.18438991603030086
-0.15534425235377938 -0.0764595261197238 0.18864397305911956
-0.13913253689864555 -0.16454775140281255 0.17005677357458437
-0.04367394303655788 -0.17332105648936147 0.18962431352959294
0.11532172211142663 -0.06760761615104749 0.23749865302692236
0.16681711869409724 0.022772550281622447 0.21891314715033014
0.20366675094207232 0.07116568799122641 0.19577607081701875
0.3067131985951362 0.16176353714416286 0.30859820821154943
0.40084932690582686 0.14529396575559364 0.38547697006819126
0.42993480908364895 0.16349254549527284 0.30127413571869655
# level 11
0.3998523218418847 0.19747905586747858 0.24306601588100754
0.5121420300668902 0.2700012953806665 0.2908014245706267
0.5616625588130677 0.37311092513981287 0.31645790690822756
0.6772155567404767 0.5003693196515255 0.34364803152738854
0.7337071145527013 0.6392328204347693 0.33235264361009126
0.4569131337689635 0.8100632681323261 0.2803347449058839
0.269615280324665 0.8335761172220655 0.2825532440675314
0.1560402153588919 0.7357416511799839 0.26080132947081824
0.14046008331989152 0.5533235419800658 0.3043262711097178
0.10568551795569661 0.41191174997486835 0.27622923502794433
0.0906078233094084 0.31465096542648935 0.219947705886272
-0.017821238289240225 0.2499709254337686 0.22936056291521323
-0.10589200208708927 0.1961125812906573 0.24689922597775066
-0.23312602587283887 0.10887532892450666 0.2527580808743565
-0.2939166300134959 0.06623539233732179 0.2609431113259082
-0.3571229005165551 0.026938749907803535 0.2578648102018692
-0.4850708534751956 -0.056769692469020486 0.22940990506494036
-0.398404125324382 -0.08702115559506642 0.22241947223904124
-0.2747441341018383 -0.05582339440617281 0.22270921209408728
-0.2303423325291401 -0.048411514551117855 0.20993307419029156
-0.2211968479078332 -0.10203710693983645 0.13908598106167386
-0.22236267508295632 -0.15536731092184322 0.11512154533901613
-0.20042593594626704 -0.19111564164691547 0.11241935306296759
-0.10465924923819214 -0.16518087191374609 0.18536237251543475
0.00765660850159524 -0.16100714667059332 0.1973826618586596
0.12870056685983405 -0.1052734053486713 0.18188543748027405
0.19398119308538134 -0.02136817117829405 0.16392921065421748
0.23969704028836492 0.06787489415333998 0.14657982499137115
0.2424539406089197 0.16983883029271277 0.1889815046253313
0.30761596543046543 0.17713020233043023 0.2330360084929683
0.3998523218418847 0.19747905586747858 0.24306601588100754
# level 12
0.3523437008445595 0.211831090918791 0.19675632167518792
0.4930717228943995 0.2939661458927951 0.2541027434727522
0.5356126945752937 0.3702043812934143 0.2690869191157359
0.6344404678195288 0.4872790922036013 0.29311061406588856
0.6691081334503308 0.6319086447560184 0.22008585636629457
0.41817366392747035 0.7994642514960165 0.17740798441637695
0.2697781539533685 0.811844402369604 0.18628165929379042
0.1797759500743096 0.6954401394931821 0.23659839685301112
0.13427451495147358 0.5352118101037449 0.2822285912508656
0.09610626992555558 0.41277541196290657 0.23033838258590678
0.0776998672665152 0.3062503680425037 0.2032286376119113
-0.0200419383051357 0.2539640665837891 0.21987536577085576
-0.15593336807443342 0.1586170687014009 0.23002610338463925
-0.2245616735631991 0.10529129391630099 0.2330057905441928
-0.27857536699623653 0.061138479252191215 0.23577810523007145
-0.3210855804468494 0.025642995449266195 0.2360556524483045
-0.400308004283241 -0.03730198197619873 0.22639987805869236
-0.32870611293961216 -0.05442091498817888 0.21745256337904453
-0.23156952405439135 -0.031685736656621374 0.17762752582517083
-0.22727125789026908 -0.05818546595697225 0.1491228517796958
-0.24909702768652578 -0.16644313532357796 0.09123918542785073
-0.2519779725154085 -0.21725097668124327 0.0662929238093779
-0.22370041435822266 -0.247123362781462 0.05440145549045248
-0.0923325906930075 -0.22440655947315252 0.13350661647839485
0.028330915401160013 -0.2104968792788211 0.13727909882495767
0.14795886219052037 -0.14166802039095605 0.12636393994653922
0.2114859532961887 -0.05093707365311642 0.12417219170151686
0.25619001816704545 0.10384677563525002 0.1272306034539457
0.2515018450475429 0.15432626316043624 0.15648789358861145
0.27572462495796113 0.18905358722175705 0.17485669738303936
0.3523437008445595 0.211831090918791 0.19675632167518792
# level 13
0.3225232259080845 0.2185513597383037 0.16229475196893592
0.44338656992292663 0.27908338332149096 0.21197953509182937
0.5064758499359984 0.3616715310314552 0.2315800333841871
0.6165356925903821 0.5520274787152762 0.22559567011640053
0.5358587025879026 0.6921559250653786 0.1344896167515433
0.38367559937838525 0.7394341751801362 0.12277911294382125
0.2524481540667966 0.7377947798379956 0.16259044923133215
0.219645268169572 0.6362801495687034 0.21284157393222444
0.1358297377983694 0.5169090923779366 0.24317087521136588
0.09661143717378319 0.4200771917085173 0.2168571773555906
0.02106513583084752 0.28729096882549154 0.19966382885219586
-0.06869079150320734 0.2231318694320143 0.20887160920707123
-0.14514432735166735 0.15505241608595158 0.20593636032608234
-0.20591716144883682 0.09565941569315792 0.2061339085889247
-0.2528235306276957 0.04385043295985903 0.20861256971148845
-0.2585504507261424 0.025774525582395215 0.20315448122079716
-0.3288743425907027 -0.01922332582887287 0.21834198863450271
-0.2649483213883259 -0.019552795972449123 0.18067063904154362
-0.2598919976077091 -0.09607929375915064 0.1003703844853837
-0.27454565185007207 -0.15107653529197446 0.07284015709198954
-0.2954864253083932 -0.23509709242823473 0.03475893446855363
-0.28250027926991195 -0.2804963331588447 0.007059180044705088
-0.23946826286797954 -0.2891732665978541 -0.0028923497220310467
-0.08192789376888021 -0.2554810170865917 0.08811228906039133
0.037366960369375694 -0.23845754549305895 0.09583813160244813
0.20524232038144086 -0.11276640399466933 0.0825753209340343
0.26174360529660656 -0.020261811144430493 0.07869569082319787
0.2716752894719304 0.08326351323335462 0.09004136133681073
0.26969292870234934 0.13978709137393905 0.10658424257106368
0.2758775109087679 0.19516790424836183 0.15478280150103327
0.3225232259080845 0.2185513597383037 0.16229475196893592
# level 14
0.2786371626720667 0.2132915242186372 0.12271839950417572
0.4347012747608472 0.30877452002171324 0.1922874768142277
0.5143028710586991 0.4008254785352605 0.21675815083751182
0.5610501850634606 0.5367871313470843 0.1885486237068335
0.46908872631948567 0.6358447336017874 0.12637787745751072
0.3375064887949175 0.670445161323644 0.13669258043020463
0.2635644193866248 0.6596823546779558 0.17356316792300053
0.20999082745550796 0.5815243987524829 0.1977353645490267
0.10313396115420173 0.4505745945288666 0.2031324051633085
0.10727273778137908 0.34984007884345303 0.18092733023131832
0.004356191466950766 0.28948289734365246 0.1828555003789703
-0.0804435918030112 0.21691952568864908 0.1805281254874599
-0.13620749985339842 0.14576370223134136 0.1786390173592552
-0.18582406974465018 0.08033795330120151 0.17256566718937869
-0.216762498240045 0.042272803117801454 0.16285318520825304
-0.27717301992518756 0.005016848790397664 0.20537215580419332
-0.27286593058390535 -0.012574481637601912 0.18968765752990657
-0.26338689776888174 -0.06882629630265444 0.10096675658677598
-0.3092578620299649 -0.1375746330942157 0.04341196820138049
-0.34013255287228594 -0.22479553691359375 0.011250235048728196
-0.3569521319675175 -0.3073572058695574 -0.029370084771192906
-0.31975622287951977 -0.34348421502716564 -0.06279103741430136
-0.2509667223530796 -0.3169841683242295 -0.04949104738550673
-0.02864280589884267 -0.28696852994303623 0.022168656503369844
0.11884217451250302 -0.22255315462032352 0.02632731230817184
0.2216584533158998 -0.1193214744477473 0.036879241803067564
0.2712703349536628 -0.033288480981116586 0.02784897162380639
0.2753986605971812 0.06714501441571569 0.045304131449119225
0.2769258574933805 0.12481360159691125 0.05443722367597325
0.2786127116399931 0.16403593922787926 0.07887728545995625
0.2786371626720667 0.2132915242186372 0.12271839950417572
# level 15
0.3360470281196425 0.2518208898422761 0.14499448478728463
0.3484943196502776 0.28641098144891614 0.14256983061170156
0.41092842319732137 0.3651086747222318 0.15438915965215816
0.3761103732000335 0.48151163587033463 0.12644651000756926
0.3891216046731796 0.5691940315218198 0.13221136538915593
0.3115027633596015 0.6141751089709697 0.1490565425604982
0.26563128477092934 0.6083183569128545 0.17018621026178432
0.13909255612880872 0.4521982935175158 0.13204753866582103
0.1260644139755675 0.41192545687141713 0.13848020300288083
0.03590962565977894 0.30829707112653715 0.1373794367841906
-0.05336310523525358 0.2654259776384131 0.13452406589551386
-0.11289012888531871 0.19641442656367283 0.1195718656098898
-0.13911797025101874 0.14430764144785657 0.1477135916466433
-0.19894950132520878 0.07503691886316914 0.1394787399378804
-0.2272658394718546 0.050785544762532844 0.12259828862079096
-0.2722652329336023 -0.015815445739474437 0.08493494572829235
-0.31124157079382836 -0.07544335276657255 0.03146499451857708
-0.3812096353358807 -0.15760919852005983 -0.027394458938701172
-0.4616168393818588 -0.25721814922375263 -0.07826411373626332
-0.4180347131544453 -0.3019857266376828 -0.05525217780393917
-0.41052602310316116 -0.3860356131551608 -0.11280774424910468
-0.35910290212093093 -0.3981788147464163 -0.14472666476433882
-0.24680198661980496 -0.32922222732023715 -0.09995135556501357
-0.02762776554669183 -0.2703158896593156 -0.17023515285701293
0.15663157377949505 -0.20687178086036173 -0.10412946196023617
0.22058945780350608 -0.10693205676201421 -0.08916738913655411
0.2351605978540927 -3.4235201335094077e-06 -0.06357009590475933
0.2586179327320507 0.05844890322465667 -0.007909354025409519
0.27501336479295124 0.10748518560212479 0.00665895387149491
0.27993493949738135 0.1448291848160923 0.03549766501546895
0.3360470281196425 0.2518208898422761 0.14499448478728463
# level 16
0.2797167459680199 0.19467418706002276 0.052745051345552824
0.2712792851628346 0.24546775495489673 0.10362106925267607
0.35246413241341634 0.358840351048851 0.13212325075029605
0.3441577174798922 0.41703330852943904 0.12087925166436787
0.31210676394791187 0.46726696558453407 0.09585452865824592
0.25607820033014467 0.4987977678040048 0.11279872020751366
0.2156901754577619 0.48057840466119034 0.11364567548103846
0.13650092049680798 0.4069854534186631 0.12729008163906563
0.09574559999924634 0.3309621053790168 0.12532076287334518
0.007603160503762013 0.2969154720294005 0.11231346713130014
-0.07236092482637255 0.24258153656589374 0.10603913701621173
-0.12876984469124228 0.19364933141019303 0.08317077916685223
-0.205768498055321 0.12794688626582568 0.06820426744271016
-0.26176953429367605 0.07951295816634889 0.051088911231965586
-0.2995615104703563 0.03244015082122746 0.02538501665503566
-0.32649679506194895 -0.037282637309941344 -0.031707949518274846
-0.35815248932178606 -0.102212135590896 -0.02906810762117456
-0.44023237038481294 -0.18211055147523014 -0.07829334812205124
-0.5276449823480446 -0.3315105538507255 -0.1360866785703771
-0.5588271179889447 -0.4853184199520718 -0.1921951801548128
-0.4783865578442244 -0.5546005746403263 -0.22887100195386884
-0.3809435395545689 -0.4311796951460839 -0.26214238065390333
-0.14797291010061434 -0.26900163209691064 -0.21414756175024596
-0.02779127131583527 -0.285421334300221 -0.23100854824838057
0.15264213001973273 -0.2015951537908617 -0.138352762692371
0.21085128879543402 -0.09745676562380387 -0.11435151362359527
0.21584541642624344 -0.0025965797566500073 -0.1111208229417215
0.2553561987566336 0.03036652090264741 -0.10954751570176724
0.27888038750524785 0.05287007047979056 -0.10462579233494013
0.2854426035068265 0.077801027059469 -0.08632973823103332
0.2797167459680199 0.19467418706002276 0.052745051345552824
# level 17
0.27990439337421885 0.17702751231755595 0.011411563511877732
0.2626174270956077 0.25190115121160805 0.09074392350837193
0.2987057209123213 0.31512152199587184 0.11387924727098608
0.30247496597004553 0.371503764254505 0.10441550124528112
0.254582777539162 0.4124941302215125 0.08538238516805538
0.22380078667227216 0.4315292043965868 0.09453801727763994
0.16296721627890576 0.4096392920856332 0.10242437811635591
0.1369917731258523 0.3577227551781891 0.11784880489823849
0.06589394122932149 0.3135206804634764 0.08934757829188121
-0.004000573845459992 0.2785525431367382 0.07950802024992852
-0.08907666499053332 0.22027404344171062 0.06894896371626441
-0.14602885112796837 0.17902605023881302 0.04579048452305212
-0.23109702959429215 0.11877935406932832 0.02616505350062513
-0.2970095703684896 0.056476094616219594 0.0007612731401091307
-0.31773786169130575 -0.0060411185222105914 -0.040151004844443935
-0.3426850306023995 -0.07153845723174006 -0.03571342888813288
-0.41510691471435796 -0.13804200891591412 -0.08724254519268661
-0.5139461115325855 -0.23494332787149014 -0.1417582072159932
-0.591813316169408 -0.3856662077403871 -0.19286059782964515
-0.6051095353102909 -0.6057729015474207 -0.13421784034328407
-0.4588430676302826 -0.6132837528611287 -0.2828659397795496
-0.3186917472446441 -0.3442949894931002 -0.3213466581677193
-0.14973693913110178 -0.34182427478157096 -0.28212751600409275
0.02786809063098731 -0.2598347505719297 -0.20779868339552338
0.1489856710258191 -0.18538427535673307 -0.17661600504663147
0.1921962023287034 -0.07846751992057935 -0.15382894115176945
0.20852906828148143 -0.017645305541715776 -0.14891035969123667
0.2641552362627389 -0.0015741511436605515 -0.15927274743936903
0.29006180682659843 0.03252776634840111 -0.14783700168228472
0.2961466194666035 0.06203348161213189 -0.13322066256682688
0.27990439337421885 0.17702751231755595 0.011411563511877732
# level 18
0.28463393511074914 0.16753468330603824 -0.03840863496471059
0.26172584120853437 0.2484707669177394 0.0775901653814882
0.24923197257079566 0.2696560730372706 0.08172487958929849
0.254382869502084 0.3196082359114711 0.09264204713627883
0.2079070200645361 0.37335575869603543 0.09062971666131162
0.18768499831161084 0.3612678060271035 0.09137280890863694
0.15959341626217483 0.3507074957897186 0.09558514298464448
0.12709602518792143 0.3284421685840822 0.08254824936802062
0.03930580000517716 0.2915415973679085 0.05705584285287174
-0.02741471462729523 0.24624569669457164 0.04272746121615974
-0.09973973206425193 0.19910669713068557 0.023803003466529075
-0.20956595513529908 0.13230914677923877 -0.002423389525796075
-0.27356813998152574 0.08820628330298665 -0.021160275676280184
-0.3050017765164449 0.03970913248916626 -0.04734705258810703
-0.321352159478787 -0.025774342649171625 -0.08497463178509676
-0.36614779871796166 -0.08515173977034307 -0.09208180262405004
-0.4621730374018408 -0.16697885015087263 -0.1394355475996192
-0.5671905173046886 -0.2780604892258503 -0.19151382049079102
-0.6618904631036693 -0.4250651342326087 -0.23586661760053262
-0.512672826911175 -0.7403346210028313 -0.25966488317929853
-0.46967495982588947 -0.487648488479337 -0.3924742956512115
-0.294578186695241 -0.4384462188615418 -0.3853286127975151
-0.13513018559972945 -0.37621263580234027 -0.3363607337434118
0.05168077539427964 -0.2401390810267776 -0.24619147897845867
0.14513011029848197 -0.15684666030177657 -0.2044181506908701
0.18512322883347374 -0.058242854157909675 -0.17683192050444915
0.25915031098719826 -0.03230979719925757 -0.19476484211023687
0.28063566996912503 -0.035115925283430195 -0.20562021645591935
0.30388603474135484 -0.003437806645111479 -0.2047015439603607
0.3105344405983668 0.03346205587642862 -0.19266544826223525
0.28463393511074914 0.16753468330603824 -0.03840863496471059
# level 19
0.2916680020031561 0.14223897729590598 -0.09310953306656947
0.2709052307131344 0.2083128655319151 -0.00710606162556544
0.24245319858849673 0.26103134268867323 0.04057209336747322
0.2115257255226382 0.3220203717602704 0.07833765546437228
0.19337164494458708 0.3187635354022146 0.06250516314533103
0.1737671712485308 0.31320259953231944 0.049285657364783186
0.14637851426189724 0.31238889076692994 0.04610737090031998
0.1045232592956448 0.3009052627045097 0.023386488835078968
0.01747679346262254 0.25920968548504114 0.015683335489568406
-0.0477645737374501 0.21712258967879 0.0013010299689793297
-0.10992550399057395 0.1800079538647292 -0.017778898097639415
-0.21838730595725944 0.1215099737054712 -0.04102793303299794
-0.27213944298843884 0.08423798899397407 -0.05702824939319987
-0.30328444089519646 0.016732402112002043 -0.0894840872618673
-0.31963619241967806 -0.048016130471730194 -0.12689452790063255
-0.3970358794682044 -0.1087053876790957 -0.14491333103125187
-0.49645862320661793 -0.19148537676614794 -0.18674415558605093
-0.6121365703696442 -0.3019177627637192 -0.24840213320143564
-0.7498785491373195 -0.5989325788279581 -0.24847017114046813
-0.5507273205427261 -0.6726809099201934 -0.3824965961572073
-0.4631548647624476 -0.5050553096107324 -0.46276955116946006
-0.2848822119054068 -0.5291506799832759 -0.4630202206288193
-0.12900850870529273 -0.3897549485675033 -0.38341061138547
0.059653933745144654 -0.22904200406857336 -0.26022020651535244
0.14269943971565732 -0.12595353807028223 -0.2149961850999833
0.19069603460663928 -0.049171123453661966 -0.19651039323140845
0.2736374692104488 -0.0643634405776803 -0.23601961867736632
0.2927646481461209 -0.07234752158444334 -0.25205117888098144
0.3169609401566736 -0.04485226446755817 -0.2556051493251752
0.3258989739625317 0.00949781399322151 -0.25466538500019054
0.2916680020031561 0.14223897729590598 -0.09310953306656947
# level 20
0.29551347811783607 0.12616690830874244 -0.15177994241412568
0.2781475941644367 0.14267772716605587 -0.1752268975578156
0.2512048951074019 0.19898408894075467 -0.12023688035621906
0.20263778158945908 0.26855712194656184 -0.02566392954467447
0.19022019002190307 0.26595983266991846 -0.039919552761480535
0.17098558259859029 0.2886526368752995 -0.011192592598924777
0.1393647760360226 0.31412342431439166 0.051910787427994154
0.07212170512707561 0.28524941934925313 0.009863174960909759
0.019627627536857397 0.21982906824431062 -0.06569530062988731
-0.03410982479589673 0.18745953139294874 -0.08888972739938643
-0.12709304701268395 0.16084033706930265 -0.050744178652419286
-0.23995548703134992 0.08915057941168227 -0.10264123016374807
-0.27203983404554477 0.04681857621534153 -0.12133829925090982
-0.3095383200437831 -0.011710496718944094 -0.1024278893369318
-0.33546249677307416 -0.0686564017154236 -0.1390245518278354
-0.41092398996880325 -0.13314409726214582 -0.19835329460671475
-0.4428696890365479 -0.188980284013614 -0.2771637535357039
-0.5717908875981279 -0.2602771284339816 -0.3390469635016557
-0.6273453821727917 -0.536431087200557 -0.4875682085849662
-0.5388032814290495 -0.5118506821397294 -0.5278403519249069
-0.44161715657404 -0.5968394413859633 -0.5352710663479403
-0.22425142736782872 -0.4749353736888676 -0.43796401524376094
-0.056360488146897134 -0.3300359375938511 -0.33850820175208657
0.03464932696804971 -0.23491722104408425 -0.3066027611923743
0.12255042701570601 -0.1337761811215212 -0.23945228321571246
0.20709771549353623 -0.05435994552987853 -0.23466761101704445
0.29391605629400147 -0.14113402694887514 -0.2993680529437606
0.3245823916826362 -0.14763809532683098 -0.3158945193748887
0.3208741977590569 -0.026880286616708306 -0.2535716507355802
0.31864000102323486 0.04292774465315149 -0.2308613409441853
0.29551347811783607 0.12616690830874244 -0.15177994241412568
# level 21
0.2979134330648127 0.10493315124180531 -0.20444689868761584
0.2635787081815968 0.12997169060252686 -0.2152132554094244
0.2384392543266265 0.19242360892685806 -0.14073930264002404
0.20165155560834389 0.2205674434924418 -0.10881956029737475
0.18363050225378102 0.24016982053849967 -0.08199249165448555
0.13870462199690856 0.2585035417430619 -0.06190689191683541
0.12825490565716036 0.28806391692405064 -0.018130638594842336
0.05976953366378272 0.2472694731080891 -0.05104313300684711
0.009528230435149821 0.19026215451632908 -0.11956795450537586
-0.06045111902815928 0.16050383779442642 -0.1355403442370712
-0.17891533851667465 0.09863624757812954 -0.15639735094579962
-0.23807143611367115 0.07776119537348421 -0.12655616096442823
-0.2741453844284016 0.01346329616250655 -0.13996465129961203
-0.29626064348083736 -0.042628398651608126 -0.14659707377731196
-0.3128173692560609 -0.08527760639747647 -0.17706652111158333
-0.39752885170578345 -0.153482966463414 -0.2411056255048471
-0.42953249283751105 -0.21372887887669262 -0.3070943722590922
-0.5564726941367126 -0.29224724950849296 -0.3972467034929389
-0.5295356386290961 -0.45188395557902217 -0.5442124347029093
-0.5237131652596798 -0.528386072861969 -0.6371033709002919
-0.10094911551557283 -0.6777096768232554 -0.5728477151632307
-0.20848115112281007 -0.49443249582705107 -0.4818202242822293
-0.032295436637715294 -0.3001592823313562 -0.36373826482368893
0.057808355622545896 -0.19604990643365033 -0.29846513212013553
0.15377086099160447 -0.09591600059647344 -0.24540130176870256
0.24169830462233047 -0.1873074551808061 -0.32864437364328314
0.29517293546605855 -0.17181310532823052 -0.31175277123255596
0.3527353430270964 -0.15514047585329946 -0.3368368384530428
0.356863521005483 -0.038400491901877554 -0.3259409842062351
0.32973777563592965 0.02475375958460417 -0.30264773856857263
0.2979134330648127 0.10493315124180531 -0.20444689868761584
# level 22
0.28291846454393343 0.09357955921207922 -0.25588877880710004
0.2472470121562907 0.122591118787875 -0.2371043931747415
0.2259246803126662 0.18752086890619718 -0.15353909136580923
0.20467876752376574 0.20455216890910216 -0.13080773836593984
0.17814586068004323 0.19003963868942347 -0.13673348705605665
0.12453296878553725 0.21312608319499077 -0.10357015297941016
0.0859953747458542 0.22930050524654777 -0.09317532051147773
0.04627973219973669 0.2104562304494541 -0.10436172686338391
-0.02505936993145095 0.1612144230461463 -0.16148309602569066
-0.0991533744345362 0.13201873759163574 -0.17229093133575352
-0.19576879428470437 0.0835788383839267 -0.16552823895585428
-0.24207800138037905 0.046437027818902576 -0.15831418669499653
-0.2412696855083617 0.009575536149208135 -0.17872146148996035
-0.2677362955715218 -0.04698943486902146 -0.17432287860147713
-0.27451265538178155 -0.09882688044889837 -0.19541458279585303
-0.3736116715724228 -0.17666974581282482 -0.26848048202995484
-0.38682965968546074 -0.2785480176025886 -0.34072910075299123
-0.5135984515029178 -0.3380098697171006 -0.4234021580737367
-0.5001785233406562 -0.41926836905226317 -0.5383997160721191
-0.45011788414753684 -0.4221402653354076 -0.7242672787748584
-0.1814608907908046 -0.5203586208313961 -0.6472884657436636
-0.12597969271256879 -0.38729496203974745 -0.46550958428793604
-0.015554659724842223 -0.2727509246062424 -0.36518143795804436
0.08332419300099378 -0.15458890350570265 -0.28106487234122557
0.2006924687635454 -0.07412671922383904 -0.27514556665203405
0.24445275734986271 -0.25432973320115104 -0.3260106058634401
0.3194361740809176 -0.24673828627604602 -0.32707405367389875
0.3806542031810904 -0.25623975881078953 -0.4269150286552446
0.3840896921568264 -0.1077562733137746 -0.4081436275458862
0.3331729408441898 -0.0013108933220006575 -0.3759248932599319
0.28291846454393343 0.09357955921207922 -0.25588877880710004
# level 23
0.2615936817894958 0.03558084456095127 -0.3670448278155465
0.23403541932568256 0.11877087113177634 -0.2451018354952572
0.20627852634890706 0.1695822835621535 -0.17692628809222866
0.19258619613933015 0.16956504532660338 -0.16782898638687885
0.16606469254125414 0.15550658421326277 -0.16334284310624286
0.12010540734054918 0.15176460024001184 -0.14590131328550796
0.09758183292073512 0.18615606194898063 -0.13119639872327696
0.03172149778210685 0.16263767045899433 -0.17813061851238265
-0.016472723177324892 0.15601671133757722 -0.17813241149602105
-0.09413162687991229 0.1241032701543385 -0.20133675944993673
-0.1523295046936937 0.08201562713421448 -0.22060719365609222
-0.21075748686831308 0.04288777425960082 -0.19667426948065936
-0.2247757118025442 -0.021703240299634684 -0.20597384803423424
-0.21610976060449164 -0.03180155290734517 -0.21722505784836382
-0.24355716082551776 -0.14535718919852803 -0.22458098878462665
-0.23679998153284096 -0.16109321677520472 -0.27293943275947796
-0.354475001681291 -0.26982446253709136 -0.4098556069292723
-0.41716738971355005 -0.3237908453945002 -0.5586250793080642
-0.4271088482304143 -0.3434728271345373 -0.6074589054010378
-0.3470073015910343 -0.3645481777670422 -0.6696897987526915
-0.1962440854871123 -0.39103448562969667 -0.6032225251283857
-0.17219400010829364 -0.4234172950511656 -0.5491324304981988
-0.0019974416183098104 -0.22747556079816023 -0.3651659222958082
0.07006070491360557 -0.16277141520677824 -0.2931998563407703
0.19289251339069827 -0.06994016201176072 -0.2794726456667087
0.21060043200206277 -0.14165753742616782 -0.41272099055225486
0.2838346349036656 -0.3350584170064647 -0.4880585221921317
0.3166975390649177 -0.1619807900847623 -0.585812647431143
0.26044918828692276 -0.11088086290001131 -0.6166880328297943
0.29152965760551697 0.021217554862921772 -0.3855660544137925
0.2615936817894958 0.03558084456095127 -0.3670448278155465
# level 24
0.23016175820684326 0.032895391832494146 -0.35758455892139884
0.21721833438483668 0.11547145565339088 -0.24594902952402706
0.19027565925710727 0.11072299095530903 -0.23354737731860875
0.17376422186627694 0.11587151408343853 -0.20930175184003044
0.14624990243898905 0.11013781588658947 -0.1861557701586017
0.12607690410971856 0.1298579287398039 -0.16118461186440755
0.10569547877746413 0.17640805600341028 -0.13591645524344848
0.034865911152640226 0.13444392992296605 -0.21601806481832225
-0.003829585948568774 0.14016375756151958 -0.21223528502109257
-0.09481493045930847 0.11405287707683551 -0.2258264258931157
-0.14468057109232574 0.055318344375792534 -0.2621746362420492
-0.19088759077270026 0.013844262010625403 -0.2360174509621838
-0.21137834984747714 -0.03459892622470457 -0.22441127019090623
-0.20146156075691163 -0.08294857725948429 -0.263694416879551
-0.2188788546929462 -0.12294072108437924 -0.262890198786292
-0.22989727332808885 -0.12870887233189288 -0.32349827614808996
-0.323580543016636 -0.23374923434163944 -0.46291920071706044
-0.29503115728977425 -0.21819085955458373 -0.4964635127663747
-0.30972251812792495 -0.2554681999278721 -0.5519272156623626
-0.24618987843131523 -0.2956508249067168 -0.5961892456395795
-0.20932772193281687 -0.35154898659304235 -0.6029709606016292
-0.17762903245336972 -0.4287485344085602 -0.5581672307912183
-0.025349298326334358 -0.23218946828571013 -0.39529996367608417
0.04682412366228715 -0.1655763668593819 -0.31829692084713257
0.18747985034826417 -0.06672288313628504 -0.28165882543686116
0.18778126120634628 -0.08769117294593673 -0.4313223554277563
0.19244892374685688 -0.14563291669909045 -0.5624060771390866
0.25627824129542903 -0.10109746558046487 -0.5948061901438244
0.2395022734249149 -0.01918103078522492 -0.4366208486344126
0.25400603843438757 0.007504654243884687 -0.40567381970301236
0.23016175820684326 0.032895391832494146 -0.35758455892139884
# level 25
0.20942308446898328 0.02929707013554542 -0.33855238028778484
0.21256097691391088 0.08717074495021875 -0.27776146385442796
0.1713511200915006 0.10279187038084027 -0.21914671683187117
0.1696121895677462 0.10791528567322829 -0.21239048096281565
0.14336900671309988 0.11662494705514015 -0.17784371870266794
0.11594756283487179 0.07380438727754637 -0.2106155126904547
0.09139161352895064 0.12861965258556646 -0.18285560671493445
0.04556973806369505 0.1120619472886916 -0.23515118288363182
0.003951332313640086 0.10116168016957502 -0.26538572864677157
-0.028591867776067117 0.09505632238578722 -0.27450972311636057
-0.10448395753793757 0.04885833110118534 -0.2924163858190477
-0.11368384716012601 0.038547694142600245 -0.29476008613436866
-0.15520613166297845 -0.010333843593038839 -0.28783262564710443
-0.15307034793327726 -0.02824887555210237 -0.30106894057211186
-0.18999033644018326 -0.0807096974081052 -0.31062027017415444
-0.20386014916651324 -0.10642040068828017 -0.36334261681729063
-0.2810595076821376 -0.18849501821962827 -0.4341820184190036
-0.2821803248093592 -0.23170854060644053 -0.5282421071904236
-0.29054646976366344 -0.2455513938974923 -0.5440753068996445
-0.25027539593078896 -0.31248698695581323 -0.6103387354690901
-0.1342276996439089 -0.24241469971631338 -0.5035441171272198
-0.1116255737092197 -0.30878124585128597 -0.4956733112314733
-0.032055871396923244 -0.21964380708335707 -0.40298595562597755
0.02887744860967071 -0.15585630877650467 -0.33475502754244335
0.07630535596082254 -0.10196180501525405 -0.2879300944481697
0.18552476791161843 -0.04078382911723784 -0.33724390329293236
0.19045764823195857 -0.03858841415945827 -0.35438547710752644
0.20028023638816286 -0.033243583648612754 -0.4047125930246412
0.20233345235041617 -0.01196444632432173 -0.3730791189937891
0.21745598641389524 0.007348623385042255 -0.37741049570538754
0.20942308446898328 0.02929707013554542 -0.33855238028778484
# level 26
0.18286405991311844 0.02767912479050847 -0.29381358662808943
0.17326733758124088 0.052357677381918225 -0.2619521513042666
0.14369795574215657 0.03939372922025638 -0.23645467342793644
0.14130446004320232 0.06932317053198127 -0.2172827306821007
0.1258398386838362 0.07442275237464212 -0.20619121456656256
0.11666726951705297 0.05160906924119085 -0.22402649831733487
0.10738098039292286 0.08161945935254722 -0.20940726109465513
0.05687018934032191 0.0796555479082017 -0.2542185285645956
0.012290130677409646 0.07865456891888528 -0.28033183692838837
-0.023679376602749453 0.07873046996026112 -0.28862704675559425
-0.10463548004366602 0.0024479760558031123 -0.3131283051465614
-0.08043902216194246 0.03984459304032743 -0.30697197122057834
-0.14057565268364694 -0.05269194338898414 -0.3305145335064068
-0.16239809432479269 -0.07586616739303903 -0.3501958515173078
-0.20141962542253738 -0.10279720524911816 -0.3561277435559609
-0.17227103475415845 -0.08701727740869714 -0.3614233139110928
-0.19654816341345197 -0.12484608084028875 -0.40711867431431
-0.16581051068893865 -0.15244983387567593 -0.4481567249491508
-0.19850089844053515 -0.21778498457852197 -0.5199643048010321
-0.16552526322923655 -0.25027560825522627 -0.530332920302455
-0.12831820699542393 -0.21672681225603224 -0.48808699691500473
-0.11921238179197399 -0.24951155684687237 -0.49192679421598845
-0.035477048311201353 -0.20313017691693902 -0.4035078987416825
0.021714107023940426 -0.1489323482326595 -0.3396578140774083
0.07029122281616557 -0.09995871148124091 -0.2881775093531822
0.1609090043748288 -0.020557550005889092 -0.28205590549865106
0.16956828787146447 -0.029281366305896426 -0.2902490515676658
0.18075743514715473 0.002500134574085473 -0.3060546307276267
0.18275733921319898 0.01900686846171929 -0.29759954305193087
0.21100474443760853 0.024519239124891633 -0.3438523322176739
0.18286405991311844 0.02767912479050847 -0.29381358662808943
# level 27
0.1515393736626358 0.017062981351798005 -0.25412851539243897
0.14686366688859806 0.03803987104296351 -0.2406336358453847
0.12856009756072775 0.0320672606146428 -0.23737344726916046
0.10935564219270348 0.016309677215169044 -0.2473487536847781
0.12344809394044763 0.047464810160590204 -0.2260878570213054
0.08093280759019306 0.027528629393853702 -0.2625673193762853
0.11379440060704694 0.06607144038759545 -0.21535559808006452
0.0679360408455496 0.03889500342324037 -0.2675958782517227
0.01864966336509965 0.050737945324054456 -0.2930000817745591
0.024273978325238907 0.0676804055093452 -0.28508883011230046
-0.0657478376627696 -0.01708118083714438 -0.3279552485432076
-0.09307970291572479 -0.020630665175853744 -0.32716422634415926
-0.12668189447397513 -0.06445427007647375 -0.3509448034549363
-0.09473525481026832 -0.052813200649043615 -0.3452827856690425
-0.17399895140313 -0.10771303033843835 -0.39101227874119027
-0.1290542649967503 -0.07809145696357819 -0.36505201432999557
-0.16964862242968617 -0.1245495713228175 -0.4147096065236527
-0.1450865219411421 -0.17104921728533443 -0.4637577282529297
-0.10770835140935066 -0.15688166748674834 -0.437342135597962
-0.15376499601640464 -0.2024673020029777 -0.49277269573955673
-0.06465401994653712 -0.16711068334107892 -0.4161400015684711
-0.11407872406225184 -0.19576635008379603 -0.4683042630378039
-0.046701417670584736 -0.17355815515468956 -0.4038558415280039
0.009264226512191186 -0.1416042751581279 -0.3481511305484697
-0.00406129116496277 -0.13594563619445504 -0.35711383668437435
0.09494933273144768 -0.04279413499719489 -0.27288471754765065
0.12617188167077506 -0.023809622913786195 -0.2707533167696936
0.15648498465990957 0.0077612581887794236 -0.2654325012085639
0.119472354298015 -0.018033506252892732 -0.26347221091628864
0.1671129304297192 0.04095066727867401 -0.2607200782105108
0.1515393736626358 0.017062981351798005 -0.25412851539243897
# level 28
0.10496474830064254 -0.021714016796161684 -0.2615635555179214
0.12626030485055031 0.014429977882732668 -0.2446896639569515
0.05704491115005672 -0.025313366337457503 -0.29060569744944537
0.09883761208896244 0.010183141825115085 -0.25531472907667463
0.08446789159069035 0.00924000608392923 -0.26516367539258057
0.06817015592881356 -0.007711069658219231 -0.27993299576327657
0.07655030309679431 0.02616801054652586 -0.26704587845622546
0.06888350935713457 0.010537050664266254 -0.27542308042936214
0.020974518318644296 0.02011087815707513 -0.3022036425329714
0.026240718920852307 0.006230923024405286 -0.30245471211965275
-0.08425209457038732 -0.07426727004887088 -0.3611187119315002
-0.06739646602439171 -0.0705773090693272 -0.35583722515118277
-0.04429660538343817 -0.06270340439356394 -0.34718707437397445
-0.08700966871438075 -0.09400427041172185 -0.37832840938041873
-0.11591178226556495 -0.09103378450521749 -0.37906787367234784
-0.08688879906000373 -0.07669757557418885 -0.36267285956407314
-0.12596370379302355 -0.12283668530438784 -0.4128394630255002
-0.052666740923496644 -0.0793086462391017 -0.36141647982463865
-0.09366681629756314 -0.14644387674710285 -0.4240168227934463
-0.07436387255607838 -0.14124993416873433 -0.41140713980344423
-0.05544234961015909 -0.11155344950146778 -0.3829681207157621
-0.05720844163432206 -0.1612315897631302 -0.4071449312208821
-0.052103743282133054 -0.13433514518252915 -0.3928656375349719
-2.900739558715738e-05 -0.12522748650507406 -0.3513876854535107
-0.007194243391187823 -0.11592617375554427 -0.3537933580922661
0.10063385071373804 -0.02433237065977449 -0.26510909656490234
0.08365937486911605 -0.030233885093783445 -0.2764648102123091
0.06096392684899943 -0.04233297387451326 -0.29218103837631704
0.10486660476058694 -0.010525668823657953 -0.25830729192033164
0.12115257395055751 0.0014993401568202704 -0.2510091788471099
0.10496474830064254 -0.021714016796161684 -0.2615635555179214
# level 29
0.01060078446648644 -0.05646237343231607 -0.3261694993151166
0.09624026889996579 -0.0001777680216986004 -0.25978158864298706
0.042002477295426076 -0.02943118656717669 -0.30109997324420446
0.030265233594252705 -0.04079493265576642 -0.3107530970843789
0.028716602115238108 -0.037069581624311905 -0.31045921035939467
0.018933625292062363 -0.0470063428152628 -0.31875657921377376
0.011843922408659918 -0.05469317456887259 -0.32492505959521156
0.0644340174207734 -0.009012427443279321 -0.282869534580292
0.024234955930247763 -0.012866705739397225 -0.3067839402537378
-0.042970954166223235 -0.06701005473300199 -0.35078752579700295
-0.04012256480961601 -0.06742453884648102 -0.3500907928059868
-0.03266348249972362 -0.06543382925438772 -0.3465518090304904
-0.021242561037715664 -0.06126172712631276 -0.34050664464595215
-0.008001565248163343 -0.055763377093545057 -0.3331294958797289
-0.042097780195162124 -0.06549942728516638 -0.34930002197459825
-0.10595664665629702 -0.13383918276168819 -0.4169587182790909
-0.09232141528470887 -0.11874527938745222 -0.4020478848401293
-0.022708910577457112 -0.08458183284913783 -0.3541303193456182
-0.009661920723067973 -0.07091953884306232 -0.3415042976462581
-0.00788313012353246 -0.07770043354264966 -0.3435594965550761
0.004453880119990947 -0.06632416862327753 -0.33295937149979116
0.013516005208661037 -0.057348921027071474 -0.3249536079798915
-0.05037516037995368 -0.1068024230451081 -0.3769036681921837
-0.006486481984423593 -0.10138409560046235 -0.3493723190545464
0.05465692234194014 -0.037733612507841637 -0.2946593868250389
0.050558627681026265 -0.03756770655036901 -0.29733332071356905
0.043149706660031456 -0.04059880908758191 -0.3028291167538679
0.0330199487526399 -0.04650620666918798 -0.3106935000921343
0.021990390807284235 -0.05410012448099235 -0.3194872907551415
0.059550346731405565 -0.04102633703041424 -0.2925089888200394
0.01060078446648644 -0.05646237343231607 -0.3261694993151166
# level 30
-0.006850739624239618 -0.07979792842471559 -0.3437326891404647
-0.006850739624239618 -0.07979792842471559 -0.3437326891404647
-0.006850739624239618 -0.07979792842471559 -0.3437326891404647
-0.006850739624239618 -0.07979792842471559 -0.3437326891404647
-0.006850739624239618 -0.07979792842471559 -0.3437326891404647
-0.006850739624239618 -0.07979792842471559 -0.3437326891404647
-0.006850739624239618 -0.07979792842471559 -0.3437326891404647
-0.006850739624239618 -0.07979792842471559 -0.3437326891404647
-0.006850739624239618 -0.07979792842471559 -0.3437326891404647
-0.006850739624239618 -0.07979792842471559 -0.3437326891404647
-0.006850739624239618 -0.07979792842471559 -0.3437326891404647
-0.006850739624239618 -0.07979792842471559 -0.3437326891404647
-0.006850739624239618 -0.07979792842471559 -0.3437326891404647
-0.006850739624239618 -0.07979792842471559 -0.3437326891404647
-0.006850739624239618 -0.07979792842471559 -0.3437326891404647
-0.006850739624239618 -0.07979792842471559 -0.3437326891404647
-0.006850739624239618 -0.07979792842471559 -0.3437326891404647
-0.006850739624239618 -0.07979792842471559 -0.3437326891404647
-0.006850739624239618 -0.07979792842471559 -0.3437326891404647
-0.006850739624239618 -0.07979792842471559 -0.3437326891404647
-0.006850739624239618 -0.07979792842471559 -0.3437326891404647
-0.006850739624239618 -0.07979792842471559 -0.3437326891404647
-0.006850739624239618 -0.07979792842471559 -0.3437326891404647
-0.006850739624239618 -0.07979792842471559 -0.3437326891404647
-0.006850739624239618 -0.07979792842471559 -0.3437326891404647
-0.006850739624239618 -0.07979792842471559 -0.3437326891404647
-0.006850739624239618 -0.07979792842471559 -0.3437326891404647
-0.006850739624239618 -0.07979792842471559 -0.3437326891404647
-0.006850739624239618 -0.07979792842471559 -0.3437326891404647
-0.006850739624239618 -0.07979792842471559 -0.3437326891404647
-0.006850739624239618 -0.07979792842471559 -0.3437326891404647
