# level 0
2.949029909160572e-17 0.04078264017296364 1.9991860165733404
2.949029909160572e-17 0.04078264017296364 1.9991860165733404
2.949029909160572e-17 0.04078264017296364 1.9991860165733404
2.949029909160572e-17 0.04078264017296364 1.9991860165733404
2.949029909160572e-17 0.04078264017296364 1.9991860165733404
2.949029909160572e-17 0.04078264017296364 1.9991860165733404
2.949029909160572e-17 0.04078264017296364 1.9991860165733404
2.949029909160572e-17 0.04078264017296364 1.9991860165733404
2.949029909160572e-17 0.04078264017296364 1.9991860165733404
2.949029909160572e-17 0.04078264017296364 1.9991860165733404
2.949029909160572e-17 0.04078264017296364 1.9991860165733404
2.949029909160572e-17 0.04078264017296364 1.9991860165733404
2.949029909160572e-17 0.04078264017296364 1.9991860165733404
2.949029909160572e-17 0.04078264017296364 1.9991860165733404
2.949029909160572e-17 0.04078264017296364 1.9991860165733404
2.949029909160572e-17 0.04078264017296364 1.9991860165733404
2.949029909160572e-17 0.04078264017296364 1.9991860165733404
2.949029909160572e-17 0.04078264017296364 1.9991860165733404
2.949029909160572e-17 0.04078264017296364 1.9991860165733404
2.949029909160572e-17 0.04078264017296364 1.9991860165733404
2.949029909160572e-17 0.04078264017296364 1.9991860165733404
# level 1
0.31273273258273515 0.017183103049848193 1.9747573955201028
0.2782128823279466 0.0809488554290112 1.9785080696109543
0.257827899549656 0.1465176488192304 1.9774809765597388
0.19322867578668768 0.22505467352559874 1.9773262185684286
0.11604835823550089 0.26761557611360864 1.9780765224583499
1.97758476261356e-16 0.3002662315548965 1.9767301479257047
-0.11604835823550089 0.26761557611360864 1.9780765224583499
-0.19322867578668768 0.22505467352559877 1.9773262185684284
-0.25782789954965596 0.14651764881923038 1.9774809765597388
-0.2782128823279466 0.0809488554290112 1.9785080696109543
-0.31273273258273515 0.0171831030498482 1.9747573955201028
-0.2776696393892498 -0.08139833019469428 1.9784130948589953
-0.2563701273024602 -0.1649908562775123 1.9759819880971365
-0.1921051296290171 -0.2561031807849964 1.9735319492765646
-0.1157496683030853 -0.29701538944350225 1.9737719046229567
1.214306433183765e-17 -0.3046732378696208 1.975931428756164
0.11574966830308528 -0.29701538944350225 1.9737719046229563
0.19210512962901713 -0.2561031807849964 1.9735319492765648
0.2563701273024602 -0.16499085627751228 1.9759819880971365
0.2776696393892498 -0.08139833019469428 1.9784130948589953
0.31273273258273515 0.017183103049848193 1.9747573955201028
# level 2
0.6477369649599094 -0.013128698000755263 1.89185199280331
0.5787097648598323 0.1709572343855593 1.9062661283693907
0.5029695955292762 0.3340070495878378 1.9061292438369724
0.3873716704124495 0.4520013680411723 1.9087894877629576
0.20583016142239635 0.5397916901175017 1.9141812222298435
3.8163916471489756e-17 0.602532999181042 1.9065977723334087
-0.2058301614223963 0.5397916901175015 1.9141812222298433
-0.3873716704124495 0.4520013680411723 1.9087894877629576
-0.5029695955292762 0.3340070495878378 1.9061292438369724
-0.5787097648598323 0.17095723438555932 1.9062661283693907
-0.6477369649599094 -0.013128698000755272 1.89185199280331
-0.5726870497023682 -0.1826891150505489 1.906987996341078
-0.5051226680887506 -0.3624277768386663 1.9003071077963336
-0.37589183973992624 -0.5073713772384993 1.8970985703001626
-0.1971995434625438 -0.6112203423417615 1.893435885891576
6.938893903907228e-18 -0.6088735942591886 1.904420845622665
0.1971995434625438 -0.6112203423417615 1.893435885891576
0.37589183973992624 -0.5073713772384993 1.8970985703001624
0.5051226680887506 -0.3624277768386662 1.9003071077963336
0.5726870497023681 -0.1826891150505489 1.9069879963410779
0.6477369649599094 -0.013128698000755263 1.89185199280331
# level 3
0.9072965954994814 -0.017154321428253263 1.7816518081569896
0.8417856585664598 0.28933787936461136 1.7903228416119168
0.7192477438626927 0.513441581374673 1.7937011433186194
0.5569220095887153 0.7413568921026571 1.7714545203969885
0.3310005678260505 0.8514998691506351 1.7785385769208704
0.020110873890240757 0.9286964332454655 1.7707227387216034
-0.3310005678260505 0.8514998691506351 1.7785385769208704
-0.5569220095887153 0.7413568921026571 1.7714545203969885
-0.7192477438626926 0.513441581374673 1.7937011433186194
-0.8417856585664598 0.28933787936461136 1.7903228416119168
-0.9072965954994814 -0.01715432142825326 1.7816518081569896
-0.8425074720760645 -0.25577815889143746 1.7951363062641432
-0.7153181527173738 -0.5206483374885882 1.7930400647040299
-0.494331437444661 -0.715225434052102 1.800698723841688
-0.2846595964292923 -0.8769568682158136 1.7742400414280164
-2.6020852139652106e-17 -0.9200654385968107 1.7750658704623765
0.2846595964292923 -0.8769568682158135 1.7742400414280164
0.494331437444661 -0.7152254340521019 1.800698723841688
0.7153181527173738 -0.5206483374885882 1.7930400647040297
0.8425074720760645 -0.2557781588914374 1.7951363062641437
0.9072965954994814 -0.017154321428253263 1.7816518081569896
# level 4
1.1752457117800321 -0.040813415944333374 1.6172638003990807
1.1352696808589493 0.36925541125261396 1.6039116452181128
0.9403756888904539 0.6941746929774013 1.6220677846337614
0.7220190646988768 0.9662355386798249 1.5946815627062423
0.3882624320949378 1.1353366336823156 1.599350297233093
0.020030620051790883 1.2217136158950157 1.5827441242603215
-0.3882624320949379 1.1353366336823156 1.599350297233093
-0.7220190646988768 0.9662355386798249 1.5946815627062423
-0.9403756888904539 0.6941746929774013 1.6220677846337614
-1.1352696808589493 0.3692554112526139 1.6039116452181128
-1.1752457117800321 -0.04081341594433336 1.6172638003990807
-1.1104430429626269 -0.3460881440099131 1.6262811339916996
-0.9147779547878548 -0.6337522110948848 1.6612937145534699
-0.6554643162607963 -0.9464779292385415 1.6347963463912945
-0.34037495557801645 -1.1060858692278397 1.6305403093946227
-1.9220364730491412e-17 -1.170314578121817 1.6210006757758366
0.34037495557801645 -1.1060858692278397 1.6305403093946227
0.6554643162607963 -0.9464779292385412 1.6347963463912945
0.9147779547878548 -0.6337522110948848 1.6612937145534699
1.1104430429626269 -0.34608814400991306 1.6262811339916996
1.1752457117800321 -0.040813415944333374 1.6172638003990807
# level 5
1.4140977118040778 -0.017140866876732427 1.4134355445019429
1.3747698916120743 0.4244859040521595 1.388607111155862
1.1336636342587059 0.8341326757486742 1.420056579121376
0.8447542798496431 1.1566344775231905 1.3952752740325893
0.46699641159606364 1.3411615622463469 1.4076099359670238
0.01984778415651256 1.4556507681447632 1.3707727396367506
-0.46699641159606364 1.3411615622463466 1.4076099359670238
-0.8447542798496431 1.1566344775231905 1.3952752740325896
-1.1336636342587059 0.8341326757486742 1.4200565791213764
-1.3747698916120745 0.4244859040521595 1.388607111155862
-1.414097711804078 -0.01714086687673242 1.4134355445019429
-1.3805930142448921 -0.39976093605769436 1.3900555391340776
-1.1766959485407391 -0.8009027358433929 1.4041750490536526
-0.8037312733369573 -1.1792011695057183 1.4004444648877765
-0.43105215905375294 -1.3398487887509436 1.4200868610602957
2.2234871184475282e-17 -1.4258959497333308 1.4016679285143439
0.43105215905375294 -1.3398487887509436 1.4200868610602955
0.8037312733369574 -1.1792011695057183 1.4004444648877765
1.1766959485407391 -0.8009027358433928 1.4041750490536526
1.3805930142448921 -0.3997609360576943 1.3900555391340776
1.4140977118040778 -0.017140866876732427 1.4134355445019429
# level 6
1.5989734748028637 -0.013121686264572868 1.2008098178553244
1.5417691905062245 0.4735298354348706 1.1818202019465511
1.2859806884140972 0.9658438254411132 1.1879636628695127
0.9809365720736977 1.293132222424605 1.1677422732177072
0.47566658711379883 1.5391702560400322 1.1841775787273958
0.019857180474087514 1.6169469677957886 1.1761817132313603
-0.47566658711379883 1.5391702560400322 1.1841775787273958
-0.9809365720736978 1.293132222424605 1.1677422732177072
-1.2859806884140972 0.9658438254411131 1.187963662869513
-1.5417691905062247 0.4735298354348706 1.1818202019465511
-1.598973474802864 -0.013121686264572906 1.2008098178553244
-1.5599662001239016 -0.4807597198841087 1.1547164836075068
-1.3446403916334988 -0.946124982649361 1.1378229275706582
-0.9321866677929858 -1.338828819371366 1.1559443667753857
-0.5051619541887621 -1.5375723861170238 1.1740328666591882
2.1870091491792993e-18 -1.6260880409401155 1.1632350135675011
0.5051619541887622 -1.537572386117024 1.1740328666591884
0.9321866677929856 -1.338828819371366 1.1559443667753857
1.3446403916334988 -0.9461249826493611 1.1378229275706582
1.5599662001239016 -0.48075971988410865 1.154716483607507
1.5989734748028637 -0.013121686264572868 1.2008098178553244
# level 7
1.7812267107123425 0.017145441672873005 0.9081312031771969
1.6906212764201711 0.5137845650946893 0.9356314756994395
1.4187794656880506 1.0470626830644756 0.9426293934720538
1.0655979133409934 1.4186009826892736 0.9221830351451765
0.5558227570283873 1.6967163375529415 0.8997417455898121
0.01984081049580073 1.7781374702443231 0.914322856598051
-0.5558227570283873 1.6967163375529415 0.8997417455898121
-1.0655979133409934 1.4186009826892734 0.9221830351451765
-1.4187794656880506 1.0470626830644756 0.9426293934720538
-1.6906212764201713 0.5137845650946893 0.9356314756994395
-1.7812267107123427 0.01714544167287301 0.9081312031771969
-1.6761042399868051 -0.5690153372491416 0.9300753388802472
-1.45356253048578 -1.058320071904109 0.8745665146533
-1.0263737629010803 -1.4560898923795387 0.9079660102237077
-0.5547714469131809 -1.6968179755700366 0.9002105781015632
6.45663317624048e-17 -1.770860910891934 0.9287387880986473
0.5547714469131808 -1.6968179755700366 0.9002105781015632
1.0263737629010805 -1.4560898923795387 0.9079660102237077
1.45356253048578 -1.058320071904109 0.8745665146533002
1.6761042399868051 -0.5690153372491416 0.9300753388802473
1.7812267107123425 0.017145441672873005 0.9081312031771969
# level 8
1.9013452226434011 0.040797508371832075 0.617760440651265
1.8142200389113248 0.5439973038524479 0.6408060219090222
1.5051066297279454 1.1544946593946648 0.6321133879245939
1.1083453007082675 1.5390876875103339 0.6331465392646111
0.5890490150919441 1.8125039980929176 0.6046448412904997
0.019887255194761207 1.8794809726446386 0.6824675859686171
-0.5890490150919441 1.8125039980929176 0.6046448412904996
-1.1083453007082675 1.539087687510334 0.6331465392646112
-1.5051066297279454 1.1544946593946646 0.632113387924594
-1.814220038911325 0.5439973038524478 0.6408060219090222
-1.9013452226434011 0.04079750837183208 0.617760440651265
-1.8110955785209506 -0.5938020685604132 0.6040065036549661
-1.5415199654150813 -1.1113505605459881 0.6215930060039775
-1.1163169515453146 -1.5472043741954717 0.5984272912818007
-0.6038755535464992 -1.8050465335329218 0.6125070598260489
-9.306814668387652e-19 -1.8921873311395105 0.6459878014503865
0.6038755535464992 -1.8050465335329218 0.6125070598260489
1.1163169515453149 -1.5472043741954717 0.5984272912818007
1.541519965415081 -1.1113505605459881 0.6215930060039774
1.8110955785209504 -0.5938020685604132 0.6040065036549661
1.9013452226434011 0.040797508371832075 0.617760440651265
# level 9
1.9749041847361544 0.01715557215855395 0.3118082330181141
1.888790518185786 0.5881888842982443 0.2906497166404446
1.588563639177989 1.1834960354467838 0.2716486948496384
1.147059307176486 1.6062057641741014 0.3196222852208639
0.6485307808027209 1.8598523467255474 0.3446763939947389
0.020042617444606226 1.963603029359672 0.3768253482556769
-0.6485307808027209 1.8598523467255474 0.3446763939947389
-1.147059307176486 1.6062057641741014 0.3196222852208639
-1.588563639177989 1.1834960354467838 0.2716486948496385
-1.8887905181857858 0.5881888842982442 0.2906497166404446
-1.9749041847361544 0.01715557215855395 0.3118082330181141
-1.8796822956936037 -0.6167015198069574 0.2903062627291424
-1.5862016296381751 -1.1753791616482943 0.3169693372426565
-1.1822326132478542 -1.5813571526355825 0.3153901838875718
-0.601720625078556 -1.8791126499532687 0.3237941212350923
6.503668739477256e-17 -1.9737769826413192 0.32050866628861063
0.601720625078556 -1.8791126499532687 0.3237941212350922
1.1822326132478542 -1.5813571526355825 0.3153901838875718
1.586201629638175 -1.1753791616482943 0.31696933724265647
1.8796822956936037 -0.6167015198069573 0.2903062627291424
1.9749041847361544 0.01715557215855395 0.3118082330181141
# level 10
1.9993177837018195 0.019416252596193704 -0.03141617915031495
1.9075484460678505 0.598444033142976 -0.03485187694398319
1.6212236099455235 1.1704085434525933 -0.005465225597648367
1.1878296314930255 1.608207826676558 0.01229638681226549
0.6199285398600434 1.9010186028353568 0.008019151815608031
7.381102177836239e-17 1.9994148374390597 -0.0342050099643183
-0.6199285398600434 1.9010186028353568 0.008019151815608031
-1.1878296314930255 1.608207826676558 0.01229638681226549
-1.6212236099455235 1.1704085434525933 -0.005465225597648367
-1.9075484460678505 0.5984440331429759 -0.03485187694398317
-1.999420268503353 -0.013112899894803062 -0.03141940102921866
-1.9075484460678505 -0.5984440331429759 0.03485187694398317
-1.6212236099455235 -1.1704085434525933 0.005465225597648367
-1.1878296314930255 -1.608207826676558 -0.01229638681226549
-0.6199285398600434 -1.9010186028353568 -0.008019151815608031
7.692731389395384e-17 -1.9994148374390597 0.0342050099643183
0.6199285398600434 -1.9010186028353568 -0.008019151815608031
1.1878296314930255 -1.608207826676558 -0.01229638681226549
1.6212236099455235 -1.1704085434525933 0.005465225597648367
1.9075484460678505 -0.598444033142976 0.03485187694398319
1.9993177837018195 0.019416252596193704 -0.03141617915031495
# level 11
1.9749041847361544 -0.01715557215855395 -0.3118082330181141
1.8796822956936037 0.6167015198069573 -0.2903062627291424
1.586201629638175 1.1753791616482943 -0.31696933724265647
1.1822326132478542 1.5813571526355825 -0.3153901838875718
0.601720625078556 1.8791126499532687 -0.3237941212350922
7.480597425237767e-17 1.9737769826413192 -0.32050866628861063
-0.601720625078556 1.8791126499532687 -0.3237941212350923
-1.1822326132478542 1.5813571526355825 -0.3153901838875718
-1.5862016296381751 1.1753791616482943 -0.3169693372426565
-1.8796822956936037 0.6167015198069574 -0.2903062627291424
-1.9749041847361544 -0.01715557215855395 -0.3118082330181141
-1.8887905181857858 -0.5881888842982442 -0.2906497166404446
-1.588563639177989 -1.1834960354467838 -0.2716486948496385
-1.147059307176486 -1.6062057641741014 -0.3196222852208639
-0.6485307808027209 -1.8598523467255474 -0.3446763939947389
0.020042617444606232 -1.963603029359672 -0.3768253482556769
0.6485307808027209 -1.8598523467255474 -0.3446763939947389
1.147059307176486 -1.6062057641741014 -0.3196222852208639
1.588563639177989 -1.1834960354467838 -0.2716486948496384
1.888790518185786 -0.5881888842982443 -0.2906497166404446
1.9749041847361544 -0.01715557215855395 -0.3118082330181141
# level 12
1.9013452226434011 -0.040797508371832075 -0.617760440651265
1.8110955785209504 0.5938020685604132 -0.6040065036549661
1.541519965415081 1.1113505605459881 -0.6215930060039774
1.1163169515453149 1.5472043741954717 -0.5984272912818007
0.6038755535464992 1.8050465335329218 -0.6125070598260489
8.151325426394218e-18 1.8921873311395105 -0.6459878014503865
-0.6038755535464992 1.8050465335329218 -0.6125070598260489
-1.1163169515453146 1.5472043741954717 -0.5984272912818007
-1.5415199654150813 1.1113505605459881 -0.6215930060039775
-1.8110955785209506 0.5938020685604132 -0.6040065036549661
-1.9013452226434011 -0.04079750837183208 -0.617760440651265
-1.814220038911325 -0.5439973038524478 -0.6408060219090222
-1.5051066297279454 -1.1544946593946646 -0.632113387924594
-1.1083453007082675 -1.539087687510334 -0.6331465392646112
-0.5890490150919441 -1.8125039980929176 -0.6046448412904996
0.019887255194761255 -1.8794809726446386 -0.682467585968617
0.5890490150919441 -1.8125039980929176 -0.6046448412904997
1.1083453007082675 -1.5390876875103339 -0.6331465392646111
1.5051066297279454 -1.1544946593946648 -0.6321133879245939
1.8142200389113248 -0.5439973038524479 -0.6408060219090222
1.9013452226434011 -0.040797508371832075 -0.617760440651265
# level 13
1.7812267107123425 -0.017145441672873005 -0.9081312031771969
1.6761042399868051 0.5690153372491416 -0.9300753388802473
1.45356253048578 1.058320071904109 -0.8745665146533002
1.0263737629010805 1.4560898923795387 -0.9079660102237077
0.5547714469131808 1.6968179755700366 -0.9002105781015632
1.1584052807372676e-16 1.7708609108919342 -0.9287387880986473
-0.5547714469131809 1.6968179755700366 -0.9002105781015632
-1.0263737629010803 1.4560898923795387 -0.9079660102237077
-1.45356253048578 1.058320071904109 -0.8745665146533
-1.6761042399868051 0.5690153372491416 -0.9300753388802472
-1.7812267107123427 -0.01714544167287301 -0.9081312031771969
-1.6906212764201713 -0.5137845650946893 -0.9356314756994395
-1.4187794656880506 -1.0470626830644756 -0.9426293934720538
-1.0655979133409934 -1.4186009826892734 -0.9221830351451765
-0.5558227570283873 -1.6967163375529415 -0.8997417455898121
0.019840810495800793 -1.7781374702443227 -0.914322856598051
0.5558227570283873 -1.6967163375529415 -0.8997417455898121
1.0655979133409934 -1.4186009826892736 -0.9221830351451765
1.4187794656880506 -1.0470626830644756 -0.9426293934720538
1.6906212764201711 -0.5137845650946893 -0.9356314756994395
1.7812267107123425 -0.017145441672873005 -0.9081312031771969
# level 14
1.5989734748028637 0.013121686264572868 -1.2008098178553244
1.5599662001239016 0.48075971988410865 -1.154716483607507
1.3446403916334988 0.9461249826493611 -1.1378229275706582
0.9321866677929856 1.338828819371366 -1.1559443667753857
0.5051619541887622 1.537572386117024 -1.1740328666591884
1.2343469966237066e-17 1.6260880409401155 -1.1632350135675011
-0.5051619541887621 1.5375723861170238 -1.1740328666591882
-0.9321866677929858 1.338828819371366 -1.1559443667753857
-1.3446403916334988 0.946124982649361 -1.1378229275706582
-1.5599662001239016 0.4807597198841087 -1.1547164836075068
-1.598973474802864 0.013121686264572906 -1.2008098178553244
-1.5417691905062247 -0.4735298354348706 -1.1818202019465511
-1.2859806884140972 -0.9658438254411131 -1.187963662869513
-0.9809365720736978 -1.293132222424605 -1.1677422732177072
-0.47566658711379883 -1.5391702560400322 -1.1841775787273958
0.019857180474087605 -1.6169469677957888 -1.1761817132313603
0.47566658711379883 -1.5391702560400322 -1.1841775787273958
0.9809365720736977 -1.293132222424605 -1.1677422732177072
1.2859806884140972 -0.9658438254411132 -1.1879636628695127
1.5417691905062245 -0.4735298354348706 -1.1818202019465511
1.5989734748028637 0.013121686264572868 -1.2008098178553244
# level 15
1.4140977118040778 0.017140866876732427 -1.4134355445019429
1.3805930142448921 0.3997609360576943 -1.3900555391340776
1.1766959485407391 0.8009027358433928 -1.4041750490536526
0.8037312733369574 1.1792011695057183 -1.4004444648877765
0.43105215905375294 1.3398487887509436 -1.4200868610602955
9.645811792797892e-17 1.4258959497333308 -1.4016679285143439
-0.43105215905375294 1.3398487887509436 -1.4200868610602957
-0.8037312733369573 1.1792011695057183 -1.4004444648877765
-1.1766959485407391 0.8009027358433929 -1.4041750490536526
-1.3805930142448921 0.39976093605769436 -1.3900555391340776
-1.414097711804078 0.01714086687673242 -1.4134355445019429
-1.3747698916120745 -0.4244859040521595 -1.388607111155862
-1.1336636342587059 -0.8341326757486742 -1.4200565791213764
-0.8447542798496431 -1.1566344775231905 -1.3952752740325896
-0.46699641159606364 -1.3411615622463466 -1.4076099359670238
0.019847784156512668 -1.4556507681447632 -1.3707727396367504
0.46699641159606364 -1.3411615622463469 -1.4076099359670238
0.8447542798496431 -1.1566344775231905 -1.3952752740325893
1.1336636342587059 -0.8341326757486742 -1.420056579121376
1.3747698916120743 -0.4244859040521595 -1.388607111155862
1.4140977118040778 0.017140866876732427 -1.4134355445019429
# level 16
1.1752457117800321 0.040813415944333374 -1.6172638003990807
1.1104430429626269 0.34608814400991306 -1.6262811339916996
0.9147779547878548 0.6337522110948848 -1.6612937145534699
0.6554643162607963 0.9464779292385412 -1.6347963463912945
0.34037495557801645 1.1060858692278397 -1.6305403093946227
3.125244762740321e-17 1.1703145781218172 -1.6210006757758366
-0.34037495557801645 1.1060858692278397 -1.6305403093946227
-0.6554643162607963 0.9464779292385415 -1.6347963463912945
-0.9147779547878548 0.6337522110948848 -1.6612937145534699
-1.1104430429626269 0.3460881440099131 -1.6262811339916996
-1.1752457117800321 0.04081341594433336 -1.6172638003990807
-1.1352696808589493 -0.3692554112526139 -1.6039116452181128
-0.9403756888904539 -0.6941746929774013 -1.6220677846337614
-0.7220190646988768 -0.9662355386798249 -1.5946815627062423
-0.3882624320949379 -1.1353366336823156 -1.599350297233093
0.020030620051791022 -1.2217136158950155 -1.5827441242603215
0.3882624320949378 -1.1353366336823156 -1.599350297233093
0.7220190646988768 -0.9662355386798249 -1.5946815627062423
0.9403756888904539 -0.6941746929774013 -1.6220677846337614
1.1352696808589493 -0.36925541125261396 -1.6039116452181128
1.1752457117800321 0.040813415944333374 -1.6172638003990807
# level 17
0.9072965954994814 0.017154321428253263 -1.7816518081569896
0.8425074720760645 0.2557781588914374 -1.7951363062641437
0.7153181527173738 0.5206483374885882 -1.7930400647040297
0.494331437444661 0.7152254340521019 -1.800698723841688
0.2846595964292923 0.8769568682158135 -1.7742400414280164
5.0306980803327406e-17 0.9200654385968106 -1.7750658704623767
-0.2846595964292923 0.8769568682158136 -1.7742400414280164
-0.494331437444661 0.715225434052102 -1.800698723841688
-0.7153181527173738 0.5206483374885882 -1.7930400647040299
-0.8425074720760645 0.25577815889143746 -1.7951363062641432
-0.9072965954994814 0.01715432142825326 -1.7816518081569896
-0.8417856585664598 -0.28933787936461136 -1.7903228416119168
-0.7192477438626926 -0.513441581374673 -1.7937011433186194
-0.5569220095887153 -0.7413568921026571 -1.7714545203969885
-0.3310005678260505 -0.8514998691506351 -1.7785385769208704
0.020110873890240938 -0.9286964332454657 -1.7707227387216036
0.3310005678260505 -0.8514998691506351 -1.7785385769208704
0.5569220095887153 -0.7413568921026571 -1.7714545203969885
0.7192477438626927 -0.513441581374673 -1.7937011433186194
0.8417856585664598 -0.28933787936461136 -1.7903228416119168
0.9072965954994814 0.017154321428253263 -1.7816518081569896
# level 18
0.6477369649599094 0.013128698000755263 -1.89185199280331
0.5726870497023681 0.1826891150505489 -1.9069879963410779
0.5051226680887506 0.3624277768386662 -1.9003071077963336
0.37589183973992624 0.5073713772384993 -1.8970985703001624
0.1971995434625438 0.6112203423417615 -1.893435885891576
9.107298248878237e-17 0.6088735942591887 -1.904420845622665
-0.1971995434625438 0.6112203423417615 -1.893435885891576
-0.37589183973992624 0.5073713772384993 -1.8970985703001626
-0.5051226680887506 0.3624277768386663 -1.9003071077963336
-0.5726870497023682 0.1826891150505489 -1.906987996341078
-0.6477369649599094 0.013128698000755272 -1.89185199280331
-0.5787097648598323 -0.17095723438555932 -1.9062661283693907
-0.5029695955292762 -0.3340070495878378 -1.9061292438369724
-0.3873716704124495 -0.4520013680411723 -1.9087894877629576
-0.2058301614223963 -0.5397916901175015 -1.9141812222298433
1.491862189340054e-16 -0.602532999181042 -1.9065977723334087
0.20583016142239635 -0.5397916901175017 -1.9141812222298435
0.3873716704124495 -0.4520013680411723 -1.9087894877629576
0.5029695955292762 -0.3340070495878378 -1.9061292438369724
0.5787097648598323 -0.1709572343855593 -1.9062661283693907
0.6477369649599094 0.013128698000755263 -1.89185199280331
# level 19
0.31273273258273515 -0.017183103049848193 -1.9747573955201028
0.2776696393892498 0.08139833019469428 -1.9784130948589953
0.2563701273024602 0.16499085627751228 -1.9759819880971365
0.19210512962901713 0.2561031807849964 -1.9735319492765648
0.11574966830308528 0.29701538944350225 -1.9737719046229563
4.336808689942018e-17 0.3046732378696208 -1.975931428756164
-0.1157496683030853 0.29701538944350225 -1.9737719046229567
-0.1921051296290171 0.2561031807849964 -1.9735319492765646
-0.2563701273024602 0.1649908562775123 -1.9759819880971365
-0.2776696393892498 0.08139833019469428 -1.9784130948589953
-0.31273273258273515 -0.0171831030498482 -1.9747573955201028
-0.2782128823279466 -0.0809488554290112 -1.9785080696109543
-0.25782789954965596 -0.14651764881923038 -1.9774809765597388
-0.19322867578668768 -0.22505467352559877 -1.9773262185684284
-0.11604835823550089 -0.26761557611360864 -1.9780765224583499
7.042977312465837e-16 -0.3002662315548965 -1.9767301479257047
0.11604835823550089 -0.26761557611360864 -1.9780765224583499
0.19322867578668768 -0.22505467352559874 -1.9773262185684286
0.257827899549656 -0.1465176488192304 -1.9774809765597388
0.2782128823279466 -0.0809488554290112 -1.9785080696109543
0.31273273258273515 -0.017183103049848193 -1.9747573955201028
# level 20
1.682681771697503e-16 -0.04078264017296364 -1.9991860165733402
1.682681771697503e-16 -0.04078264017296364 -1.9991860165733402
1.682681771697503e-16 -0.04078264017296364 -1.9991860165733402
1.682681771697503e-16 -0.04078264017296364 -1.9991860165733402
1.682681771697503e-16 -0.04078264017296364 -1.9991860165733402
1.682681771697503e-16 -0.04078264017296364 -1.9991860165733402
1.682681771697503e-16 -0.04078264017296364 -1.9991860165733402
1.682681771697503e-16 -0.04078264017296364 -1.9991860165733402
1.682681771697503e-16 -0.04078264017296364 -1.9991860165733402
1.682681771697503e-16 -0.04078264017296364 -1.9991860165733402
1.682681771697503e-16 -0.04078264017296364 -1.9991860165733402
1.682681771697503e-16 -0.04078264017296364 -1.9991860165733402
1.682681771697503e-16 -0.04078264017296364 -1.9991860165733402
1.682681771697503e-16 -0.04078264017296364 -1.9991860165733402
1.682681771697503e-16 -0.04078264017296364 -1.9991860165733402
1.682681771697503e-16 -0.04078264017296364 -1.9991860165733402
1.682681771697503e-16 -0.04078264017296364 -1.9991860165733402
1.682681771697503e-16 -0.04078264017296364 -1.9991860165733402
1.682681771697503e-16 -0.04078264017296364 -1.9991860165733402
1.682681771697503e-16 -0.04078264017296364 -1.9991860165733402
1.682681771697503e-16 -0.04078264017296364 -1.9991860165733402
