# level 0
2.949029909160572e-17 0.00598965548390901 0.9997914757555372
2.949029909160572e-17 0.00598965548390901 0.9997914757555372
2.949029909160572e-17 0.00598965548390901 0.9997914757555372
2.949029909160572e-17 0.00598965548390901 0.9997914757555372
2.949029909160572e-17 0.00598965548390901 0.9997914757555372
2.949029909160572e-17 0.00598965548390901 0.9997914757555372
2.949029909160572e-17 0.00598965548390901 0.9997914757555372
2.949029909160572e-17 0.00598965548390901 0.9997914757555372
2.949029909160572e-17 0.00598965548390901 0.9997914757555372
2.949029909160572e-17 0.00598965548390901 0.9997914757555372
2.949029909160572e-17 0.00598965548390901 0.9997914757555372
2.949029909160572e-17 0.00598965548390901 0.9997914757555372
2.949029909160572e-17 0.00598965548390901 0.9997914757555372
2.949029909160572e-17 0.00598965548390901 0.9997914757555372
2.949029909160572e-17 0.00598965548390901 0.9997914757555372
2.949029909160572e-17 0.00598965548390901 0.9997914757555372
2.949029909160572e-17 0.00598965548390901 0.9997914757555372
2.949029909160572e-17 0.00598965548390901 0.9997914757555372
2.949029909160572e-17 0.00598965548390901 0.9997914757555372
2.949029909160572e-17 0.00598965548390901 0.9997914757555372
2.949029909160572e-17 0.00598965548390901 0.9997914757555372
# level 1
0.15633903730438203 0.0040323932732849715 0.987150150250226
0.15141667273413034 0.046836409638839234 0.9871660185131237
0.1311855990054998 0.0863247349799168 0.9873605087193769
0.09693095764905463 0.11813762928821839 0.9877326175720261
0.05117858428546474 0.13898662931479455 0.9885076736797017
1.97758476261356e-16 0.14590591363719835 0.9887155264487008
-0.05117858428546473 0.13898662931479455 0.9885076736797017
-0.09693095764905461 0.11813762928821839 0.987732617572026
-0.13118559900549978 0.08632473497991679 0.987360508719377
-0.15141667273413034 0.04683640963883924 0.9871660185131237
-0.156339037304382 0.004032393273284976 0.987150150250226
-0.15023572596392756 -0.044435836790848386 0.9872549985945911
-0.12920549072516002 -0.08941881876606293 0.9869834934822399
-0.09488561024043873 -0.12480853061291966 0.9869671618013346
-0.04997297501932672 -0.14724580705021975 0.9872413684455932
1.214306433183765e-17 -0.154482782348564 0.9872743461080007
0.0499729750193267 -0.14724580705021975 0.987241368445593
0.09488561024043873 -0.12480853061291966 0.9869671618013347
0.12920549072516005 -0.08941881876606289 0.98698349348224
0.15023572596392754 -0.044435836790848386 0.9872549985945911
0.15633903730438203 0.0040323932732849715 0.987150150250226
# level 2
0.3090207579525698 -9.246735259129671e-07 0.9510549941484302
0.29623241219694796 0.09000847471198006 0.9504137111313123
0.2571851855421726 0.17058045315164738 0.9506807777308333
0.19513672167845092 0.23187361313217358 0.9524477622255005
0.10880591273680552 0.2722960314832587 0.9555194634333277
3.8163916471489756e-17 0.2903428747474522 0.9565781271648786
-0.1088059127368055 0.27229603148325865 0.9555194634333275
-0.19513672167845092 0.23187361313217358 0.9524477622255005
-0.2571851855421726 0.1705804531516474 0.9506807777308334
-0.29623241219694796 0.09000847471198006 0.9504137111313125
-0.3090207579525698 -9.246735259215161e-07 0.9510549941484302
-0.2939299818386614 -0.09265479368804766 0.9508560399183137
-0.2516654327939005 -0.181016004056006 0.9501233368485535
-0.1866710056050223 -0.2519973167655064 0.948953241161835
-0.09887819488541923 -0.2971818769356726 0.9491304508445442
6.938893903907228e-18 -0.3121922490983908 0.9494443121761204
0.09887819488541923 -0.2971818769356726 0.9491304508445442
0.1866710056050223 -0.25199731676550635 0.9489532411618349
0.2516654327939005 -0.18101600405600599 0.9501233368485535
0.29392998183866137 -0.09265479368804766 0.9508560399183137
0.3090207579525698 -9.246735259129671e-07 0.9510549941484302
# level 3
0.4533350782689154 -0.004024394155529222 0.8907272625957308
0.4281547106765369 0.14032866072409172 0.8921548775273446
0.366488882509188 0.26560821116562333 0.8914041820318138
0.2781490614147498 0.3631788280015553 0.8886935135558738
0.1608738202904963 0.42989877095658213 0.8878593957481304
-2.2929693820339855e-06 0.45696257328347256 0.889211181290712
-0.16087382029049632 0.42989877095658213 0.8878593957481306
-0.2781490614147498 0.3631788280015553 0.8886935135558738
-0.366488882509188 0.26560821116562333 0.8914041820318138
-0.4281547106765369 0.14032866072409172 0.8921548775273445
-0.4533350782689154 -0.0040243941555292186 0.8907272625957308
-0.42539453834130503 -0.12770536714781913 0.8953506870602252
-0.3587341767293314 -0.25404030227009594 0.8976250639219934
-0.258244580389832 -0.3651179014478658 0.8942288062273492
-0.1353641536483365 -0.4331304673943484 0.8906513380718096
-2.6020852139652106e-17 -0.4552293465492158 0.8896691189831769
0.13536415364833648 -0.4331304673943484 0.8906513380718097
0.258244580389832 -0.3651179014478657 0.8942288062273492
0.3587341767293314 -0.25404030227009594 0.8976250639219931
0.42539453834130503 -0.12770536714781916 0.8953506870602255
0.4533350782689154 -0.004024394155529222 0.8907272625957308
# level 4
0.5878179201368765 -0.005986796356882829 0.8087369324637247
0.5579113129419695 0.1816628722932276 0.8092630723741087
0.4714316297072935 0.3476898180932714 0.8096395103637496
0.357940552720915 0.4771731364849148 0.8020499938955766
0.19727015283366894 0.5647400848825763 0.8006378785488635
-8.838411073542738e-06 0.610776597957446 0.7913185875115603
-0.19727015283366894 0.5647400848825763 0.8006378785488635
-0.35794055272091496 0.4771731364849147 0.8020499938955765
-0.47143162970729346 0.3476898180932713 0.8096395103637496
-0.5579113129419695 0.1816628722932276 0.8092630723741088
-0.5878179201368765 -0.005986796356882818 0.8087369324637247
-0.5583776146803381 -0.17012654675336528 0.8112588771260252
-0.4658017594847851 -0.32374707731701646 0.8232500444010453
-0.3206772182368656 -0.4793460662522885 0.8164410313968187
-0.16904752523957373 -0.5598393264997955 0.8106246880217371
-1.9220364730491412e-17 -0.5862712576785339 0.8092781863463613
0.16904752523957373 -0.5598393264997955 0.8106246880217371
0.3206772182368656 -0.4793460662522885 0.8164410313968187
0.4658017594847851 -0.3237470773170165 0.8232500444010453
0.5583776146803381 -0.17012654675336528 0.8112588771260252
0.5878179201368765 -0.005986796356882829 0.8087369324637247
# level 5
0.7070517461428898 -0.004025803610565466 0.7063895788407548
0.6756168755449423 0.22028382113397776 0.7034162111461575
0.5729010059800073 0.4178931665710727 0.7043122492622038
0.4186844600470992 0.5710354045046663 0.7056824707542542
0.22188102557784548 0.6740750362919503 0.704108681933149
-2.715430660657845e-06 0.7222982153748544 0.6912140659285873
-0.2218810255778455 0.6740750362919503 0.7041086819331491
-0.4186844600470992 0.5710354045046663 0.7056824707542542
-0.5729010059800073 0.4178931665710728 0.7043122492622038
-0.6756168755449424 0.22028382113397776 0.7034162111461575
-0.7070517461428899 -0.00402580361056546 0.7063895788407548
-0.6827985179715875 -0.20051500495780425 0.7020265427169041
-0.5857614842857637 -0.40476407477457527 0.7014157587114407
-0.4026599027163272 -0.5856302068212762 0.7027229818256928
-0.2158624024019239 -0.6727510479542353 0.7068730271675038
2.2234871184475282e-17 -0.7043766000399037 0.7092736564280027
0.2158624024019239 -0.6727510479542353 0.7068730271675038
0.4026599027163272 -0.5856302068212762 0.7027229818256928
0.5857614842857637 -0.4047640747745752 0.7014157587114406
0.6827985179715876 -0.20051500495780428 0.7020265427169041
0.7070517461428898 -0.004025803610565466 0.7063895788407548
# level 6
0.8089082036089584 -2.5781404967266046e-06 0.5879274830998433
0.768084811669227 0.24521134189135152 0.5908183851560885
0.6446654528457951 0.47677740439327165 0.5967540516220056
0.4782854241544383 0.6521281247376712 0.58769436981316
0.24633754547298742 0.7671114039332351 0.5914438108824703
-7.974440904274033e-06 0.8129880816563642 0.5818287162525789
-0.24633754547298742 0.7671114039332351 0.5914438108824704
-0.47828542415443837 0.6521281247376712 0.58769436981316
-0.6446654528457951 0.4767774043932716 0.5967540516220057
-0.7680848116692272 0.24521134189135152 0.5908183851560884
-0.8089082036089585 -2.5781404967287464e-06 0.5879274830998433
-0.7743859521136716 -0.24133813391090486 0.5841544991516011
-0.6697689022975633 -0.47899922313658283 0.5665594177250647
-0.46805641793648506 -0.6704373965517254 0.5747077393427378
-0.2517122249058128 -0.7688226101296123 0.5868471918971893
2.1870091491792993e-18 -0.8090022195845776 0.5867189595501424
0.25171222490581285 -0.7688226101296124 0.5868471918971894
0.468056417936485 -0.6704373965517254 0.5747077393427378
0.6697689022975633 -0.47899922313658283 0.5665594177250647
0.7743859521136717 -0.24133813391090486 0.5841544991516011
0.8089082036089584 -2.5781404967266046e-06 0.5879274830998433
# level 7
0.8903020678978224 0.004023829426216455 0.4541696363922233
0.8448155656506896 0.2572551312647998 0.467865135302176
0.7055894340733438 0.5285705950340394 0.47090284826259476
0.5290121044603698 0.7177916832506644 0.45213836117440054
0.2715452612976597 0.8487657165109554 0.45234253940413294
-7.72224121469395e-06 0.8869930166743146 0.4610375175238659
-0.2715452612976597 0.8487657165109554 0.45234253940413294
-0.5290121044603698 0.7177916832506644 0.45213836117440054
-0.7055894340733438 0.5285705950340394 0.47090284826259476
-0.8448155656506896 0.25725513126479976 0.467865135302176
-0.8903020678978225 0.004023829426216459 0.4541696363922234
-0.8442586419038443 -0.2772276584700949 0.4579600442087687
-0.7292620610032915 -0.5256236504850273 0.43681846781042655
-0.5214015176932799 -0.723795814282201 0.45107607298130814
-0.2758157351011946 -0.8467490424417801 0.4534818911139737
6.45663317624048e-17 -0.8940064540905628 0.44798286084701955
0.27581573510119456 -0.84674904244178 0.45348189111397363
0.5214015176932799 -0.723795814282201 0.45107607298130814
0.7292620610032915 -0.5256236504850273 0.43681846781042655
0.8442586419038443 -0.2772276584700949 0.4579600442087687
0.8903020678978224 0.004023829426216455 0.4541696363922233
# level 8
0.9508571780936648 0.005991200315443177 0.308954679552962
0.9086450812455087 0.2754480576424093 0.31245362217883077
0.7555992239734322 0.5750168216797694 0.31204451359219487
0.5581481868135632 0.7703440418528446 0.3070846691798523
0.2929973399474897 0.9051970894335214 0.3060689227319324
-1.4574382349431706e-06 0.9437146495379088 0.33040817670774597
-0.2929973399474897 0.9051970894335214 0.3060689227319324
-0.5581481868135633 0.7703440418528447 0.30708466917985233
-0.7555992239734323 0.5750168216797694 0.3120445135921949
-0.9086450812455089 0.2754480576424093 0.31245362217883077
-0.9508571780936648 0.0059912003154431875 0.308954679552962
-0.9028549099958204 -0.2971471797025729 0.30888828165949656
-0.7700438994908663 -0.5582726057226135 0.3070624739494732
-0.5581188495596892 -0.7678369242409874 0.31382009374264874
-0.2965662518790534 -0.9014693520487613 0.313995300912254
-9.306814668387652e-19 -0.9475359084436793 0.3179120638550227
0.2965662518790534 -0.9014693520487613 0.313995300912254
0.5581188495596893 -0.7678369242409875 0.31382009374264874
0.7700438994908662 -0.5582726057226135 0.30706247394947317
0.9028549099958203 -0.2971471797025729 0.30888828165949656
0.9508571780936648 0.005991200315443177 0.308954679552962
# level 9
0.9872968677331009 0.0040103857339338495 0.15541452638037032
0.9470684529337705 0.2861161976092999 0.14262389533212697
0.7920566357230305 0.5923834279727536 0.14451695714242602
0.5756616095284872 0.8022440503103965 0.15484900533635015
0.3181955448912578 0.9341372821012589 0.16047473536222961
-1.0507973583583322e-05 0.9825152407057719 0.18430360113301358
-0.3181955448912578 0.9341372821012589 0.16047473536222961
-0.5756616095284872 0.8022440503103965 0.15484900533635015
-0.7920566357230305 0.5923834279727536 0.14451695714242604
-0.9470684529337705 0.2861161976092999 0.142623895332127
-0.9872968677331009 0.0040103857339338495 0.15541452638037032
-0.9388808308897036 -0.30789842017824853 0.1505448607522804
-0.798351127247201 -0.579938029002407 0.15967520691455828
-0.5808303478235977 -0.7987750663887663 0.15451571907679856
-0.3102914497758447 -0.9364894837324496 0.16091194821969046
6.503668739477256e-17 -0.9844354390951549 0.1748951016262035
0.3102914497758447 -0.9364894837324496 0.16091194821969046
0.5808303478235977 -0.7987750663887663 0.15451571907679856
0.798351127247201 -0.579938029002407 0.15967520691455828
0.9388808308897036 -0.3078984201782485 0.1505448607522804
0.9872968677331009 0.0040103857339338495 0.15541452638037032
# level 10
1.0 2.370859463371419e-17 -6.985131543786682e-17
0.9523901441183584 0.3036687261543817 -0.0069209513105022505
0.80642935642081 0.5907166117307231 -0.013686461494486182
0.5888934649626756 0.8074575282875157 0.0036692174161825587
0.32213796546757145 0.9464015719717639 0.0028135598051155708
7.381102177836239e-17 0.9999999987413761 -3.6774985486972035e-08
-0.32213796546757145 0.9464015719717639 0.0028135598051155708
-0.5888934649626756 0.8074575282875157 0.0036692174161825587
-0.80642935642081 0.5907166117307231 -0.013686461494486182
-0.9523901441183584 0.3036687261543817 -0.0069209513105022435
-1.0 2.1361481299892225e-17 -2.1965288686993574e-16
-0.9523901441183584 -0.3036687261543817 0.0069209513105022435
-0.80642935642081 -0.5907166117307231 0.013686461494486182
-0.5888934649626756 -0.8074575282875157 -0.0036692174161825587
-0.32213796546757145 -0.9464015719717639 -0.0028135598051155708
7.692731389395384e-17 -0.9999999987413761 3.6774985486972035e-08
0.32213796546757145 -0.9464015719717639 -0.0028135598051155708
0.5888934649626756 -0.8074575282875157 -0.0036692174161825587
0.80642935642081 -0.5907166117307231 0.013686461494486182
0.9523901441183584 -0.3036687261543817 0.0069209513105022505
1.0 2.370859463371419e-17 -6.985131543786682e-17
# level 11
0.9872968677331009 -0.0040103857339338495 -0.15541452638037032
0.9388808308897036 0.3078984201782485 -0.1505448607522804
0.798351127247201 0.579938029002407 -0.15967520691455828
0.5808303478235977 0.7987750663887663 -0.15451571907679856
0.3102914497758447 0.9364894837324496 -0.16091194821969046
7.480597425237767e-17 0.9844354390951549 -0.17489510162620353
-0.3102914497758447 0.9364894837324496 -0.16091194821969046
-0.5808303478235977 0.7987750663887663 -0.15451571907679856
-0.798351127247201 0.579938029002407 -0.15967520691455828
-0.9388808308897036 0.30789842017824853 -0.1505448607522804
-0.9872968677331009 -0.0040103857339338495 -0.15541452638037032
-0.9470684529337705 -0.2861161976092999 -0.142623895332127
-0.7920566357230305 -0.5923834279727536 -0.14451695714242604
-0.5756616095284872 -0.8022440503103965 -0.15484900533635015
-0.3181955448912578 -0.9341372821012589 -0.16047473536222961
-1.0507973583582629e-05 -0.982515240705772 -0.18430360113301358
0.3181955448912578 -0.9341372821012589 -0.16047473536222961
0.5756616095284872 -0.8022440503103965 -0.15484900533635015
0.7920566357230305 -0.5923834279727536 -0.14451695714242602
0.9470684529337705 -0.2861161976092999 -0.14262389533212697
0.9872968677331009 -0.0040103857339338495 -0.15541452638037032
# level 12
0.9508571780936648 -0.005991200315443177 -0.308954679552962
0.9028549099958203 0.2971471797025729 -0.30888828165949656
0.7700438994908662 0.5582726057226135 -0.30706247394947317
0.5581188495596893 0.7678369242409875 -0.31382009374264874
0.2965662518790534 0.9014693520487613 -0.313995300912254
8.151325426394218e-18 0.9475359084436793 -0.3179120638550227
-0.2965662518790534 0.9014693520487613 -0.313995300912254
-0.5581188495596892 0.7678369242409874 -0.31382009374264874
-0.7700438994908663 0.5582726057226135 -0.3070624739494732
-0.9028549099958204 0.2971471797025729 -0.30888828165949656
-0.9508571780936648 -0.0059912003154431875 -0.308954679552962
-0.9086450812455089 -0.2754480576424093 -0.31245362217883077
-0.7555992239734323 -0.5750168216797694 -0.3120445135921949
-0.5581481868135633 -0.7703440418528447 -0.30708466917985233
-0.2929973399474897 -0.9051970894335214 -0.3060689227319324
-1.4574382349115155e-06 -0.9437146495379088 -0.3304081767077459
0.2929973399474897 -0.9051970894335214 -0.3060689227319324
0.5581481868135632 -0.7703440418528446 -0.3070846691798523
0.7555992239734322 -0.5750168216797694 -0.31204451359219487
0.9086450812455087 -0.2754480576424093 -0.31245362217883077
0.9508571780936648 -0.005991200315443177 -0.308954679552962
# level 13
0.8903020678978224 -0.004023829426216455 -0.4541696363922233
0.8442586419038443 0.2772276584700949 -0.4579600442087687
0.7292620610032915 0.5256236504850273 -0.43681846781042655
0.5214015176932799 0.723795814282201 -0.45107607298130814
0.27581573510119456 0.84674904244178 -0.45348189111397363
1.1584052807372676e-16 0.8940064540905629 -0.4479828608470196
-0.2758157351011946 0.8467490424417801 -0.4534818911139737
-0.5214015176932799 0.723795814282201 -0.45107607298130814
-0.7292620610032915 0.5256236504850273 -0.43681846781042655
-0.8442586419038443 0.2772276584700949 -0.4579600442087687
-0.8903020678978225 -0.004023829426216459 -0.4541696363922234
-0.8448155656506896 -0.25725513126479976 -0.467865135302176
-0.7055894340733438 -0.5285705950340394 -0.47090284826259476
-0.5290121044603698 -0.7177916832506644 -0.45213836117440054
-0.2715452612976597 -0.8487657165109554 -0.45234253940413294
-7.72224121464957e-06 -0.8869930166743145 -0.4610375175238659
0.2715452612976597 -0.8487657165109554 -0.45234253940413294
0.5290121044603698 -0.7177916832506644 -0.45213836117440054
0.7055894340733438 -0.5285705950340394 -0.47090284826259476
0.8448155656506896 -0.2572551312647998 -0.467865135302176
0.8903020678978224 -0.004023829426216455 -0.4541696363922233
# level 14
0.8089082036089584 2.5781404967266046e-06 -0.5879274830998433
0.7743859521136717 0.24133813391090486 -0.5841544991516011
0.6697689022975633 0.47899922313658283 -0.5665594177250647
0.468056417936485 0.6704373965517254 -0.5747077393427378
0.25171222490581285 0.7688226101296124 -0.5868471918971894
1.2343469966237066e-17 0.8090022195845777 -0.5867189595501425
-0.2517122249058128 0.7688226101296123 -0.5868471918971893
-0.46805641793648506 0.6704373965517254 -0.5747077393427378
-0.6697689022975633 0.47899922313658283 -0.5665594177250647
-0.7743859521136716 0.24133813391090486 -0.5841544991516011
-0.8089082036089585 2.5781404967287464e-06 -0.5879274830998433
-0.7680848116692272 -0.24521134189135152 -0.5908183851560884
-0.6446654528457951 -0.4767774043932716 -0.5967540516220057
-0.47828542415443837 -0.6521281247376712 -0.58769436981316
-0.24633754547298742 -0.7671114039332351 -0.5914438108824704
-7.974440904214856e-06 -0.8129880816563643 -0.5818287162525789
0.24633754547298742 -0.7671114039332351 -0.5914438108824703
0.4782854241544383 -0.6521281247376712 -0.58769436981316
0.6446654528457951 -0.47677740439327165 -0.5967540516220056
0.768084811669227 -0.24521134189135152 -0.5908183851560885
0.8089082036089584 2.5781404967266046e-06 -0.5879274830998433
# level 15
0.7070517461428898 0.004025803610565466 -0.7063895788407548
0.6827985179715876 0.20051500495780428 -0.7020265427169041
0.5857614842857637 0.4047640747745752 -0.7014157587114406
0.4026599027163272 0.5856302068212762 -0.7027229818256928
0.2158624024019239 0.6727510479542353 -0.7068730271675038
9.645811792797892e-17 0.7043766000399037 -0.7092736564280027
-0.2158624024019239 0.6727510479542353 -0.7068730271675038
-0.4026599027163272 0.5856302068212762 -0.7027229818256928
-0.5857614842857637 0.40476407477457527 -0.7014157587114407
-0.6827985179715875 0.20051500495780425 -0.7020265427169041
-0.7070517461428899 0.00402580361056546 -0.7063895788407548
-0.6756168755449424 -0.22028382113397776 -0.7034162111461575
-0.5729010059800073 -0.4178931665710728 -0.7043122492622038
-0.4186844600470992 -0.5710354045046663 -0.7056824707542542
-0.2218810255778455 -0.6740750362919503 -0.7041086819331491
-2.7154306605775957e-06 -0.7222982153748545 -0.6912140659285871
0.22188102557784548 -0.6740750362919503 -0.704108681933149
0.4186844600470992 -0.5710354045046663 -0.7056824707542542
0.5729010059800073 -0.4178931665710727 -0.7043122492622038
0.6756168755449423 -0.22028382113397776 -0.7034162111461575
0.7070517461428898 0.004025803610565466 -0.7063895788407548
# level 16
0.5878179201368765 0.005986796356882829 -0.8087369324637247
0.5583776146803381 0.17012654675336528 -0.8112588771260252
0.4658017594847851 0.3237470773170165 -0.8232500444010453
0.3206772182368656 0.4793460662522885 -0.8164410313968187
0.16904752523957373 0.5598393264997955 -0.8106246880217371
3.125244762740321e-17 0.586271257678534 -0.8092781863463612
-0.16904752523957373 0.5598393264997955 -0.8106246880217371
-0.3206772182368656 0.4793460662522885 -0.8164410313968187
-0.4658017594847851 0.32374707731701646 -0.8232500444010453
-0.5583776146803381 0.17012654675336528 -0.8112588771260252
-0.5878179201368765 0.005986796356882818 -0.8087369324637247
-0.5579113129419695 -0.1816628722932276 -0.8092630723741088
-0.47143162970729346 -0.3476898180932713 -0.8096395103637496
-0.35794055272091496 -0.4771731364849147 -0.8020499938955765
-0.19727015283366894 -0.5647400848825763 -0.8006378785488635
-8.838411073442685e-06 -0.6107765979574459 -0.7913185875115603
0.19727015283366894 -0.5647400848825763 -0.8006378785488635
0.357940552720915 -0.4771731364849148 -0.8020499938955766
0.4714316297072935 -0.3476898180932714 -0.8096395103637496
0.5579113129419695 -0.1816628722932276 -0.8092630723741087
0.5878179201368765 0.005986796356882829 -0.8087369324637247
# level 17
0.4533350782689154 0.004024394155529222 -0.8907272625957308
0.42539453834130503 0.12770536714781916 -0.8953506870602255
0.3587341767293314 0.25404030227009594 -0.8976250639219931
0.258244580389832 0.3651179014478657 -0.8942288062273492
0.13536415364833648 0.4331304673943484 -0.8906513380718097
5.0306980803327406e-17 0.45522934654921576 -0.889669118983177
-0.1353641536483365 0.4331304673943484 -0.8906513380718096
-0.258244580389832 0.3651179014478658 -0.8942288062273492
-0.3587341767293314 0.25404030227009594 -0.8976250639219934
-0.42539453834130503 0.12770536714781913 -0.8953506870602252
-0.4533350782689154 0.0040243941555292186 -0.8907272625957308
-0.4281547106765369 -0.14032866072409172 -0.8921548775273445
-0.366488882509188 -0.26560821116562333 -0.8914041820318138
-0.2781490614147498 -0.3631788280015553 -0.8886935135558738
-0.16087382029049632 -0.42989877095658213 -0.8878593957481306
-2.2929693818957015e-06 -0.4569625732834726 -0.889211181290712
0.1608738202904963 -0.42989877095658213 -0.8878593957481304
0.2781490614147498 -0.3631788280015553 -0.8886935135558738
0.366488882509188 -0.26560821116562333 -0.8914041820318138
0.4281547106765369 -0.14032866072409172 -0.8921548775273446
0.4533350782689154 0.004024394155529222 -0.8907272625957308
# level 18
0.3090207579525698 9.246735259129671e-07 -0.9510549941484302
0.29392998183866137 0.09265479368804766 -0.9508560399183137
0.2516654327939005 0.18101600405600599 -0.9501233368485535
0.1866710056050223 0.25199731676550635 -0.9489532411618349
0.09887819488541923 0.2971818769356726 -0.9491304508445442
9.107298248878237e-17 0.31219224909839083 -0.9494443121761204
-0.09887819488541923 0.2971818769356726 -0.9491304508445442
-0.1866710056050223 0.2519973167655064 -0.948953241161835
-0.2516654327939005 0.181016004056006 -0.9501233368485535
-0.2939299818386614 0.09265479368804766 -0.9508560399183137
-0.3090207579525698 9.246735259215161e-07 -0.9510549941484302
-0.29623241219694796 -0.09000847471198006 -0.9504137111313125
-0.2571851855421726 -0.1705804531516474 -0.9506807777308334
-0.19513672167845092 -0.23187361313217358 -0.9524477622255005
-0.1088059127368055 -0.27229603148325865 -0.9555194634333275
1.491862189340054e-16 -0.2903428747474522 -0.9565781271648786
0.10880591273680552 -0.2722960314832587 -0.9555194634333277
0.19513672167845092 -0.23187361313217358 -0.9524477622255005
0.2571851855421726 -0.17058045315164738 -0.9506807777308333
0.29623241219694796 -0.09000847471198006 -0.9504137111313123
0.3090207579525698 9.246735259129671e-07 -0.9510549941484302
# level 19
0.15633903730438203 -0.0040323932732849715 -0.987150150250226
0.15023572596392754 0.044435836790848386 -0.9872549985945911
0.12920549072516005 0.08941881876606289 -0.98698349348224
0.09488561024043873 0.12480853061291966 -0.9869671618013347
0.0499729750193267 0.14724580705021975 -0.987241368445593
4.336808689942018e-17 0.154482782348564 -0.9872743461080007
-0.04997297501932672 0.14724580705021975 -0.9872413684455932
-0.09488561024043873 0.12480853061291966 -0.9869671618013346
-0.12920549072516002 0.08941881876606293 -0.9869834934822399
-0.15023572596392756 0.044435836790848386 -0.9872549985945911
-0.156339037304382 -0.004032393273284976 -0.987150150250226
-0.15141667273413034 -0.04683640963883924 -0.9871660185131237
-0.13118559900549978 -0.08632473497991679 -0.987360508719377
-0.09693095764905461 -0.11813762928821839 -0.987732617572026
-0.05117858428546473 -0.13898662931479455 -0.9885076736797017
7.042977312465837e-16 -0.14590591363719835 -0.9887155264487008
0.05117858428546474 -0.13898662931479455 -0.9885076736797017
0.09693095764905463 -0.11813762928821839 -0.9877326175720261
0.1311855990054998 -0.0863247349799168 -0.9873605087193769
0.15141667273413034 -0.046836409638839234 -0.9871660185131237
0.15633903730438203 -0.0040323932732849715 -0.987150150250226
# level 20
1.682681771697503e-16 -0.005989655483909015 -0.9997914757555371
1.682681771697503e-16 -0.005989655483909015 -0.9997914757555371
1.682681771697503e-16 -0.005989655483909015 -0.9997914757555371
1.682681771697503e-16 -0.005989655483909015 -0.9997914757555371
1.682681771697503e-16 -0.005989655483909015 -0.9997914757555371
1.682681771697503e-16 -0.005989655483909015 -0.9997914757555371
1.682681771697503e-16 -0.005989655483909015 -0.9997914757555371
1.682681771697503e-16 -0.005989655483909015 -0.9997914757555371
1.682681771697503e-16 -0.005989655483909015 -0.9997914757555371
1.682681771697503e-16 -0.005989655483909015 -0.9997914757555371
1.682681771697503e-16 -0.005989655483909015 -0.9997914757555371
1.682681771697503e-16 -0.005989655483909015 -0.9997914757555371
1.682681771697503e-16 -0.005989655483909015 -0.9997914757555371
1.682681771697503e-16 -0.005989655483909015 -0.9997914757555371
1.682681771697503e-16 -0.005989655483909015 -0.9997914757555371
1.682681771697503e-16 -0.005989655483909015 -0.9997914757555371
1.682681771697503e-16 -0.005989655483909015 -0.9997914757555371
1.682681771697503e-16 -0.005989655483909015 -0.9997914757555371
1.682681771697503e-16 -0.005989655483909015 -0.9997914757555371
1.682681771697503e-16 -0.005989655483909015 -0.9997914757555371
1.682681771697503e-16 -0.005989655483909015 -0.9997914757555371
