# level 0
2.949029909160572e-17 0.07557562486201826 2.9985805573911435
2.949029909160572e-17 0.07557562486201826 2.9985805573911435
2.949029909160572e-17 0.07557562486201826 2.9985805573911435
2.949029909160572e-17 0.07557562486201826 2.9985805573911435
2.949029909160572e-17 0.07557562486201826 2.9985805573911435
2.949029909160572e-17 0.07557562486201826 2.9985805573911435
2.949029909160572e-17 0.07557562486201826 2.9985805573911435
2.949029909160572e-17 0.07557562486201826 2.9985805573911435
2.949029909160572e-17 0.07557562486201826 2.9985805573911435
2.949029909160572e-17 0.07557562486201826 2.9985805573911435
2.949029909160572e-17 0.07557562486201826 2.9985805573911435
2.949029909160572e-17 0.07557562486201826 2.9985805573911435
2.949029909160572e-17 0.07557562486201826 2.9985805573911435
2.949029909160572e-17 0.07557562486201826 2.9985805573911435
2.949029909160572e-17 0.07557562486201826 2.9985805573911435
2.949029909160572e-17 0.07557562486201826 2.9985805573911435
2.949029909160572e-17 0.07557562486201826 2.9985805573911435
2.949029909160572e-17 0.07557562486201826 2.9985805573911435
2.949029909160572e-17 0.07557562486201826 2.9985805573911435
2.949029909160572e-17 0.07557562486201826 2.9985805573911435
2.949029909160572e-17 0.07557562486201826 2.9985805573911435
# level 1
0.46912642786108827 0.03033381282641142 2.9623646407899793
0.4050090919217628 0.11506130121918315 2.969850120708785
0.3844702000938122 0.20671056265854398 2.9676014444001004
0.2895263939243208 0.33197171776297907 2.966919819564831
0.18091813218553704 0.3962445229124227 2.967645371236998
1.97758476261356e-16 0.4546265494725946 2.9647447694027087
-0.18091813218553704 0.39624452291242274 2.967645371236998
-0.2895263939243208 0.3319717177629791 2.966919819564831
-0.38447020009381216 0.20671056265854396 2.9676014444001004
-0.4050090919217628 0.11506130121918318 2.969850120708785
-0.46912642786108827 0.030333812826411424 2.9623646407899793
-0.4051035528145721 -0.1183608235985402 2.9695711911233995
-0.38353476387976043 -0.24056289378896173 2.9649804827120327
-0.28932464901759547 -0.38739783095707314 2.9600967367517947
-0.18152636158684388 -0.4467849718367848 2.9603024408003202
1.214306433183765e-17 -0.4548636933906776 2.9645885114043273
0.18152636158684388 -0.4467849718367848 2.9603024408003193
0.2893246490175955 -0.38739783095707314 2.9600967367517947
0.3835347638797605 -0.24056289378896167 2.964980482712033
0.4051035528145721 -0.1183608235985402 2.9695711911233995
0.46912642786108827 0.03033381282641142 2.9623646407899793
# level 2
0.9864531719672489 -0.02625647132798461 2.8326489914581896
0.8611871175227167 0.2519059940591385 2.862118545607469
0.7487540055163799 0.49743364602402823 2.861577709943111
0.5796066191464482 0.6721291229501709 2.8651312133004145
0.30285441010798714 0.8072873487517447 2.8728429810263596
3.8163916471489756e-17 0.9147231236146316 2.8566174175019388
-0.3028544101079871 0.8072873487517443 2.872842981026359
-0.5796066191464482 0.6721291229501709 2.8651312133004145
-0.7487540055163797 0.4974336460240282 2.8615777099431114
-0.8611871175227167 0.2519059940591386 2.862118545607469
-0.9864531719672489 -0.026256471327984622 2.8326489914581896
-0.8514441175660747 -0.2727234364130502 2.8631199527638422
-0.7585799033836008 -0.5438395496213265 2.8504908787441137
-0.5651126738748302 -0.7627454377114923 2.8452438994384903
-0.2955208920396684 -0.9252588077478503 2.837741320938608
6.938893903907228e-18 -0.9055549394199864 2.8593973790692098
0.2955208920396684 -0.9252588077478503 2.837741320938608
0.5651126738748302 -0.7627454377114922 2.84524389943849
0.7585799033836008 -0.5438395496213265 2.8504908787441137
0.8514441175660747 -0.27272343641305014 2.8631199527638422
0.9864531719672489 -0.02625647132798461 2.8326489914581896
# level 3
1.3612581127300474 -0.030284248700977304 2.6725763537182488
1.2554166064563828 0.438347098005131 2.6884908056964893
1.0720066052161976 0.7612749515837227 2.695998104605425
0.8356949577626807 1.1195349562037589 2.6542155272381036
0.5011273153616046 1.2731009673446883 2.66921775809361
0.04022404074986355 1.4004302932074584 2.6522342961524945
-0.5011273153616046 1.2731009673446883 2.6692177580936103
-0.8356949577626807 1.1195349562037589 2.6542155272381036
-1.0720066052161972 0.7612749515837226 2.695998104605425
-1.2554166064563828 0.438347098005131 2.6884908056964893
-1.3612581127300474 -0.0302842487009773 2.6725763537182488
-1.259620405810824 -0.3838509506350558 2.694921925468061
-1.071902128705416 -0.7872563727070805 2.6884550654860666
-0.7304182944994901 -1.0653329666563383 2.707168641456027
-0.43395503921024814 -1.320783269037279 2.657828744784223
-2.6020852139652106e-17 -1.3849015306444055 2.6604626219415763
0.4339550392102481 -1.3207832690372787 2.657828744784223
0.73041829449949 -1.0653329666563383 2.7071686414560268
1.0719021287054162 -0.7872563727070805 2.688455065486066
1.259620405810824 -0.3838509506350557 2.6949219254680616
1.3612581127300474 -0.030284248700977304 2.6725763537182488
# level 4
1.7626735034231877 -0.07564003553178392 2.4257906683344364
1.712628048775929 0.5568479502120003 2.398560218062117
1.4093197480736142 1.0406595678615314 2.434496058903773
1.0860975766768386 1.4552979408747353 2.387313131516908
0.5792547113562068 1.7059331824820552 2.3980627159173227
0.04007007851465531 1.8326506338325852 2.3741696610090828
-0.5792547113562068 1.7059331824820552 2.398062715917323
-1.0860975766768386 1.455297940874735 2.3873131315169083
-1.4093197480736142 1.0406595678615314 2.434496058903773
-1.712628048775929 0.5568479502120002 2.398560218062117
-1.7626735034231877 -0.0756400355317839 2.4257906683344364
-1.6625084712449156 -0.522049741266461 2.441303390857374
-1.3637541500909247 -0.943757344872753 2.4993373847058944
-0.990251414284727 -1.4136097922247943 2.4531516613857702
-0.5117023859164591 -1.652332411955884 2.4504559307675082
-1.9220364730491412e-17 -1.7543578985651003 2.432723165205312
0.5117023859164591 -1.652332411955884 2.4504559307675082
0.990251414284727 -1.413609792224794 2.4531516613857702
1.3637541500909247 -0.943757344872753 2.4993373847058944
1.6625084712449156 -0.5220497412664609 2.441303390857374
1.7626735034231877 -0.07564003553178392 2.4257906683344364
# level 5
2.121143677465266 -0.030255930142899387 2.120481510163131
2.073922907679206 0.6286879869703412 2.0737980111655663
1.6944262625374042 1.2503721849262757 2.1358009089805483
1.2708240996521871 1.7422335505417146 2.084868077310925
0.7121117976142819 2.008248088200743 2.1111111900008983
0.039698283743685774 2.1890033209146718 2.0503314133449138
-0.7121117976142818 2.0082480882007427 2.1111111900008988
-1.2708240996521871 1.7422335505417146 2.084868077310925
-1.6944262625374042 1.2503721849262757 2.1358009089805488
-2.0739229076792065 0.6286879869703412 2.0737980111655663
-2.121143677465266 -0.03025593014289938 2.120481510163131
-2.0783875105181964 -0.5990068671575844 2.0780845355512514
-1.7676304127957145 -1.1970413969122105 2.106934339395865
-1.2048026439575874 -1.7727721321901604 2.0981659479498607
-0.6462419157055819 -2.0069465295476516 2.1333006949530877
2.2234871184475282e-17 -2.1474152994267577 2.0940622006006846
0.6462419157055819 -2.0069465295476516 2.1333006949530873
1.2048026439575876 -1.7727721321901606 2.0981659479498607
1.7676304127957145 -1.1970413969122102 2.1069343393958646
2.078387510518197 -0.5990068671575843 2.0780845355512514
2.121143677465266 -0.030255930142899387 2.120481510163131
# level 6
2.389038745996769 -0.026240794388649007 1.8136921526108056
2.3154535693432217 0.7018483289783897 1.7728220187370138
1.9272959239823992 1.4549102464889547 1.7791732741170199
1.483587719992957 1.9341363201115382 1.7477901766222546
0.7049956287546102 2.3112291081468297 1.7769113465723212
0.03972233538907931 2.420905853935213 1.7705347102101414
-0.7049956287546103 2.3112291081468297 1.776911346572321
-1.483587719992957 1.9341363201115382 1.7477901766222543
-1.9272959239823992 1.4549102464889547 1.7791732741170199
-2.315453569343222 0.7018483289783897 1.7728220187370136
-2.3890387459967695 -0.026240794388649083 1.8136921526108056
-2.3455464481341313 -0.7201813058573125 1.7252784680634123
-2.0195118809694343 -1.413250742162139 1.7090864374162518
-1.3963169176494863 -2.0072202421910066 1.7371809942080336
-0.7586116834717114 -2.3063221621044354 1.761218541421187
2.1870091491792993e-18 -2.4431738622956534 1.73975106758486
0.7586116834717116 -2.306322162104436 1.7612185414211874
1.3963169176494863 -2.0072202421910066 1.7371809942080336
2.0195118809694343 -1.4132507421621394 1.7090864374162518
2.3455464481341317 -0.7201813058573124 1.7252784680634128
2.389038745996769 -0.026240794388649007 1.8136921526108056
# level 7
2.672151353526863 0.030267053919529555 1.3620927699621703
2.5364269871896528 0.7703139989245789 1.403397816096703
2.1319694973027574 1.565554771094912 1.4143559386815128
1.6021837222216169 2.1194102821278826 1.3922277091159527
0.840100252759115 2.5446669585949278 1.3471409517754913
0.03968934323281615 2.6692819238143315 1.3676081956722361
-0.840100252759115 2.5446669585949278 1.3471409517754913
-1.6021837222216169 2.119410282127882 1.3922277091159525
-2.1319694973027574 1.565554771094912 1.4143559386815128
-2.536426987189653 0.7703139989245789 1.403397816096703
-2.672151353526863 0.03026705391952956 1.3620927699621705
-2.507949838069766 -0.8608030160281882 1.4021906335517258
-2.177862999968269 -1.591016493323191 1.3123145614961735
-1.5313460081088808 -2.188383970476876 1.3648559474661073
-0.8337271587251672 -2.5468869086982933 1.346939265089153
6.45663317624048e-17 -2.647715367693305 1.409494715350275
0.8337271587251671 -2.5468869086982933 1.3469392650891527
1.5313460081088808 -2.188383970476876 1.3648559474661073
2.177862999968269 -1.591016493323191 1.3123145614961738
2.507949838069766 -0.8608030160281883 1.4021906335517258
2.672151353526863 0.030267053919529555 1.3620927699621703
# level 8
2.8518332671931375 0.07560381642822096 0.9265662017495679
2.719794996577141 0.8125465500624864 0.9691584216392137
2.2546140354824584 1.7339724971095598 0.9521822622569931
1.6585424146029717 2.3078313331678233 0.9592084093493698
0.8851006902363985 2.719810906752314 0.9032207598490668
0.03977596782775736 2.8152472957513686 1.0345269952294882
-0.8851006902363985 2.719810906752314 0.9032207598490667
-1.6585424146029717 2.3078313331678233 0.9592084093493699
-2.2546140354824584 1.7339724971095598 0.9521822622569931
-2.719794996577141 0.8125465500624863 0.9691584216392137
-2.8518332671931375 0.07560381642822098 0.9265662017495679
-2.7193362470460807 -0.8904569574182535 0.8991247256504357
-2.312996031339296 -1.6644285153693628 0.9361235380584818
-1.67451505353094 -2.326571824149956 0.8830344888209526
-0.9111848552139451 -2.708623715017082 0.9110188187398438
-9.306814668387652e-19 -2.836838753835342 0.9740635390457503
0.9111848552139451 -2.708623715017082 0.9110188187398438
1.6745150535309405 -2.326571824149956 0.8830344888209527
2.312996031339296 -1.6644285153693628 0.9361235380584817
2.7193362470460807 -0.8904569574182535 0.8991247256504357
2.8518332671931375 0.07560381642822096 0.9265662017495679
# level 9
2.9625115017392076 0.030300758583174048 0.468201939655858
2.8305125834378013 0.8902615709871886 0.43867553794876224
2.3850706426329475 1.774608642920814 0.3987804325568508
1.718457004824485 2.410167478037806 0.4843955651053777
0.9788660167141839 2.785567411349836 0.5288780526272483
0.04009574286279603 2.944690818013572 0.5693470953783402
-0.9788660167141839 2.785567411349836 0.5288780526272483
-1.7184570048244847 2.410167478037806 0.4843955651053776
-2.3850706426329475 1.774608642920814 0.3987804325568509
-2.830512583437801 0.8902615709871886 0.4386755379487622
-2.9625115017392076 0.030300758583174048 0.468201939655858
-2.8204837604975035 -0.9255046194356663 0.43006766470600444
-2.374052132029149 -1.7708202942941815 0.4742634675707547
-1.783634878672111 -2.3639392388823985 0.47626464869834495
-0.8931498003812672 -2.8217358161740878 0.48667629425049413
6.503668739477256e-17 -2.9631185261874835 0.4661222309510177
0.8931498003812672 -2.8217358161740878 0.486676294250494
1.7836348786721108 -2.3639392388823985 0.47626464869834495
2.3740521320291488 -1.7708202942941815 0.47426346757075466
2.8204837604975035 -0.9255046194356662 0.43006766470600444
2.9625115017392076 0.030300758583174048 0.468201939655858
# level 10
2.998635567403639 0.03883250519238738 -0.06283235830062983
2.8627067480173425 0.8932193401315703 -0.06278280257746412
2.436017863470237 1.750100475174463 0.0027560102991894472
1.7867657980233753 2.4089581250656003 0.02092355620834842
0.9177191142525154 2.8556356336989497 0.01322474382610049
7.381102177836239e-17 2.9988296761367432 -0.06840998315365111
-0.9177191142525154 2.8556356336989497 0.01322474382610049
-1.7867657980233753 2.4089581250656003 0.02092355620834842
-2.436017863470237 1.750100475174463 0.0027560102991894472
-2.8627067480173425 0.8932193401315702 -0.0627828025774641
-2.998840537006706 -0.026225799789606145 -0.0628388020584371
-2.8627067480173425 -0.8932193401315702 0.0627828025774641
-2.436017863470237 -1.750100475174463 -0.0027560102991894472
-1.7867657980233753 -2.4089581250656003 -0.02092355620834842
-0.9177191142525154 -2.8556356336989497 -0.01322474382610049
7.692731389395384e-17 -2.9988296761367432 0.06840998315365111
0.9177191142525154 -2.8556356336989497 -0.01322474382610049
1.7867657980233753 -2.4089581250656003 -0.02092355620834842
2.436017863470237 -1.750100475174463 -0.0027560102991894472
2.8627067480173425 -0.8932193401315703 0.06278280257746412
2.998635567403639 0.03883250519238738 -0.06283235830062983
# level 11
2.9625115017392076 -0.030300758583174048 -0.468201939655858
2.8204837604975035 0.9255046194356662 -0.43006766470600444
2.3740521320291488 1.7708202942941815 -0.47426346757075466
1.7836348786721108 2.3639392388823985 -0.47626464869834495
0.8931498003812672 2.8217358161740878 -0.486676294250494
7.480597425237767e-17 2.9631185261874835 -0.46612223095101774
-0.8931498003812672 2.8217358161740878 -0.48667629425049413
-1.783634878672111 2.3639392388823985 -0.47626464869834495
-2.374052132029149 1.7708202942941815 -0.4742634675707547
-2.8204837604975035 0.9255046194356663 -0.43006766470600444
-2.9625115017392076 -0.030300758583174048 -0.468201939655858
-2.830512583437801 -0.8902615709871886 -0.4386755379487622
-2.3850706426329475 -1.774608642920814 -0.3987804325568509
-1.7184570048244847 -2.410167478037806 -0.4843955651053776
-0.9788660167141839 -2.785567411349836 -0.5288780526272483
0.04009574286279605 -2.944690818013572 -0.5693470953783402
0.9788660167141839 -2.785567411349836 -0.5288780526272483
1.718457004824485 -2.410167478037806 -0.4843955651053777
2.3850706426329475 -1.774608642920814 -0.3987804325568508
2.8305125834378013 -0.8902615709871886 -0.43867553794876224
2.9625115017392076 -0.030300758583174048 -0.468201939655858
# level 12
2.8518332671931375 -0.07560381642822096 -0.9265662017495679
2.7193362470460807 0.8904569574182535 -0.8991247256504357
2.312996031339296 1.6644285153693628 -0.9361235380584817
1.6745150535309405 2.326571824149956 -0.8830344888209527
0.9111848552139451 2.708623715017082 -0.9110188187398438
8.151325426394218e-18 2.836838753835342 -0.9740635390457503
-0.9111848552139451 2.708623715017082 -0.9110188187398438
-1.67451505353094 2.326571824149956 -0.8830344888209526
-2.312996031339296 1.6644285153693628 -0.9361235380584818
-2.7193362470460807 0.8904569574182535 -0.8991247256504357
-2.8518332671931375 -0.07560381642822098 -0.9265662017495679
-2.719794996577141 -0.8125465500624863 -0.9691584216392137
-2.2546140354824584 -1.7339724971095598 -0.9521822622569931
-1.6585424146029717 -2.3078313331678233 -0.9592084093493699
-0.8851006902363985 -2.719810906752314 -0.9032207598490667
0.03977596782775742 -2.815247295751368 -1.0345269952294882
0.8851006902363985 -2.719810906752314 -0.9032207598490668
1.6585424146029717 -2.3078313331678233 -0.9592084093493698
2.2546140354824584 -1.7339724971095598 -0.9521822622569931
2.719794996577141 -0.8125465500624864 -0.9691584216392137
2.8518332671931375 -0.07560381642822096 -0.9265662017495679
# level 13
2.672151353526863 -0.030267053919529555 -1.3620927699621703
2.507949838069766 0.8608030160281883 -1.4021906335517258
2.177862999968269 1.591016493323191 -1.3123145614961738
1.5313460081088808 2.188383970476876 -1.3648559474661073
0.8337271587251671 2.5468869086982933 -1.3469392650891527
1.1584052807372676e-16 2.6477153676933054 -1.409494715350275
-0.8337271587251672 2.5468869086982933 -1.346939265089153
-1.5313460081088808 2.188383970476876 -1.3648559474661073
-2.177862999968269 1.591016493323191 -1.3123145614961735
-2.507949838069766 0.8608030160281882 -1.4021906335517258
-2.672151353526863 -0.03026705391952956 -1.3620927699621705
-2.536426987189653 -0.7703139989245789 -1.403397816096703
-2.1319694973027574 -1.565554771094912 -1.4143559386815128
-1.6021837222216169 -2.119410282127882 -1.3922277091159525
-0.840100252759115 -2.5446669585949278 -1.3471409517754913
0.03968934323281624 -2.669281923814331 -1.3676081956722361
0.840100252759115 -2.5446669585949278 -1.3471409517754913
1.6021837222216169 -2.1194102821278826 -1.3922277091159527
2.1319694973027574 -1.565554771094912 -1.4143559386815128
2.5364269871896528 -0.7703139989245789 -1.403397816096703
2.672151353526863 -0.030267053919529555 -1.3620927699621703
# level 14
2.389038745996769 0.026240794388649007 -1.8136921526108056
2.3455464481341317 0.7201813058573124 -1.7252784680634128
2.0195118809694343 1.4132507421621394 -1.7090864374162518
1.3963169176494863 2.0072202421910066 -1.7371809942080336
0.7586116834717116 2.306322162104436 -1.7612185414211874
1.2343469966237066e-17 2.4431738622956534 -1.73975106758486
-0.7586116834717114 2.3063221621044354 -1.761218541421187
-1.3963169176494863 2.0072202421910066 -1.7371809942080336
-2.0195118809694343 1.413250742162139 -1.7090864374162518
-2.3455464481341313 0.7201813058573125 -1.7252784680634123
-2.3890387459967695 0.026240794388649083 -1.8136921526108056
-2.315453569343222 -0.7018483289783897 -1.7728220187370136
-1.9272959239823992 -1.4549102464889547 -1.7791732741170199
-1.483587719992957 -1.9341363201115382 -1.7477901766222543
-0.7049956287546103 -2.3112291081468297 -1.776911346572321
0.03972233538907942 -2.4209058539352135 -1.7705347102101419
0.7049956287546102 -2.3112291081468297 -1.7769113465723212
1.483587719992957 -1.9341363201115382 -1.7477901766222546
1.9272959239823992 -1.4549102464889547 -1.7791732741170199
2.3154535693432217 -0.7018483289783897 -1.7728220187370138
2.389038745996769 0.026240794388649007 -1.8136921526108056
# level 15
2.121143677465266 0.030255930142899387 -2.120481510163131
2.078387510518197 0.5990068671575843 -2.0780845355512514
1.7676304127957145 1.1970413969122102 -2.1069343393958646
1.2048026439575876 1.7727721321901606 -2.0981659479498607
0.6462419157055819 2.0069465295476516 -2.1333006949530873
9.645811792797892e-17 2.1474152994267577 -2.0940622006006846
-0.6462419157055819 2.0069465295476516 -2.1333006949530877
-1.2048026439575874 1.7727721321901604 -2.0981659479498607
-1.7676304127957145 1.1970413969122105 -2.106934339395865
-2.0783875105181964 0.5990068671575844 -2.0780845355512514
-2.121143677465266 0.03025593014289938 -2.120481510163131
-2.0739229076792065 -0.6286879869703412 -2.0737980111655663
-1.6944262625374042 -1.2503721849262757 -2.1358009089805488
-1.2708240996521871 -1.7422335505417146 -2.084868077310925
-0.7121117976142818 -2.0082480882007427 -2.1111111900008988
0.03969828374368591 -2.189003320914672 -2.0503314133449138
0.7121117976142819 -2.008248088200743 -2.1111111900008983
1.2708240996521871 -1.7422335505417146 -2.084868077310925
1.6944262625374042 -1.2503721849262757 -2.1358009089805483
2.073922907679206 -0.6286879869703412 -2.0737980111655663
2.121143677465266 0.030255930142899387 -2.120481510163131
# level 16
1.7626735034231877 0.07564003553178392 -2.4257906683344364
1.6625084712449156 0.5220497412664609 -2.441303390857374
1.3637541500909247 0.943757344872753 -2.4993373847058944
0.990251414284727 1.413609792224794 -2.4531516613857702
0.5117023859164591 1.652332411955884 -2.4504559307675082
3.125244762740321e-17 1.7543578985651003 -2.432723165205312
-0.5117023859164591 1.652332411955884 -2.4504559307675082
-0.990251414284727 1.4136097922247943 -2.4531516613857702
-1.3637541500909247 0.943757344872753 -2.4993373847058944
-1.6625084712449156 0.522049741266461 -2.441303390857374
-1.7626735034231877 0.0756400355317839 -2.4257906683344364
-1.712628048775929 -0.5568479502120002 -2.398560218062117
-1.4093197480736142 -1.0406595678615314 -2.434496058903773
-1.0860975766768386 -1.455297940874735 -2.3873131315169083
-0.5792547113562068 -1.7059331824820552 -2.398062715917323
0.04007007851465549 -1.8326506338325852 -2.3741696610090828
0.5792547113562068 -1.7059331824820552 -2.3980627159173227
1.0860975766768386 -1.4552979408747353 -2.387313131516908
1.4093197480736142 -1.0406595678615314 -2.434496058903773
1.712628048775929 -0.5568479502120003 -2.398560218062117
1.7626735034231877 0.07564003553178392 -2.4257906683344364
# level 17
1.3612581127300474 0.030284248700977304 -2.6725763537182488
1.259620405810824 0.3838509506350557 -2.6949219254680616
1.0719021287054162 0.7872563727070805 -2.688455065486066
0.73041829449949 1.0653329666563383 -2.7071686414560268
0.4339550392102481 1.3207832690372787 -2.657828744784223
5.0306980803327406e-17 1.3849015306444055 -2.6604626219415763
-0.43395503921024814 1.320783269037279 -2.657828744784223
-0.7304182944994901 1.0653329666563383 -2.707168641456027
-1.071902128705416 0.7872563727070805 -2.6884550654860666
-1.259620405810824 0.3838509506350558 -2.694921925468061
-1.3612581127300474 0.0302842487009773 -2.6725763537182488
-1.2554166064563828 -0.438347098005131 -2.6884908056964893
-1.0720066052161972 -0.7612749515837226 -2.695998104605425
-0.8356949577626807 -1.1195349562037589 -2.6542155272381036
-0.5011273153616046 -1.2731009673446883 -2.6692177580936103
0.04022404074986377 -1.4004302932074586 -2.652234296152495
0.5011273153616046 -1.2731009673446883 -2.66921775809361
0.8356949577626807 -1.1195349562037589 -2.6542155272381036
1.0720066052161976 -0.7612749515837227 -2.695998104605425
1.2554166064563828 -0.438347098005131 -2.6884908056964893
1.3612581127300474 0.030284248700977304 -2.6725763537182488
# level 18
0.9864531719672489 0.02625647132798461 -2.8326489914581896
0.8514441175660747 0.27272343641305014 -2.8631199527638422
0.7585799033836008 0.5438395496213265 -2.8504908787441137
0.5651126738748302 0.7627454377114922 -2.84524389943849
0.2955208920396684 0.9252588077478503 -2.837741320938608
9.107298248878237e-17 0.9055549394199865 -2.8593973790692098
-0.2955208920396684 0.9252588077478503 -2.837741320938608
-0.5651126738748302 0.7627454377114923 -2.8452438994384903
-0.7585799033836008 0.5438395496213265 -2.8504908787441137
-0.8514441175660747 0.2727234364130502 -2.8631199527638422
-0.9864531719672489 0.026256471327984622 -2.8326489914581896
-0.8611871175227167 -0.2519059940591386 -2.862118545607469
-0.7487540055163797 -0.4974336460240282 -2.8615777099431114
-0.5796066191464482 -0.6721291229501709 -2.8651312133004145
-0.3028544101079871 -0.8072873487517443 -2.872842981026359
1.491862189340054e-16 -0.9147231236146316 -2.8566174175019388
0.30285441010798714 -0.8072873487517447 -2.8728429810263596
0.5796066191464482 -0.6721291229501709 -2.8651312133004145
0.7487540055163799 -0.49743364602402823 -2.861577709943111
0.8611871175227167 -0.2519059940591385 -2.862118545607469
0.9864531719672489 0.02625647132798461 -2.8326489914581896
# level 19
0.46912642786108827 -0.03033381282641142 -2.9623646407899793
0.4051035528145721 0.1183608235985402 -2.9695711911233995
0.3835347638797605 0.24056289378896167 -2.964980482712033
0.2893246490175955 0.38739783095707314 -2.9600967367517947
0.18152636158684388 0.4467849718367848 -2.9603024408003193
4.336808689942018e-17 0.4548636933906776 -2.9645885114043273
-0.18152636158684388 0.4467849718367848 -2.9603024408003202
-0.28932464901759547 0.38739783095707314 -2.9600967367517947
-0.38353476387976043 0.24056289378896173 -2.9649804827120327
-0.4051035528145721 0.1183608235985402 -2.9695711911233995
-0.46912642786108827 -0.030333812826411424 -2.9623646407899793
-0.4050090919217628 -0.11506130121918318 -2.969850120708785
-0.38447020009381216 -0.20671056265854396 -2.9676014444001004
-0.2895263939243208 -0.3319717177629791 -2.966919819564831
-0.18091813218553704 -0.39624452291242274 -2.967645371236998
7.042977312465837e-16 -0.4546265494725946 -2.9647447694027087
0.18091813218553704 -0.3962445229124227 -2.967645371236998
0.2895263939243208 -0.33197171776297907 -2.966919819564831
0.3844702000938122 -0.20671056265854398 -2.9676014444001004
0.4050090919217628 -0.11506130121918315 -2.969850120708785
0.46912642786108827 -0.03033381282641142 -2.9623646407899793
# level 20
1.682681771697503e-16 -0.07557562486201827 -2.9985805573911435
1.682681771697503e-16 -0.07557562486201827 -2.9985805573911435
1.682681771697503e-16 -0.07557562486201827 -2.9985805573911435
1.682681771697503e-16 -0.07557562486201827 -2.9985805573911435
1.682681771697503e-16 -0.07557562486201827 -2.9985805573911435
1.682681771697503e-16 -0.07557562486201827 -2.9985805573911435
1.682681771697503e-16 -0.07557562486201827 -2.9985805573911435
1.682681771697503e-16 -0.07557562486201827 -2.9985805573911435
1.682681771697503e-16 -0.07557562486201827 -2.9985805573911435
1.682681771697503e-16 -0.07557562486201827 -2.9985805573911435
1.682681771697503e-16 -0.07557562486201827 -2.9985805573911435
1.682681771697503e-16 -0.07557562486201827 -2.9985805573911435
1.682681771697503e-16 -0.07557562486201827 -2.9985805573911435
1.682681771697503e-16 -0.07557562486201827 -2.9985805573911435
1.682681771697503e-16 -0.07557562486201827 -2.9985805573911435
1.682681771697503e-16 -0.07557562486201827 -2.9985805573911435
1.682681771697503e-16 -0.07557562486201827 -2.9985805573911435
1.682681771697503e-16 -0.07557562486201827 -2.9985805573911435
1.682681771697503e-16 -0.07557562486201827 -2.9985805573911435
1.682681771697503e-16 -0.07557562486201827 -2.9985805573911435
1.682681771697503e-16 -0.07557562486201827 -2.9985805573911435
