# level 0
2.949029909160572e-17 0.00598965548390901 0.9997914757555372
2.949029909160572e-17 0.00598965548390901 0.9997914757555372
2.949029909160572e-17 0.00598965548390901 0.9997914757555372
2.949029909160572e-17 0.00598965548390901 0.9997914757555372
2.949029909160572e-17 0.00598965548390901 0.9997914757555372
2.949029909160572e-17 0.00598965548390901 0.9997914757555372
2.949029909160572e-17 0.00598965548390901 0.9997914757555372
2.949029909160572e-17 0.00598965548390901 0.9997914757555372
2.949029909160572e-17 0.00598965548390901 0.9997914757555372
2.949029909160572e-17 0.00598965548390901 0.9997914757555372
2.949029909160572e-17 0.00598965548390901 0.9997914757555372
2.949029909160572e-17 0.00598965548390901 0.9997914757555372
2.949029909160572e-17 0.00598965548390901 0.9997914757555372
2.949029909160572e-17 0.00598965548390901 0.9997914757555372
2.949029909160572e-17 0.00598965548390901 0.9997914757555372
2.949029909160572e-17 0.00598965548390901 0.9997914757555372
2.949029909160572e-17 0.00598965548390901 0.9997914757555372
2.949029909160572e-17 0.00598965548390901 0.9997914757555372
2.949029909160572e-17 0.00598965548390901 0.9997914757555372
2.949029909160572e-17 0.00598965548390901 0.9997914757555372
2.949029909160572e-17 0.00598965548390901 0.9997914757555372
2.949029909160572e-17 0.00598965548390901 0.9997914757555372
2.949029909160572e-17 0.00598965548390901 0.9997914757555372
2.949029909160572e-17 0.00598965548390901 0.9997914757555372
2.949029909160572e-17 0.00598965548390901 0.9997914757555372
2.949029909160572e-17 0.00598965548390901 0.9997914757555372
2.949029909160572e-17 0.00598965548390901 0.9997914757555372
2.949029909160572e-17 0.00598965548390901 0.9997914757555372
2.949029909160572e-17 0.00598965548390901 0.9997914757555372
2.949029909160572e-17 0.00598965548390901 0.9997914757555372
2.949029909160572e-17 0.00598965548390901 0.9997914757555372
2.949029909160572e-17 0.00598965548390901 0.9997914757555372
2.949029909160572e-17 0.00598965548390901 0.9997914757555372
2.949029909160572e-17 0.00598965548390901 0.9997914757555372
2.949029909160572e-17 0.00598965548390901 0.9997914757555372
2.949029909160572e-17 0.00598965548390901 0.9997914757555372
2.949029909160572e-17 0.00598965548390901 0.9997914757555372
2.949029909160572e-17 0.00598965548390901 0.9997914757555372
2.949029909160572e-17 0.00598965548390901 0.9997914757555372
2.949029909160572e-17 0.00598965548390901 0.9997914757555372
2.949029909160572e-17 0.00598965548390901 0.9997914757555372
2.949029909160572e-17 0.00598965548390901 0.9997914757555372
2.949029909160572e-17 0.00598965548390901 0.9997914757555372
2.949029909160572e-17 0.00598965548390901 0.9997914757555372
2.949029909160572e-17 0.00598965548390901 0.9997914757555372
2.949029909160572e-17 0.00598965548390901 0.9997914757555372
2.949029909160572e-17 0.00598965548390901 0.9997914757555372
2.949029909160572e-17 0.00598965548390901 0.9997914757555372
2.949029909160572e-17 0.00598965548390901 0.9997914757555372
2.949029909160572e-17 0.00598965548390901 0.9997914757555372
2.949029909160572e-17 0.00598965548390901 0.9997914757555372
# level 1
0.06335117528159041 0.005668362630324391 0.9977966098802913
0.06253697302090344 0.012777167433094972 0.9976063031303559
0.06172277076021648 0.019885972235865544 0.9974159963804206
0.0588717201678151 0.02613183475516427 0.9973859047210225
0.0560206695754137 0.032377697274463005 0.9973558130616245
0.05216320787040041 0.038635634295820315 0.9973899222242477
0.047275308946284594 0.0440185545316472 0.997520045655387
0.041361432670857304 0.04851977421323689 0.9977090890667659
0.035413587627143035 0.05302269472296988 0.9977803677902776
0.028077358712142182 0.05663409797275061 0.997723117163683
0.019747672265151037 0.059332372334485434 0.997630605539841
0.012472214062200658 0.06111272466155983 0.9975243820581864
0.004157404687400229 0.06200290082509702 0.9974712703173592
-0.00415740468740021 0.062002900825097025 0.9974712703173592
-0.012472214062200643 0.06111272466155983 0.9975243820581864
-0.01974767226515104 0.059332372334485434 0.9976306055398408
-0.02807735871214217 0.056634097972750604 0.9977231171636829
-0.035413587627143035 0.05302269472296989 0.9977803677902775
-0.04136143267085729 0.04851977421323689 0.9977090890667659
-0.04727530894628461 0.04401855453164719 0.997520045655387
-0.05216320787040041 0.03863563429582031 0.9973899222242477
-0.0560206695754137 0.032377697274463005 0.9973558130616245
-0.0588717201678151 0.026131834755164264 0.9973859047210225
-0.06172277076021649 0.019885972235865537 0.9974159963804207
-0.06253697302090344 0.012777167433094951 0.9976063031303559
-0.06335117528159041 0.005668362630324391 0.9977966098802913
-0.062225810055198796 -0.001646520655278342 0.998001653197777
-0.06137471906501833 -0.0098665193279933 0.997752550932414
-0.05851028035002902 -0.01703958674323426 0.9976725181858203
-0.0556458416350397 -0.024212654158475212 0.9975924854392264
-0.05178388099130617 -0.03137657737447635 0.9975773617446793
-0.046906094551508 -0.037502713532243326 0.9976663985168546
-0.04101248231564515 -0.04259106263177612 0.9978595957557524
-0.0351178517472324 -0.047695502777144114 0.9979707005234504
-0.02810665356488217 -0.05177368963488975 0.998038903292699
-0.019778756212324507 -0.05485946110442035 0.9979220196726392
-0.012491846028836528 -0.05690358932469633 0.9978196915751736
-0.004163948676278837 -0.05793426358105766 0.9977423921960127
0.004163948676278843 -0.05793426358105766 0.9977423921960127
0.012491846028836509 -0.05690358932469632 0.9978196915751736
0.0197787562123245 -0.054859461104420346 0.9979220196726393
0.028106653564882185 -0.05177368963488975 0.998038903292699
0.035117851747232406 -0.04769550277714412 0.9979707005234505
0.041012482315645145 -0.04259106263177613 0.9978595957557524
0.046906094551507994 -0.03750271353224333 0.9976663985168545
0.05178388099130618 -0.03137657737447637 0.9975773617446791
0.05564584163503971 -0.024212654158475243 0.9975924854392264
0.058510280350029024 -0.01703958674323428 0.9976725181858203
0.061374719065018346 -0.009866519327993319 0.997752550932414
0.0622258100551988 -0.0016465206552783856 0.998001653197777
0.06335117528159041 0.005668362630324391 0.9977966098802913
# level 2
0.12543498380235354 0.004751564317755887 0.9919373249201909
0.12498186153045455 0.018956510254161944 0.9915064834551529
0.12250709156515152 0.03232154006862422 0.9913631198162802
0.11903839780086783 0.04570979073112605 0.9913460835638807
0.11259613275699785 0.05826801318988046 0.991443879117464
0.10406049147457375 0.0708392483043362 0.9915382397095086
0.0942893930691533 0.08161832779171616 0.9916074784729472
0.08347469034042951 0.0915403074025589 0.9918484883503529
0.07057251197814633 0.09979756002886446 0.9922790537692208
0.055884571099228814 0.10644480031793141 0.9924082999011155
0.04121799323740841 0.11202391447550167 0.9922886237504871
0.024436021720172653 0.11582969379183292 0.9924289311996738
0.00856373921828673 0.11772468744753917 0.992496902338991
-0.008563739218286692 0.11772468744753915 0.9924969023389909
-0.024436021720172618 0.1158296937918329 0.9924289311996737
-0.041217993237408386 0.11202391447550165 0.9922886237504872
-0.0558845710992288 0.10644480031793142 0.9924082999011155
-0.07057251197814632 0.09979756002886447 0.9922790537692208
-0.08347469034042951 0.0915403074025589 0.9918484883503529
-0.0942893930691533 0.08161832779171616 0.9916074784729472
-0.10406049147457375 0.0708392483043362 0.9915382397095087
-0.11259613275699784 0.05826801318988045 0.9914438791174639
-0.11903839780086786 0.04570979073112606 0.9913460835638808
-0.12250709156515154 0.03232154006862422 0.9913631198162802
-0.12498186153045457 0.018956510254161944 0.9915064834551529
-0.12543498380235354 0.004751564317755882 0.9919373249201908
-0.12445565206316617 -0.01093566333322885 0.9918188574411987
-0.12175776527155167 -0.026312668377324752 0.9915922839242937
-0.11807160449556506 -0.04167329351910176 0.9914933843515086
-0.11140282608902857 -0.05595636930385195 0.9918181463010343
-0.10272892877320935 -0.07024781382084104 0.9918111536568482
-0.09296208520925282 -0.08247259592634701 0.991625440858148
-0.08218384984165836 -0.0936596163394203 0.9916370646233584
-0.06938882669426305 -0.10278228601951937 0.99198666247092
-0.05517783076871684 -0.10993367920005714 0.9920655215565988
-0.04059948216214993 -0.11609897112528975 0.9918235788548774
-0.023947295255222593 -0.12022311053242085 0.9918321305166853
-0.008340263882558485 -0.1223009065240065 0.9920767258985904
0.008340263882558588 -0.12230090652400649 0.9920767258985903
0.023947295255222666 -0.12022311053242087 0.9918321305166854
0.04059948216214998 -0.11609897112528975 0.9918235788548773
0.055177830768716844 -0.10993367920005713 0.9920655215565987
0.06938882669426304 -0.10278228601951937 0.9919866624709202
0.08218384984165836 -0.09365961633942028 0.9916370646233583
0.09296208520925282 -0.082472595926347 0.991625440858148
0.10272892877320934 -0.07024781382084104 0.9918111536568482
0.11140282608902854 -0.05595636930385195 0.9918181463010342
0.11807160449556506 -0.041673293519101776 0.9914933843515088
0.12175776527155167 -0.026312668377324766 0.9915922839242937
0.12445565206316617 -0.010935663333228858 0.9918188574411986
0.12543498380235354 0.004751564317755887 0.9919373249201909
# level 3
0.18751994747716869 0.003309177312717712 0.9821463433205687
0.18751515598414364 0.023698180964778492 0.9814382813442724
0.1836629484011716 0.04510322997100002 0.9814364083152041
0.17786036290231053 0.06474581733605128 0.9814020722457905
0.16885631391893324 0.08357811327689878 0.9815441930483692
0.15769810739846205 0.10162950946316121 0.9816637363193376
0.14348877743268096 0.11811146482709615 0.9821430849589681
0.12564165337057853 0.1328162192863344 0.9825673969384034
0.106725594596099 0.14586939413007388 0.9832125902325237
0.08577724991874981 0.1576616632764346 0.9833689491405537
0.0625808104770803 0.16569162652518213 0.983646122642864
0.0379149122749239 0.1717823951598754 0.9838098668922195
0.01290083053776912 0.17504827981049056 0.9840495979283239
-0.01290083053776631 0.1750482798104906 0.9840495979283239
-0.037914912274922885 0.17178239515987542 0.9838098668922195
-0.06258081047708032 0.1656916265251821 0.9836461226428641
-0.08577724991874981 0.15766166327643458 0.9833689491405537
-0.106725594596099 0.14586939413007385 0.9832125902325237
-0.12564165337057856 0.1328162192863344 0.9825673969384034
-0.14348877743268101 0.11811146482709617 0.9821430849589682
-0.15769810739846205 0.1016295094631612 0.9816637363193375
-0.16885631391893324 0.08357811327689878 0.9815441930483692
-0.1778603629023105 0.06474581733605127 0.9814020722457903
-0.1836629484011716 0.04510322997100001 0.9814364083152041
-0.18751515598414364 0.023698180964778492 0.9814382813442724
-0.18751994747716866 0.0033091773127177015 0.9821463433205686
-0.1867550303175082 -0.019797415831657905 0.981663640680289
-0.18235857681906512 -0.044351037268076356 0.9815899576864107
-0.17595200850521892 -0.06686156137073244 0.9815621706038763
-0.16648693968433137 -0.08836001422135722 0.9814029206236587
-0.15493967180267965 -0.10880614983833278 0.9813505082909393
-0.14028082662533936 -0.12698779522904943 0.9814469940511603
-0.12247813982498745 -0.14299165914332035 0.9814699930991027
-0.10365279047141074 -0.15696390189892662 0.9818238916005165
-0.0832582396292695 -0.16916903097768715 0.9816470359581091
-0.060411334337793894 -0.1774928701041274 0.9815947343362846
-0.036526992840652604 -0.18378973846433141 0.9818188919792734
-0.012533941489243916 -0.18690685011464164 0.9816383445758259
0.01253394148924394 -0.18690685011464167 0.9816383445758259
0.036526992840652604 -0.18378973846433144 0.9818188919792734
0.06041133433779389 -0.1774928701041274 0.9815947343362845
0.0832582396292695 -0.16916903097768715 0.981647035958109
0.10365279047141075 -0.1569639018989266 0.9818238916005166
0.12247813982498748 -0.14299165914332035 0.9814699930991028
0.14028082662533933 -0.12698779522904943 0.9814469940511603
0.1549396718026796 -0.10880614983833277 0.9813505082909393
0.16648693968433134 -0.08836001422135722 0.9814029206236585
0.17595200850521892 -0.06686156137073244 0.9815621706038764
0.18235857681906512 -0.04435103726807636 0.9815899576864109
0.18675503031750823 -0.01979741583165791 0.9816636406802891
0.18751994747716869 0.003309177312717712 0.9821463433205687
# level 4
0.2492859159582464 0.0014680841843397192 0.9683779497360552
0.24877163895142246 0.029060598387876585 0.9675407106423046
0.24455069883134634 0.056672111356539365 0.967404142591385
0.23648828411427109 0.08342570212444302 0.9675726532866539
0.22517116924808106 0.10858448910198312 0.9676623309835775
0.20985064581915666 0.1322140613776078 0.9683459940406263
0.19103781570483294 0.15429905477031575 0.9687809610883327
0.16991294804573787 0.17475459418283115 0.9692851324337298
0.14404482083905348 0.1919334609705224 0.9703482520076577
0.11596869798946643 0.20728520487627766 0.9709482587815639
0.08525769390687603 0.22000061108732863 0.9713701842401989
0.052123405338701335 0.22780583699517687 0.9717826941464279
0.01786789996953684 0.23231338251924027 0.9720692797110473
-0.017867899969536537 0.23231338251924033 0.9720692797110473
-0.052123405338701335 0.22780583699517687 0.9717826941464279
-0.08525769390687601 0.2200006110873286 0.9713701842401988
-0.11596869798946645 0.20728520487627766 0.9709482587815638
-0.14404482083905346 0.19193346097052238 0.9703482520076576
-0.16991294804573787 0.17475459418283118 0.9692851324337298
-0.19103781570483294 0.15429905477031577 0.9687809610883327
-0.20985064581915666 0.1322140613776078 0.9683459940406262
-0.22517116924808103 0.10858448910198311 0.9676623309835775
-0.23648828411427103 0.08342570212444303 0.9675726532866539
-0.24455069883134634 0.056672111356539365 0.967404142591385
-0.24877163895142243 0.029060598387876578 0.9675407106423044
-0.24928591595824637 0.001468084184339719 0.9683779497360553
-0.24780894844438062 -0.029920953688873785 0.9676734572121215
-0.24266961272558285 -0.06150547164258438 0.9675938566109095
-0.23358610672017527 -0.09220416674272643 0.9673090125124135
-0.2213099636129016 -0.12073838262255887 0.967052919846713
-0.20498140347750965 -0.1470657866988524 0.9670204361229815
-0.18541853075919434 -0.17125489212186468 0.9670665519743483
-0.163649407142297 -0.19315106966879442 0.9667834621655745
-0.13778331743555802 -0.21101250423838303 0.967369335603599
-0.11018330454144577 -0.22621470528730767 0.9672886273266864
-0.08005872926945398 -0.23873109839949838 0.9672197429284752
-0.04891989612512446 -0.24608594282266583 0.9674057859366985
-0.016602106597568493 -0.25029164328403214 0.9674469368643298
0.016602106597568545 -0.2502916432840321 0.9674469368643298
0.0489198961251245 -0.24608594282266583 0.9674057859366985
0.080058729269454 -0.2387310983994984 0.9672197429284753
0.1101833045414458 -0.22621470528730764 0.9672886273266864
0.13778331743555802 -0.21101250423838303 0.967369335603599
0.16364940714229698 -0.19315106966879442 0.9667834621655744
0.18541853075919434 -0.17125489212186468 0.9670665519743482
0.20498140347750965 -0.1470657866988524 0.9670204361229815
0.2213099636129016 -0.12073838262255886 0.967052919846713
0.23358610672017527 -0.09220416674272644 0.9673090125124135
0.24266961272558285 -0.061505471642584374 0.9675938566109094
0.24780894844438067 -0.02992095368887379 0.9676734572121215
0.2492859159582464 0.0014680841843397192 0.9683779497360552
# level 5
0.3090207579525698 -9.246735259129671e-07 0.9510549941484302
0.3073949240688918 0.037220570839124514 0.9502565327313643
0.3005590559343516 0.07311236779555372 0.9503641080751145
0.29009817528972537 0.1076678723468346 0.9504620249771576
0.27599884980396927 0.14021480928848642 0.9505637462420317
0.2571851855421726 0.17058045315164738 0.9506807777308333
0.23465276677228547 0.19784959706511837 0.9514002385536671
0.20915081171543703 0.22131352972617485 0.9519898727859383
0.18004219415055836 0.24163793016822255 0.9530143551615734
0.14766301713008606 0.25792123573566716 0.954335297523494
0.10880591273680552 0.2722960314832587 0.9555194634333277
0.06777912293757916 0.2839201564837587 0.9562757170918887
0.022460216116287842 0.2890338331531024 0.9564933704098136
-0.02246021611628779 0.2890338331531024 0.9564933704098137
-0.06777912293757919 0.2839201564837587 0.9562757170918889
-0.1088059127368055 0.27229603148325865 0.9555194634333275
-0.14766301713008606 0.2579212357356672 0.9543352975234939
-0.1800421941505584 0.24163793016822255 0.9530143551615733
-0.209150811715437 0.22131352972617485 0.9519898727859383
-0.23465276677228547 0.19784959706511834 0.951400238553667
-0.2571851855421726 0.1705804531516474 0.9506807777308334
-0.27599884980396927 0.1402148092884864 0.9505637462420317
-0.29009817528972537 0.1076678723468346 0.9504620249771576
-0.30055905593435167 0.07311236779555373 0.9503641080751146
-0.3073949240688918 0.037220570839124514 0.9502565327313643
-0.3090207579525698 -9.246735259215161e-07 0.9510549941484302
-0.3065187781284247 -0.037566524671750395 0.950520584922486
-0.2987548363529075 -0.07483968096504567 0.950886236795568
-0.2872342425516908 -0.11168128801833277 0.9508256452337231
-0.2718825148105134 -0.14723763677776253 0.9506705872465966
-0.2516654327939005 -0.181016004056006 0.9501233368485535
-0.22780253264868267 -0.21213470209533652 0.9498185755073713
-0.20105839605319337 -0.2394751242415451 0.9494546929062349
-0.17147145890238527 -0.26371731319667746 0.9488299349890164
-0.13692552826954868 -0.28297357689565933 0.948679377012452
-0.09887819488541923 -0.2971818769356726 0.9491304508445442
-0.060543581867264454 -0.30713745165914835 0.9491042265039626
-0.019792380667168003 -0.3112162176682181 0.9495096008689659
0.019792380667168017 -0.31121621766821805 0.9495096008689657
0.06054358186726447 -0.30713745165914835 0.9491042265039626
0.09887819488541923 -0.2971818769356726 0.9491304508445442
0.13692552826954868 -0.28297357689565933 0.948679377012452
0.1714714589023853 -0.26371731319667746 0.9488299349890165
0.20105839605319337 -0.23947512424154516 0.9494546929062349
0.22780253264868264 -0.21213470209533652 0.9498185755073713
0.2516654327939005 -0.18101600405600599 0.9501233368485535
0.2718825148105134 -0.14723763677776253 0.9506705872465966
0.28723424255169083 -0.11168128801833277 0.9508256452337233
0.29875483635290756 -0.07483968096504567 0.9508862367955682
0.3065187781284247 -0.037566524671750395 0.950520584922486
0.3090207579525698 -9.246735259129671e-07 0.9510549941484302
# level 6
0.3675192626399305 -0.0014777986117597871 0.9299598636308308
0.3633373691111257 0.04540835415575143 0.9298560043814412
0.3539764168146206 0.09293739036028187 0.9301129801655253
0.34063365557528885 0.13468779159487498 0.9299949255254749
0.32392233572654877 0.17305233393926323 0.9297501866241009
0.30199454200675824 0.20923081931946347 0.9299417448152051
0.27532105591734335 0.24257390729866407 0.929957592014522
0.24511477408241492 0.27277731309629105 0.9297366075175915
0.20953249599739387 0.298270191530865 0.93069143738188
0.17181613421584574 0.3185791671343166 0.9316388058234795
0.13044081458154744 0.3323833042164941 0.9336405748609915
0.08500719015127847 0.3407729179376693 0.9358556322489353
0.029109477165371798 0.3479748516739164 0.9364588029287555
-0.02910947716537176 0.34797485167391645 0.9364588029287555
-0.08500719015127847 0.34077291793766923 0.9358556322489354
-0.13044081458154744 0.33238330421649415 0.9336405748609915
-0.17181613421584574 0.3185791671343166 0.9316388058234795
-0.20953249599739387 0.298270191530865 0.93069143738188
-0.24511477408241486 0.272777313096291 0.9297366075175911
-0.27532105591734335 0.2425739072986641 0.929957592014522
-0.30199454200675824 0.20923081931946344 0.9299417448152051
-0.32392233572654877 0.17305233393926323 0.9297501866241008
-0.3406336555752888 0.13468779159487498 0.9299949255254749
-0.3539764168146206 0.09293739036028185 0.9301129801655255
-0.3633373691111257 0.045408354155751424 0.9298560043814412
-0.3675192626399305 -0.0014777986117597921 0.9299598636308309
-0.36214839294197043 -0.04229290992301085 0.9305808194145644
-0.35206376097760195 -0.0833108974569923 0.931860848094799
-0.3376007700215153 -0.12734814107704787 0.9320746107616891
-0.3192498271739762 -0.1691835634255986 0.9318907151946476
-0.295241021528307 -0.20986354229143686 0.9317958209808882
-0.2661051150299171 -0.24785969489709972 0.9311707319938117
-0.23387038951473857 -0.28197294975579695 0.9299432569230597
-0.1969541919385469 -0.3115006723014375 0.9291369542429332
-0.15888823381440143 -0.33480030818096135 0.9282379827557634
-0.11859896997955278 -0.35252626516006696 0.9277074411630504
-0.07227656379822328 -0.36444781802781856 0.9276988990120939
-0.024282334112224323 -0.36965960389986147 0.9284300341711373
0.024282334112224323 -0.3696596038998614 0.9284300341711372
0.07227656379822331 -0.36444781802781856 0.9276988990120938
0.11859896997955278 -0.35252626516006696 0.9277074411630504
0.15888823381440143 -0.3348003081809614 0.9282379827557634
0.1969541919385469 -0.31150067230143746 0.9291369542429331
0.2338703895147386 -0.2819729497557969 0.9299432569230598
0.26610511502991707 -0.2478596948970997 0.9311707319938117
0.295241021528307 -0.20986354229143686 0.9317958209808882
0.31924982717397615 -0.16918356342559857 0.9318907151946475
0.33760077002151523 -0.12734814107704787 0.9320746107616891
0.35206376097760195 -0.08331089745699229 0.931860848094799
0.36214839294197043 -0.04229290992301085 0.9305808194145644
0.3675192626399305 -0.0014777986117597871 0.9299598636308308
# level 7
0.42540666713816094 -0.0032866223182592418 0.9048780681252788
0.42034435902866496 0.050809743395127116 0.9052924098861722
0.4088917584216146 0.10594792609934345 0.9059985470178514
0.3913938594911637 0.15867883739838706 0.9060398976255672
0.3701966500437075 0.20496335688326872 0.9055299822917242
0.3449176355150889 0.2469763324371679 0.9049552083023396
0.31515364641145693 0.28604968265013736 0.9043085639449711
0.2801814821330253 0.3222460646180527 0.9038463984576299
0.24050742554707905 0.35267898594436287 0.9039114049387722
0.19689389963379206 0.3784311239991601 0.9038193107146741
0.15058920992515024 0.3980321514206074 0.904364905455624
0.09809268686207817 0.4107069806160145 0.9060397637764599
0.038454925592757816 0.414701368778524 0.908798361904294
-0.03845492559275781 0.41470136877852404 0.908798361904294
-0.09809268686207817 0.4107069806160145 0.9060397637764598
-0.15058920992515024 0.3980321514206073 0.904364905455624
-0.19689389963379206 0.3784311239991601 0.9038193107146741
-0.24050742554707902 0.35267898594436287 0.9039114049387722
-0.2801814821330253 0.3222460646180527 0.90384639845763
-0.315153646411457 0.28604968265013736 0.9043085639449711
-0.3449176355150889 0.2469763324371679 0.9049552083023396
-0.3701966500437075 0.20496335688326872 0.9055299822917242
-0.3913938594911636 0.15867883739838706 0.9060398976255671
-0.4088917584216146 0.10594792609934345 0.9059985470178513
-0.42034435902866496 0.050809743395127116 0.9052924098861721
-0.425406667138161 -0.003286622318259231 0.9048780681252788
-0.41902837849536645 -0.05011810120085936 0.9060134173363688
-0.40654937657927737 -0.09675104693424601 0.9080622615183405
-0.38793962198324067 -0.14174931802123214 0.9106798613911314
-0.36569732650307846 -0.19138778289541852 0.9105468343338934
-0.3372648529564447 -0.2391434636214926 0.9100934713860978
-0.3036775934584176 -0.283890567067784 0.9088741358448957
-0.26480490923342104 -0.32453320800757296 0.9074355726222118
-0.22196415817720094 -0.358438714074262 0.906257627539669
-0.17672391859309744 -0.38584002938165035 0.9048838399314469
-0.13057617770231827 -0.40632022845997806 0.9037782798411687
-0.08232313057649698 -0.4197344208260593 0.9033720115937125
-0.028292380997476035 -0.4267221189350341 0.9032696710674134
0.028292380997475972 -0.4267221189350341 0.9032696710674135
0.08232313057649696 -0.4197344208260593 0.9033720115937125
0.13057617770231827 -0.40632022845997806 0.9037782798411687
0.17672391859309744 -0.38584002938165035 0.9048838399314468
0.22196415817720094 -0.3584387140742619 0.9062576275396691
0.26480490923342104 -0.32453320800757296 0.9074355726222118
0.3036775934584176 -0.283890567067784 0.9088741358448958
0.33726485295644465 -0.23914346362149258 0.9100934713860978
0.3656973265030785 -0.19138778289541855 0.9105468343338934
0.38793962198324067 -0.1417493180212321 0.9106798613911314
0.4065493765792774 -0.09675104693424602 0.9080622615183406
0.41902837849536645 -0.050118101200859355 0.9060134173363685
0.42540666713816094 -0.0032866223182592418 0.9048780681252788
# level 8
0.4816083805457218 -0.0047523861364784595 0.8762007973924364
0.4766755192676577 0.05635264152960032 0.8767023727290821
0.4641550240621697 0.11871986856842541 0.8773045013788054
0.4438048898307984 0.177907479153371 0.8779408443246431
0.41649423274017855 0.23456131461610105 0.8777807304813465
0.38812212379194366 0.2833427258092553 0.8763688685327038
0.35477144120367693 0.3288870170656071 0.8746514292097229
0.31639508503971187 0.36931993997686413 0.8734761377865492
0.272466212080623 0.405533957368596 0.8722747257652387
0.22414335787405662 0.43559694378803426 0.8711337991177172
0.17286295519360184 0.4603347292474822 0.8702265271158955
0.11442005708539618 0.4791883784466773 0.8698990053794314
0.04010032236479194 0.49171259872873607 0.8692147176445382
-0.04010032236479194 0.49171259872873607 0.8692147176445382
-0.11442005708539618 0.47918837844667733 0.8698990053794315
-0.17286295519360184 0.46033472924748214 0.8702265271158953
-0.22414335787405665 0.4355969437880342 0.8711337991177172
-0.272466212080623 0.40553395736859593 0.8722747257652387
-0.31639508503971187 0.3693199399768641 0.8734761377865492
-0.354771441203677 0.32888701706560713 0.874651429209723
-0.38812212379194366 0.28334272580925524 0.8763688685327038
-0.41649423274017855 0.23456131461610108 0.8777807304813466
-0.4438048898307984 0.17790747915337102 0.8779408443246431
-0.4641550240621697 0.11871986856842541 0.8773045013788054
-0.4766755192676577 0.05635264152960032 0.8767023727290821
-0.4816083805457218 -0.004752386136478449 0.8762007973924365
-0.4754312596054897 -0.05790429980874778 0.8771939917387215
-0.46205385399952714 -0.11095529620271158 0.8793731693475202
-0.44057451015106497 -0.16159096752924124 0.8824919603463414
-0.4121790000440285 -0.21274791851001928 0.8853093521881551
-0.3806533649918803 -0.268635655407107 0.8841931702566599
-0.3414421360737768 -0.32169613122344026 0.8825513765414965
-0.29637350199125123 -0.3675265996213395 0.8809084647588559
-0.24583678376057924 -0.40658606569123684 0.8793756292908292
-0.19388086373235475 -0.43689682366730037 0.8777718050742179
-0.14081802473528707 -0.4592158061192097 0.8766271659064202
-0.08614626188110955 -0.4742209371050102 0.8760373892391196
-0.03117047173566547 -0.481991031603971 0.8754980071227305
0.031170471735665468 -0.481991031603971 0.8754980071227305
0.08614626188110955 -0.47422093710501023 0.8760373892391196
0.14081802473528704 -0.45921580611920965 0.8766271659064203
0.19388086373235477 -0.43689682366730037 0.8777718050742178
0.24583678376057927 -0.4065860656912369 0.8793756292908295
0.29637350199125123 -0.36752659962133943 0.8809084647588558
0.3414421360737768 -0.32169613122344026 0.8825513765414966
0.38065336499188035 -0.26863565540710693 0.8841931702566599
0.4121790000440284 -0.21274791851001928 0.8853093521881551
0.44057451015106497 -0.16159096752924124 0.8824919603463413
0.4620538539995271 -0.11095529620271158 0.8793731693475202
0.4754312596054898 -0.05790429980874778 0.8771939917387215
0.4816083805457218 -0.0047523861364784595 0.8762007973924364
# level 9
0.5356929170138784 -0.005678408429779087 0.8441832822039321
0.5306343385424366 0.0624652861878867 0.8445951098480179
0.5164715057322142 0.13077368981960732 0.845645895151331
0.49454517301518497 0.19727727003109163 0.8456558447251088
0.4653326984137956 0.26053844083049715 0.8451341930898784
0.4286897505637092 0.3176201821868134 0.8451798391203731
0.39293539097294317 0.367971785746221 0.8421413728662062
0.351231860199816 0.41340499919963736 0.8394942084837511
0.3039941199350126 0.45339016086150974 0.8374962407893359
0.2511392632545831 0.4880740165228022 0.8352872604122858
0.18895664986732164 0.5160445208044068 0.8347993328860983
0.11600592227423946 0.5363764761674873 0.8353915181898974
0.03944913466204812 0.5528894234429971 0.8319399608264454
-0.03944913466204806 0.5528894234429971 0.8319399608264454
-0.11600592227423946 0.5363764761674873 0.8353915181898974
-0.18895664986732164 0.5160445208044068 0.8347993328860983
-0.2511392632545831 0.48807401652280225 0.8352872604122858
-0.3039941199350126 0.45339016086150974 0.8374962407893359
-0.35123186019981606 0.41340499919963736 0.8394942084837512
-0.39293539097294317 0.3679717857462211 0.8421413728662062
-0.4286897505637092 0.3176201821868134 0.845179839120373
-0.46533269841379565 0.26053844083049715 0.8451341930898784
-0.49454517301518497 0.19727727003109163 0.8456558447251088
-0.5164715057322142 0.13077368981960732 0.845645895151331
-0.5306343385424366 0.0624652861878867 0.8445951098480178
-0.5356929170138783 -0.005678408429779065 0.8441832822039322
-0.5299256249955804 -0.06511563120372788 0.8448790174594908
-0.5155574402345499 -0.12388592942507237 0.8473038243491479
-0.49288691551357644 -0.18181404681935642 0.8502133217208069
-0.4614185493886819 -0.2376134917778653 0.8541153427478161
-0.4225722098460425 -0.2976963823617981 0.8554385790652987
-0.3788459699120901 -0.3587196059197592 0.8527311944090796
-0.32670272698213176 -0.41078241291101314 0.8506505637515671
-0.2685014176141989 -0.45315270436054633 0.8494866674736187
-0.209598387914052 -0.48689073560768303 0.8474210636848211
-0.15064324042267216 -0.5111408841603506 0.8456651200131288
-0.09045961879717068 -0.5264638913926404 0.8448740236504675
-0.031597518292057404 -0.5346208619163302 0.8438691035648798
0.031597518292057404 -0.5346208619163302 0.8438691035648797
0.09045961879717068 -0.5264638913926404 0.8448740236504675
0.15064324042267216 -0.5111408841603506 0.8456651200131288
0.209598387914052 -0.48689073560768303 0.847421063684821
0.26850141761419893 -0.45315270436054633 0.8494866674736188
0.3267027269821317 -0.41078241291101314 0.8506505637515671
0.3788459699120901 -0.35871960591975927 0.8527311944090796
0.4225722098460425 -0.29769638236179796 0.8554385790652987
0.4614185493886819 -0.2376134917778653 0.8541153427478161
0.49288691551357644 -0.18181404681935637 0.8502133217208069
0.5155574402345499 -0.12388592942507237 0.8473038243491479
0.5299256249955804 -0.06511563120372788 0.8448790174594908
0.5356929170138784 -0.005678408429779087 0.8441832822039321
# level 10
0.5878179201368765 -0.005986796356882829 0.8087369324637247
0.5827041564527445 0.06933942005174237 0.8088614035724196
0.5683938885919622 0.1441565027393796 0.8093146919879923
0.5452194779087036 0.21704922753928618 0.808895448427067
0.5120971784882409 0.28633515457899406 0.8090257031667214
0.4714316297072935 0.3476898180932714 0.8096395103637496
0.428231504286527 0.40361741415694086 0.8078381105503262
0.3834155507613804 0.4538457882999885 0.8036958774144103
0.3322299947722094 0.4978684019850462 0.8004243033656134
0.2696585383505321 0.5354386726296233 0.7997555708616888
0.19727015283366894 0.5647400848825763 0.8006378785488635
0.11977185704526465 0.5876619405513465 0.7994942975106591
0.04041543373292052 0.6054470838504278 0.7944091081221596
-0.040415433732920496 0.6054470838504278 0.7944091081221597
-0.11977185704526463 0.5876619405513465 0.7994942975106591
-0.19727015283366894 0.5647400848825763 0.8006378785488635
-0.2696585383505321 0.5354386726296233 0.7997555708616888
-0.3322299947722093 0.4978684019850462 0.8004243033656135
-0.3834155507613804 0.4538457882999885 0.8036958774144103
-0.42823150428652695 0.4036174141569409 0.8078381105503262
-0.47143162970729346 0.3476898180932713 0.8096395103637496
-0.5120971784882408 0.28633515457899406 0.8090257031667214
-0.5452194779087036 0.21704922753928618 0.808895448427067
-0.568393888591962 0.14415650273937958 0.8093146919879923
-0.5827041564527445 0.06933942005174237 0.8088614035724195
-0.5878179201368765 -0.005986796356882818 0.8087369324637247
-0.5827066030945712 -0.07184164396326596 0.8088553276974237
-0.5687649105289208 -0.13678202850693388 0.8104965937030391
-0.5457152551651414 -0.20174385072330456 0.8125826950676392
-0.5108145443909978 -0.26405486007758844 0.8176440442995633
-0.4658017594847851 -0.32374707731701646 0.8232500444010453
-0.4132517143967728 -0.39451882702102303 0.8200868966130148
-0.3532970008524181 -0.4540154533462025 0.8175555277783538
-0.28926797198515636 -0.500012554574313 0.815802603852303
-0.22968051744355594 -0.5347787010854375 0.8124927112461289
-0.16904752523957373 -0.5598393264997955 0.8106246880217371
-0.10491599794926862 -0.5763544107329246 0.809839363130082
-0.0385765769113481 -0.58528265289907 0.8092856971415652
0.038576576911348096 -0.58528265289907 0.8092856971415654
0.10491599794926862 -0.5763544107329246 0.809839363130082
0.16904752523957373 -0.5598393264997955 0.8106246880217371
0.22968051744355594 -0.5347787010854375 0.8124927112461289
0.28926797198515636 -0.500012554574313 0.8158026038523032
0.35329700085241805 -0.4540154533462025 0.8175555277783537
0.41325171439677283 -0.3945188270210231 0.820086896613015
0.4658017594847851 -0.3237470773170165 0.8232500444010453
0.5108145443909978 -0.26405486007758844 0.8176440442995634
0.5457152551651414 -0.20174385072330456 0.8125826950676391
0.5687649105289208 -0.13678202850693386 0.8104965937030391
0.5827066030945712 -0.07184164396326598 0.8088553276974236
0.5878179201368765 -0.005986796356882829 0.8087369324637247
# level 11
0.6370825486971835 -0.005674193641373783 0.7705441382648647
0.6330580391344593 0.0757769359403664 0.7695150659263884
0.618182775833855 0.15766643336263708 0.7693764049970582
0.5927891735190101 0.2366713535051175 0.7689059555566907
0.5576759326540799 0.3100099647221608 0.7692402546379892
0.5133056853432627 0.37742499635599597 0.770478410282891
0.4632805505135827 0.43734373062003473 0.770276189695404
0.41348798322317004 0.49160427313972355 0.7656294480576975
0.35508433720781124 0.5387339825861666 0.7633540461309531
0.28354983085235586 0.5789339575772572 0.7637778789645657
0.20682853899403958 0.610597007691559 0.7638163093698909
0.12468648647547229 0.6353681329058333 0.7612777068764651
0.04193971407081298 0.6523822637981608 0.7562569277449793
-0.04193971407081296 0.6523822637981608 0.7562569277449793
-0.1246864864754723 0.6353681329058334 0.7612777068764651
-0.20682853899403958 0.610597007691559 0.7638163093698909
-0.28354983085235586 0.5789339575772572 0.7637778789645657
-0.35508433720781124 0.5387339825861666 0.7633540461309531
-0.4134879832231701 0.49160427313972355 0.7656294480576975
-0.4632805505135827 0.43734373062003473 0.770276189695404
-0.5133056853432627 0.37742499635599597 0.770478410282891
-0.5576759326540799 0.31000996472216086 0.7692402546379892
-0.5927891735190101 0.2366713535051175 0.7689059555566907
-0.618182775833855 0.15766643336263708 0.7693764049970581
-0.6330580391344593 0.07577693594036639 0.7695150659263883
-0.6370825486971834 -0.005674193641373778 0.7705441382648647
-0.6337612712981581 -0.07674302041545997 0.7691466189756423
-0.6201524115624579 -0.14826316117457888 0.7697343946026503
-0.5966955989220192 -0.2198879338884329 0.77120547806222
-0.5617373457480044 -0.2882153821141458 0.7751334532168657
-0.5112321154191959 -0.3554463335999691 0.781861824428864
-0.448528081819358 -0.43259873307091395 0.781519443076757
-0.38116756094132775 -0.4975990756398261 0.7786697437467884
-0.3220701616288507 -0.5438044636328069 0.7745000427144056
-0.2553741495883579 -0.5802733014320329 0.7725772086175964
-0.18830869589890906 -0.6065693029465629 0.7719855346542464
-0.11837504663730229 -0.6241253291784911 0.7717416398263751
-0.04200869926345195 -0.6334173629540003 0.7718924592203953
0.04200869926345195 -0.6334173629540003 0.7718924592203953
0.11837504663730229 -0.6241253291784911 0.7717416398263751
0.18830869589890906 -0.6065693029465629 0.7719855346542464
0.2553741495883579 -0.5802733014320328 0.7725772086175964
0.32207016162885066 -0.5438044636328069 0.7745000427144056
0.38116756094132775 -0.4975990756398261 0.7786697437467884
0.448528081819358 -0.43259873307091395 0.7815194430767571
0.5112321154191959 -0.35544633359996913 0.781861824428864
0.5617373457480044 -0.2882153821141458 0.7751334532168657
0.5966955989220192 -0.21988793388843292 0.77120547806222
0.620152411562458 -0.14826316117457888 0.7697343946026503
0.633761271298158 -0.07674302041545998 0.7691466189756424
0.6370825486971835 -0.005674193641373783 0.7705441382648647
# level 12
0.6849858699808492 -0.00472590608346757 0.7283340175730322
0.6803239756728269 0.08309698373058917 0.7272931081006593
0.6657948586772799 0.16947446924968174 0.7261286259741031
0.6380194414667284 0.2544862917040742 0.7259270071578077
0.6012657990910378 0.3330173258461425 0.7260573585038899
0.55395582586585 0.4041824859846922 0.7271286031898796
0.49753589483853056 0.46996095133415905 0.7286487909311314
0.4420349539598827 0.5272307961684126 0.7252214549550469
0.3730166942502988 0.5774051452202638 0.7255391858711507
0.29733320530181007 0.6195220051227083 0.7258229746137299
0.21701559522628264 0.6537738197199898 0.7242148099856623
0.13078712038414925 0.67995416691644 0.7206775520378408
0.04397563632777945 0.6972031615878339 0.71497550086971
-0.04397563632777944 0.697203161587834 0.7149755008697101
-0.13078712038414925 0.6799541669164398 0.7206775520378408
-0.21701559522628264 0.6537738197199898 0.7242148099856623
-0.29733320530181007 0.6195220051227083 0.7258229746137299
-0.3730166942502988 0.5774051452202638 0.7255391858711507
-0.4420349539598827 0.5272307961684126 0.7252214549550469
-0.49753589483853056 0.46996095133415905 0.7286487909311314
-0.5539558258658501 0.40418248598469225 0.7271286031898796
-0.6012657990910378 0.3330173258461425 0.7260573585038899
-0.6380194414667284 0.2544862917040743 0.7259270071578077
-0.6657948586772798 0.16947446924968174 0.7261286259741031
-0.680323975672827 0.0830969837305892 0.7272931081006593
-0.6849858699808492 -0.00472590608346757 0.7283340175730322
-0.6819262957070586 -0.08113773843855185 0.7264098975665845
-0.6697293610836246 -0.1564530584650093 0.725257995217212
-0.6462064881874889 -0.23398914358624404 0.7263636195229332
-0.6123254467193262 -0.3089674731238021 0.7269386168079163
-0.5637177056523914 -0.38643804543428306 0.7293160094328975
-0.487102612401718 -0.4774730897165404 0.730540354261302
-0.4197618842222167 -0.5396324031681816 0.7290499275073143
-0.353075123001366 -0.5868496561796612 0.7280719835564728
-0.2805008212161535 -0.6239877313736955 0.7286764545417572
-0.20688879388380035 -0.651432642160782 0.7295204972640132
-0.1312467635809261 -0.6694652207129973 0.7304201625750969
-0.04514877834373378 -0.6802254732937045 0.7307799603736227
0.04514877834373378 -0.6802254732937045 0.7307799603736227
0.1312467635809261 -0.6694652207129973 0.7304201625750969
0.20688879388380035 -0.651432642160782 0.7295204972640132
0.2805008212161535 -0.6239877313736955 0.7286764545417572
0.353075123001366 -0.5868496561796612 0.7280719835564728
0.41976188422221683 -0.5396324031681816 0.7290499275073143
0.48710261240171804 -0.47747308971654046 0.7305403542613021
0.5637177056523914 -0.38643804543428306 0.7293160094328975
0.6123254467193262 -0.3089674731238021 0.7269386168079162
0.6462064881874888 -0.23398914358624406 0.7263636195229333
0.6697293610836246 -0.1564530584650093 0.725257995217212
0.6819262957070585 -0.08113773843855188 0.7264098975665845
0.6849858699808492 -0.00472590608346757 0.7283340175730322
# level 13
0.7290063229293879 -0.003289375041202387 0.6843429201710852
0.7244375842531665 0.08990589137840892 0.6826143224088739
0.7086849267544629 0.18225006518442513 0.6808707191962571
0.6808969713967175 0.27068592763977595 0.6799214829700487
0.6411852296032237 0.3534354857425384 0.6803859127780152
0.5907089753638515 0.4296086488812285 0.6826290085371037
0.5303530293525917 0.49926716837057045 0.6844051285286847
0.4641468944080852 0.5606905132857585 0.6852239663224434
0.39057937335627796 0.6130147172520052 0.6861768789699305
0.31031271318592324 0.6579551605991515 0.6856536018746537
0.22556288749799885 0.693318267438363 0.6835679800415335
0.1370884105633957 0.7204355064404553 0.679091874863136
0.046066669945495776 0.7374090372795243 0.6732715358229979
-0.04606666994549578 0.7374090372795242 0.6732715358229978
-0.1370884105633957 0.7204355064404553 0.679091874863136
-0.22556288749799885 0.693318267438363 0.6835679800415334
-0.31031271318592324 0.6579551605991515 0.6856536018746537
-0.39057937335627796 0.6130147172520051 0.6861768789699304
-0.4641468944080852 0.5606905132857585 0.6852239663224434
-0.5303530293525917 0.4992671683705704 0.6844051285286847
-0.5907089753638515 0.4296086488812285 0.6826290085371036
-0.6411852296032237 0.3534354857425384 0.6803859127780153
-0.6808969713967175 0.27068592763977595 0.6799214829700487
-0.7086849267544629 0.18225006518442516 0.6808707191962571
-0.7244375842531665 0.08990589137840892 0.682614322408874
-0.7290063229293879 -0.003289375041202398 0.6843429201710852
-0.7267327798756724 -0.0839493845394999 0.6813332324291845
-0.7147920774075781 -0.16462303280067617 0.679024999052521
-0.6916127244732015 -0.24688690944350508 0.6781724010314127
-0.6543032710888692 -0.33351845802429025 0.6780899811531982
-0.6050820155502811 -0.42254918577038764 0.6744897175176309
-0.5311919184796454 -0.5136678339414353 0.6730912274573156
-0.4533966909907109 -0.581239749614612 0.6748538105208131
-0.3802353316193821 -0.627296618011719 0.6789114890596581
-0.30249347531594156 -0.6663808552550596 0.6812069507606907
-0.22347533055744992 -0.6935896141270288 0.6840324082591049
-0.14220464646727518 -0.7123885918046463 0.6863457127910559
-0.04784899866347711 -0.7245681971120118 0.6867955832896231
0.04784899866347711 -0.7245681971120117 0.686795583289623
0.14220464646727518 -0.7123885918046463 0.6863457127910559
0.2234753305574499 -0.6935896141270288 0.6840324082591048
0.30249347531594156 -0.6663808552550596 0.6812069507606907
0.38023533161938206 -0.6272966180117189 0.6789114890596581
0.4533966909907109 -0.581239749614612 0.6748538105208131
0.5311919184796454 -0.5136678339414353 0.6730912274573156
0.6050820155502811 -0.4225491857703877 0.6744897175176309
0.6543032710888692 -0.33351845802429025 0.6780899811531982
0.6916127244732017 -0.2468869094435051 0.6781724010314129
0.7147920774075782 -0.16462303280067617 0.679024999052521
0.7267327798756724 -0.08394938453949992 0.6813332324291845
0.7290063229293879 -0.003289375041202387 0.6843429201710852
# level 14
0.7711489141940157 -0.0014714370503916472 0.6365714583332662
0.7660012000176608 0.09780227922230747 0.6346907989094899
0.7479956692008122 0.19256277620569964 0.6344195976422926
0.7168519013856091 0.2841002894891952 0.6359700410261457
0.6732658883110402 0.37230347643599426 0.6382330324797472
0.6183932283175566 0.45423502147650996 0.6404480165459738
0.5561687484952207 0.5272127207227657 0.6418179993784305
0.49214707580846107 0.5923455343550248 0.6369668639542654
0.41215812677691965 0.6485074660493276 0.6393958513475033
0.3253792160915416 0.694108011919125 0.6413761741771625
0.23493526314117252 0.7306127538245872 0.640221410726219
0.14237277256308614 0.7578909025506866 0.6359488139384213
0.04747687163705582 0.774817060827024 0.6297482784719864
-0.047476871637055815 0.7748170608270238 0.6297482784719864
-0.14237277256308614 0.7578909025506866 0.6359488139384214
-0.23493526314117252 0.7306127538245872 0.640221410726219
-0.3253792160915416 0.694108011919125 0.6413761741771625
-0.41215812677691965 0.6485074660493276 0.6393958513475033
-0.4921470758084611 0.5923455343550249 0.6369668639542654
-0.5561687484952207 0.5272127207227657 0.6418179993784305
-0.6183932283175566 0.45423502147650996 0.6404480165459738
-0.6732658883110401 0.3723034764359942 0.6382330324797472
-0.716851901385609 0.2841002894891952 0.6359700410261457
-0.7479956692008121 0.1925627762056997 0.6344195976422926
-0.7660012000176609 0.09780227922230748 0.6346907989094899
-0.7711489141940157 -0.0014714370503916482 0.6365714583332661
-0.7687936193546421 -0.08757817649176805 0.633157066459196
-0.7536184622661605 -0.17844412963517448 0.6319264441035928
-0.7265497444829876 -0.27027242800810974 0.63080391729217
-0.6878280090924725 -0.3626661950421973 0.6280925446934549
-0.6393182772314174 -0.45432329028068524 0.619452566248756
-0.567655434481327 -0.5391022569345638 0.6213854191174728
-0.48341066357440354 -0.6140821846203416 0.6229721023466315
-0.40301950063055814 -0.6668648446006895 0.6258771671802141
-0.32215363741715797 -0.7054769010015984 0.6309113423817745
-0.23871669185027972 -0.7335696629259443 0.6354809464498312
-0.14921106200434678 -0.7547770008164368 0.6378935874909895
-0.050020777394162705 -0.7677252350493933 0.6381241632946413
0.05002077739416272 -0.7677252350493932 0.6381241632946413
0.14921106200434675 -0.7547770008164368 0.6378935874909895
0.23871669185027977 -0.7335696629259445 0.6354809464498312
0.3221536374171579 -0.7054769010015984 0.6309113423817745
0.4030195006305582 -0.6668648446006895 0.6258771671802141
0.48341066357440354 -0.6140821846203416 0.6229721023466315
0.567655434481327 -0.5391022569345638 0.6213854191174728
0.6393182772314177 -0.4543232902806853 0.619452566248756
0.6878280090924724 -0.3626661950421974 0.6280925446934549
0.7265497444829875 -0.27027242800810974 0.63080391729217
0.7536184622661604 -0.17844412963517445 0.6319264441035928
0.7687936193546422 -0.08757817649176804 0.6331570664591961
0.7711489141940157 -0.0014714370503916472 0.6365714583332662
# level 15
0.8089082036089584 -2.5781404967266046e-06 0.5879274830998433
0.8022430117294578 0.09745243402677445 0.5886126244823514
0.7829173310006033 0.1960323682418158 0.5895814465781752
0.749780527455665 0.2943242227365607 0.5916799414787954
0.7026313884803004 0.39003990973095676 0.5944234330093962
0.6446654528457951 0.47677740439327165 0.5967540516220056
0.5825340748245471 0.5537546581811233 0.5940563397443285
0.5190487509267325 0.6207451027276014 0.5869561509239096
0.434325027768989 0.6803864012677101 0.5893781898559449
0.34315689175978714 0.7289687632830613 0.5913608369042989
0.24633754547298742 0.7671114039332351 0.5914438108824703
0.14902824491228467 0.7923122755169243 0.5908668158542353
0.0500493334957321 0.8087644080746992 0.5853625226214323
-0.050049333495732096 0.8087644080746993 0.5853625226214324
-0.14902824491228467 0.7923122755169243 0.5908668158542353
-0.24633754547298742 0.7671114039332351 0.5914438108824704
-0.34315689175978714 0.7289687632830613 0.5913608369042989
-0.434325027768989 0.6803864012677101 0.5893781898559449
-0.5190487509267325 0.6207451027276014 0.5869561509239096
-0.5825340748245471 0.5537546581811233 0.5940563397443285
-0.6446654528457951 0.4767774043932716 0.5967540516220057
-0.7026313884803004 0.39003990973095676 0.5944234330093963
-0.749780527455665 0.2943242227365607 0.5916799414787954
-0.7829173310006032 0.19603236824181577 0.5895814465781752
-0.8022430117294577 0.09745243402677443 0.5886126244823513
-0.8089082036089585 -2.5781404967287464e-06 0.5879274830998433
-0.8037810772596519 -0.09679134581613663 0.5866573746343057
-0.7871814878630887 -0.19331515020738202 0.5849720992701066
-0.7587375644025929 -0.2897850697887757 0.5823703229074413
-0.718750737992464 -0.38618264649370804 0.5772612231739787
-0.6697689022975633 -0.47899922313658283 0.5665594177250647
-0.5959293603183566 -0.5624510760236675 0.572211094472635
-0.5119650620698489 -0.6366337703195907 0.5757642461085651
-0.4232532368740031 -0.7000391404983239 0.5743930897581182
-0.3385522155360465 -0.7399570768182177 0.58033661402604
-0.2517122249058128 -0.7688226101296123 0.5868471918971893
-0.15633831455697883 -0.7934219069640475 0.58790280094937
-0.05313240575992174 -0.8072164015696899 0.5869502007873302
0.05313240575992174 -0.8072164015696899 0.5869502007873302
0.1563383145569788 -0.7934219069640475 0.58790280094937
0.25171222490581285 -0.7688226101296124 0.5868471918971894
0.33855221553604653 -0.7399570768182178 0.5803366140260401
0.4232532368740031 -0.7000391404983239 0.5743930897581182
0.5119650620698488 -0.6366337703195906 0.575764246108565
0.5959293603183566 -0.5624510760236675 0.572211094472635
0.6697689022975633 -0.47899922313658283 0.5665594177250647
0.7187507379924641 -0.3861826464937081 0.5772612231739788
0.7587375644025929 -0.2897850697887757 0.5823703229074414
0.7871814878630887 -0.19331515020738205 0.5849720992701067
0.8037810772596519 -0.09679134581613662 0.5866573746343057
0.8089082036089584 -2.5781404967266046e-06 0.5879274830998433
# level 16
0.8438800736488034 0.0014852369499933223 0.5364344588006389
0.8351135071604133 0.09609648413508813 0.5413156533083553
0.8155727515673676 0.19904555324548617 0.5426381713372852
0.7815694899327762 0.3037809282131466 0.5441416464600458
0.7315641140945844 0.40584459512732995 0.5469709373643377
0.6687204904738632 0.49821111939792867 0.5511624270517831
0.6071076747356307 0.5786371180068945 0.543536966125113
0.5400022510234939 0.6485990220716651 0.535599271112828
0.4550928567341196 0.7100739394731945 0.5363583430259038
0.35887380841294647 0.7621827758672668 0.537530402236219
0.2573338601385071 0.80271077969826 0.5374437705006575
0.1551362039518584 0.8286521685643172 0.5371029681365399
0.051827381009868057 0.8420512471553763 0.536004048152289
-0.051827381009868057 0.8420512471553763 0.536004048152289
-0.1551362039518584 0.8286521685643172 0.5371029681365399
-0.2573338601385071 0.8027107796982601 0.5374437705006575
-0.3588738084129464 0.7621827758672668 0.537530402236219
-0.4550928567341196 0.7100739394731945 0.5363583430259038
-0.5400022510234939 0.6485990220716651 0.535599271112828
-0.6071076747356307 0.5786371180068945 0.543536966125113
-0.6687204904738632 0.49821111939792867 0.5511624270517832
-0.7315641140945844 0.40584459512733 0.5469709373643377
-0.7815694899327762 0.3037809282131467 0.5441416464600458
-0.8155727515673676 0.1990455532454862 0.5426381713372852
-0.8351135071604134 0.09609648413508814 0.5413156533083553
-0.8438800736488034 0.0014852369499933327 0.5364344588006389
-0.8356296802953448 -0.10722560751372104 0.5384178103806955
-0.8177067489828977 -0.20767472732336995 0.5362900477161221
-0.788397683634291 -0.3072896565697287 0.5319648569858311
-0.7476803768841387 -0.4058855672706497 0.5246349846870441
-0.6967261757079164 -0.49964562755008496 0.5142917873216803
-0.6207347299689868 -0.5839491749265606 0.5223073999822078
-0.5355502600483082 -0.6599742289882257 0.5261060503451557
-0.4453309323693416 -0.7241330425066278 0.5262537393890758
-0.35344239964796703 -0.7714911925187995 0.5279700634787232
-0.26313777317673676 -0.8020337892208689 0.5355305456055806
-0.16095033095034794 -0.8288532770341196 0.5347195177400915
-0.055154715239775956 -0.8440480623075941 0.5325655534516597
0.055154715239775956 -0.8440480623075942 0.5325655534516597
0.16095033095034794 -0.8288532770341195 0.5347195177400915
0.26313777317673676 -0.8020337892208689 0.5355305456055806
0.35344239964796703 -0.7714911925187995 0.5279700634787232
0.4453309323693417 -0.7241330425066279 0.5262537393890759
0.5355502600483082 -0.6599742289882257 0.5261060503451557
0.6207347299689868 -0.5839491749265606 0.5223073999822078
0.6967261757079164 -0.499645627550085 0.5142917873216803
0.7476803768841387 -0.4058855672706497 0.524634984687044
0.788397683634291 -0.30728965656972873 0.5319648569858311
0.8177067489828977 -0.20767472732336995 0.5362900477161221
0.8356296802953448 -0.10722560751372104 0.5384178103806955
0.8438800736488034 0.0014852369499933223 0.5364344588006389
# level 17
0.8757959954553907 0.0032842783042477883 0.4824458381316484
0.8667009429571684 0.10058874250452825 0.4880879616795498
0.8457853876123542 0.20075762724229618 0.4932757206531477
0.8110839862814921 0.31219030768652417 0.493644462041076
0.7584828725904461 0.42043855667721386 0.49677016513818434
0.6927362137069899 0.5186854057785477 0.5003749601236753
0.6302865980733231 0.6019094664817234 0.4898177532645354
0.559569766992886 0.6731664521252778 0.48237107157051046
0.47403002909725733 0.7369497182099305 0.4811252369277061
0.37346873119003765 0.7923674695593573 0.4812485745219729
0.2674429207850644 0.8344271631253356 0.48159757829406613
0.16095684000223676 0.8619746126745016 0.4800258099185795
0.053818202557790115 0.874131763991395 0.48201420082271507
-0.053818202557790115 0.874131763991395 0.48201420082271507
-0.16095684000223676 0.8619746126745016 0.48002580991857957
-0.2674429207850644 0.8344271631253356 0.48159757829406613
-0.37346873119003765 0.7923674695593572 0.4812485745219729
-0.47403002909725733 0.7369497182099305 0.4811252369277061
-0.559569766992886 0.6731664521252778 0.48237107157051046
-0.6302865980733231 0.6019094664817234 0.48981775326453536
-0.69273621370699 0.5186854057785477 0.5003749601236753
-0.7584828725904462 0.42043855667721386 0.4967701651381844
-0.8110839862814923 0.31219030768652417 0.49364446204107604
-0.8457853876123542 0.20075762724229618 0.4932757206531476
-0.8667009429571684 0.10058874250452826 0.4880879616795498
-0.8757959954553907 0.0032842783042477887 0.4824458381316484
-0.8674755402172953 -0.10991895455574144 0.4849944519490733
-0.8455526949454297 -0.22006007968181618 0.4859849656047886
-0.8149916766522047 -0.32294346845446176 0.4803411577983837
-0.7732491333208921 -0.4224046412697626 0.47205256114220684
-0.7196307518705125 -0.5175575759471169 0.46256879213240515
-0.6436046634014978 -0.6029880602735948 0.4703175065962761
-0.5576510922360325 -0.6796057364645185 0.47556468941210145
-0.46573923835009395 -0.7450208664620759 0.4768357067980282
-0.3685412727143406 -0.7975805647349049 0.47643152221299784
-0.2726726635278965 -0.8323199867273058 0.48197397912582185
-0.1652034940218686 -0.8618050965227864 0.47881895234898664
-0.05581374124139418 -0.8765970185394636 0.4766339483567175
0.05581374124139418 -0.8765970185394636 0.4766339483567175
0.16520349402186862 -0.8618050965227865 0.47881895234898664
0.2726726635278965 -0.8323199867273058 0.48197397912582185
0.3685412727143406 -0.7975805647349049 0.47643152221299784
0.46573923835009395 -0.7450208664620759 0.4768357067980282
0.5576510922360325 -0.6796057364645185 0.47556468941210145
0.6436046634014978 -0.6029880602735948 0.4703175065962761
0.7196307518705125 -0.5175575759471169 0.46256879213240515
0.7732491333208922 -0.42240464126976274 0.4720525611422069
0.8149916766522047 -0.3229434684544618 0.4803411577983838
0.8455526949454297 -0.22006007968181618 0.48598496560478865
0.8674755402172952 -0.10991895455574145 0.4849944519490733
0.8757959954553907 0.0032842783042477883 0.4824458381316484
# level 18
0.9044377681550314 0.004731766403416417 0.42622586124202283
0.8959270934086854 0.10492896012916365 0.4309253442417883
0.8743234115622063 0.2058035944920913 0.4384749529695361
0.8387426202516728 0.3175408979440851 0.4414890798670599
0.7825370557501914 0.4347720678124355 0.4447577552337236
0.7176652471371677 0.5377360225519116 0.4416476243743561
0.651231636771018 0.6232862717734874 0.43204304821805406
0.575947889553965 0.6969811813825382 0.4258000888501923
0.48942737505413564 0.7617951917572643 0.4234760017998181
0.38577247754172583 0.8191456384817313 0.42285264633586817
0.27649648716462416 0.8625642167706877 0.4228445365346236
0.16692717179629576 0.8905294994675874 0.4223386695673699
0.05612987850835873 0.9000125896904478 0.43133063352908985
-0.05612987850835873 0.9000125896904478 0.43133063352908985
-0.16692717179629576 0.8905294994675874 0.4223386695673699
-0.27649648716462416 0.8625642167706877 0.4228445365346236
-0.38577247754172583 0.8191456384817313 0.42285264633586817
-0.48942737505413564 0.7617951917572643 0.4234760017998181
-0.575947889553965 0.6969811813825382 0.4258000888501923
-0.651231636771018 0.6232862717734874 0.43204304821805406
-0.7176652471371678 0.5377360225519116 0.4416476243743561
-0.7825370557501914 0.43477206781243544 0.4447577552337236
-0.8387426202516728 0.31754089794408513 0.4414890798670599
-0.8743234115622063 0.2058035944920913 0.4384749529695361
-0.8959270934086855 0.10492896012916365 0.43092534424178836
-0.9044377681550314 0.0047317664034164115 0.4262258612420228
-0.8965942173239445 -0.11123170232378361 0.4284926464046678
-0.8733364893842491 -0.22650942965758358 0.43051767469649793
-0.8385535805174649 -0.3352766884342625 0.42836593061624606
-0.7951273829733265 -0.4368447633879434 0.4193264923727141
-0.7387131559168876 -0.5330479729821651 0.41150009803372073
-0.6630931083082245 -0.6194780817649679 0.418925094512247
-0.5763363611603307 -0.6976257506968658 0.4244452914209884
-0.4829693794523917 -0.7640508484021662 0.4264329981131838
-0.3835665860047598 -0.8187034431073774 0.4262120265128845
-0.28010092990287233 -0.8600280708382649 0.4252257011224349
-0.17104131985946686 -0.8889145657262219 0.4238709286644258
-0.05784916718803983 -0.9037659066965875 0.4228498064263488
0.05784916718803982 -0.9037659066965874 0.42284980642634873
0.17104131985946686 -0.888914565726222 0.42387092866442583
0.28010092990287233 -0.8600280708382649 0.4252257011224349
0.3835665860047598 -0.8187034431073774 0.4262120265128845
0.4829693794523917 -0.7640508484021662 0.4264329981131838
0.5763363611603307 -0.6976257506968658 0.4244452914209884
0.6630931083082245 -0.6194780817649679 0.418925094512247
0.7387131559168876 -0.5330479729821651 0.41150009803372073
0.7951273829733265 -0.4368447633879434 0.41932649237271413
0.838553580517465 -0.3352766884342625 0.42836593061624606
0.8733364893842491 -0.22650942965758358 0.4305176746964979
0.8965942173239445 -0.1112317023237836 0.4284926464046677
0.9044377681550314 0.004731766403416417 0.42622586124202283
# level 19
0.9295373452967762 0.005668095804153008 0.3682020079423488
0.9213800091062704 0.10976107960544068 0.37171769209447786
0.9009640035818612 0.21461572549484395 0.3758531006210429
0.865190937163853 0.3197327191594431 0.3860291819307363
0.8045706093288454 0.4486444466614106 0.3878926069335464
0.7385939312255958 0.5567371282035718 0.3786796785184009
0.6684249356695146 0.6438883035876461 0.3707952026968827
0.5898809887876049 0.7188937302560017 0.36665415323049494
0.5021625812748529 0.7827560890879549 0.36582076830938876
0.3963274846064821 0.8419057896800445 0.36445917544223655
0.2839989836917202 0.8867315695669629 0.36322765499489884
0.17254287769677695 0.9127538464422392 0.3690854713967504
0.05773564771031299 0.9232380310848781 0.37872242620032376
-0.05773564771031299 0.923238031084878 0.3787224262003237
-0.17254287769677695 0.9127538464422391 0.3690854713967504
-0.2839989836917202 0.8867315695669629 0.36322765499489884
-0.3963274846064821 0.8419057896800445 0.36445917544223655
-0.5021625812748529 0.7827560890879549 0.3658207683093888
-0.5898809887876049 0.7188937302560017 0.36665415323049494
-0.6684249356695146 0.6438883035876461 0.3707952026968827
-0.7385939312255958 0.5567371282035718 0.3786796785184008
-0.8045706093288454 0.4486444466614107 0.3878926069335464
-0.8651909371638531 0.3197327191594432 0.3860291819307363
-0.9009640035818611 0.21461572549484398 0.3758531006210429
-0.9213800091062702 0.10976107960544068 0.3717176920944779
-0.9295373452967763 0.005668095804153008 0.36820200794234886
-0.9216089317062628 -0.11418107985681838 0.37069520636511416
-0.8988697924463378 -0.23260648472413625 0.37036333100183194
-0.8613843424285588 -0.34496043106651925 0.3711977930491207
-0.8146006252741437 -0.44904000148396483 0.3655587198454513
-0.7553870982369637 -0.5468430126743893 0.3595372507486901
-0.6793076969127361 -0.6346211034654772 0.36714154113642794
-0.5930407320076375 -0.7134249461883035 0.372288245282815
-0.49734731342662425 -0.7826699513496982 0.37267831148123204
-0.3945226118544962 -0.8408835755370913 0.369578811664922
-0.2894984575135112 -0.8814914289024971 0.37192731083131964
-0.17847944230619678 -0.9101666304734186 0.37264891119264076
-0.06071157052080982 -0.9261183671446365 0.371413535928241
0.06071157052080981 -0.9261183671446364 0.371413535928241
0.17847944230619678 -0.9101666304734186 0.37264891119264076
0.2894984575135112 -0.8814914289024971 0.37192731083131964
0.3945226118544962 -0.8408835755370914 0.369578811664922
0.49734731342662425 -0.7826699513496982 0.37267831148123204
0.5930407320076375 -0.7134249461883035 0.37228824528281507
0.6793076969127361 -0.6346211034654772 0.36714154113642794
0.7553870982369637 -0.5468430126743893 0.3595372507486901
0.8146006252741438 -0.44904000148396483 0.3655587198454513
0.8613843424285587 -0.34496043106651925 0.3711977930491207
0.8988697924463378 -0.23260648472413625 0.3703633310018319
0.9216089317062627 -0.11418107985681838 0.37069520636511405
0.9295373452967762 0.005668095804153008 0.3682020079423488
# level 20
0.9508571780936648 0.005991200315443177 0.308954679552962
0.9438844396986443 0.11223038118513054 0.30912281008413706
0.9235291707442849 0.2220300173779051 0.31095760842610265
0.8890580848997102 0.33082275456303534 0.315606683144224
0.8252161554360075 0.46277471229142314 0.3237090048090982
0.7555992239734322 0.5750168216797694 0.31204451359219487
0.6809443218685047 0.6635500539078102 0.3080922325509192
0.6003163963667035 0.7384781806884082 0.30689021090860874
0.51323856689242 0.8006474857912567 0.30719199962702565
0.40395974408332186 0.8618091294918757 0.3053769171053302
0.2929973399474897 0.9051970894335214 0.3060689227319324
0.17925851703447124 0.9317750498339752 0.31405234526147857
0.060717093798722734 0.9434139753750943 0.3245112277598708
-0.060717093798722734 0.9434139753750943 0.3245112277598708
-0.17925851703447124 0.9317750498339752 0.31405234526147857
-0.2929973399474897 0.9051970894335214 0.3060689227319324
-0.40395974408332186 0.8618091294918757 0.3053769171053302
-0.51323856689242 0.8006474857912567 0.30719199962702565
-0.6003163963667035 0.7384781806884082 0.30689021090860874
-0.6809443218685047 0.6635500539078102 0.3080922325509192
-0.7555992239734323 0.5750168216797694 0.3120445135921949
-0.8252161554360075 0.4627747122914231 0.3237090048090982
-0.8890580848997102 0.33082275456303534 0.3156066831442241
-0.9235291707442849 0.22203001737790512 0.31095760842610265
-0.9438844396986443 0.11223038118513053 0.30912281008413706
-0.9508571780936648 0.0059912003154431875 0.308954679552962
-0.9438140513487732 -0.11600503057035103 0.3090215509186263
-0.9200388687884897 -0.23900957411142015 0.30906159829468094
-0.8822801155689364 -0.35286868260109444 0.3095862057235883
-0.8316508943468653 -0.4593426380201693 0.3102291144149166
-0.7700438994908663 -0.5582726057226135 0.3070624739494732
-0.693234665135764 -0.6484572359628654 0.3130685719901083
-0.606701598180258 -0.7299713977512946 0.31352671457600967
-0.5081227166884971 -0.8018596332868015 0.31254591670088594
-0.40159347723006783 -0.8615421245238712 0.3090793677947868
-0.2965662518790534 -0.9014693520487613 0.313995300912254
-0.18612014293289547 -0.9282916315340679 0.32014779835341883
-0.06395535908137198 -0.9451775641724508 0.3184756064687329
0.06395535908137197 -0.9451775641724507 0.31847560646873285
0.18612014293289547 -0.9282916315340679 0.32014779835341883
0.2965662518790534 -0.9014693520487613 0.313995300912254
0.40159347723006783 -0.8615421245238712 0.3090793677947868
0.5081227166884971 -0.8018596332868015 0.31254591670088594
0.606701598180258 -0.7299713977512946 0.3135267145760096
0.693234665135764 -0.6484572359628654 0.3130685719901083
0.7700438994908662 -0.5582726057226135 0.30706247394947317
0.8316508943468655 -0.4593426380201693 0.3102291144149166
0.8822801155689364 -0.35286868260109444 0.30958620572358836
0.9200388687884896 -0.23900957411142013 0.30906159829468094
0.943814051348773 -0.11600503057035101 0.3090215509186263
0.9508571780936648 0.005991200315443177 0.308954679552962
# level 21
0.9684370603100664 0.0056597847402189636 0.2484855031723403
0.962165801604929 0.11343139037854245 0.24575222080292855
0.9426141921363541 0.22481365522409785 0.24447328537552543
0.9097488777297709 0.33666645016190627 0.2408890963944677
0.8471131860136127 0.4747741140576733 0.23665868684475916
0.7683685624533435 0.5915934177819143 0.24339819223895715
0.6900976927734421 0.6806387492777047 0.24432151478963654
0.6080130063818326 0.7543208675230737 0.2458367689889907
0.5198422477119253 0.8169050392722583 0.24757609930931668
0.41048348817135394 0.8779399672501259 0.2462228777741286
0.3029312270308816 0.9192260736258975 0.24937649737170847
0.18637345060754568 0.9478633880172869 0.2563870631189851
0.06309639825590692 0.9609737409426446 0.26726003238529855
-0.06309639825590692 0.9609737409426446 0.2672600323852985
-0.18637345060754568 0.9478633880172869 0.2563870631189851
-0.3029312270308816 0.9192260736258975 0.24937649737170842
-0.41048348817135394 0.8779399672501259 0.2462228777741286
-0.5198422477119253 0.8169050392722584 0.24757609930931668
-0.6080130063818325 0.7543208675230737 0.24583676898899068
-0.6900976927734421 0.6806387492777047 0.24432151478963654
-0.7683685624533435 0.5915934177819143 0.24339819223895715
-0.8471131860136127 0.4747741140576733 0.23665868684475916
-0.9097488777297709 0.3366664501619063 0.2408890963944677
-0.9426141921363541 0.22481365522409785 0.24447328537552546
-0.962165801604929 0.11343139037854245 0.24575222080292855
-0.9684370603100664 0.005659784740218948 0.2484855031723403
-0.9616587576330626 -0.1182393340309676 0.24661651104011342
-0.9376168106020525 -0.2430729054685304 0.24658214667802253
-0.8994510152489898 -0.3595055278465421 0.24628396081152162
-0.8479555109037114 -0.46788429608937426 0.24761698250255484
-0.7840471066286598 -0.5676493259104428 0.2487889807765989
-0.7072349176251012 -0.660435685984949 0.2504947388479586
-0.6184408916330044 -0.7437619486861742 0.25142520996684425
-0.516068987644151 -0.8181324033248779 0.2512769753280854
-0.4075005946903391 -0.8781923687221864 0.248258086484198
-0.30232599552190975 -0.9179774092396698 0.25467301372179413
-0.19371336398869318 -0.944068584109062 0.2665077936827538
-0.06666574195095025 -0.9622647178865453 0.2630061264972289
0.06666574195095025 -0.9622647178865453 0.2630061264972289
0.19371336398869315 -0.9440685841090619 0.26650779368275374
0.30232599552190975 -0.9179774092396698 0.25467301372179413
0.4075005946903391 -0.8781923687221864 0.248258086484198
0.516068987644151 -0.8181324033248779 0.2512769753280854
0.6184408916330044 -0.7437619486861742 0.25142520996684425
0.7072349176251012 -0.660435685984949 0.2504947388479586
0.7840471066286598 -0.5676493259104427 0.24878898077659886
0.8479555109037114 -0.4678842960893742 0.24761698250255487
0.8994510152489898 -0.35950552784654216 0.24628396081152165
0.9376168106020524 -0.2430729054685304 0.2465821466780225
0.9616587576330626 -0.1182393340309676 0.2466165110401134
0.9684370603100664 0.0056597847402189636 0.2484855031723403
# level 22
0.9822715808627268 0.004744154473435175 0.1865968560919299
0.9762814201325012 0.11391502104814308 0.18147961179572636
0.9576972119305759 0.22462761723024924 0.1765362412676626
0.9218976511272687 0.34541340463349685 0.17213268902297005
0.8624316151188404 0.4790291828108604 0.16198880969564503
0.7856643877091918 0.5919834787892367 0.1767441187581677
0.7028984684415911 0.6873792375771584 0.1815827537730882
0.6153897191406891 0.7657938531764907 0.18370559795521588
0.5241028223770914 0.830449891091745 0.18603596641551653
0.421300529468701 0.8870013580660807 0.18712963978074254
0.31382675569030655 0.9298022866357187 0.1900951831876071
0.1943880622066202 0.9607317423061036 0.19544257466312184
0.06629893024429231 0.9756687417100072 0.2063070987385846
-0.06629893024429231 0.9756687417100072 0.2063070987385846
-0.1943880622066202 0.9607317423061036 0.19544257466312184
-0.3138267556903065 0.9298022866357186 0.19009518318760707
-0.421300529468701 0.8870013580660807 0.18712963978074254
-0.5241028223770914 0.830449891091745 0.18603596641551653
-0.6153897191406891 0.7657938531764907 0.1837055979552159
-0.7028984684415911 0.6873792375771582 0.1815827537730882
-0.7856643877091918 0.5919834787892367 0.1767441187581677
-0.8624316151188404 0.4790291828108604 0.16198880969564503
-0.921897651127269 0.3454134046334969 0.17213268902297008
-0.9576972119305759 0.2246276172302492 0.1765362412676626
-0.9762814201325013 0.11391502104814308 0.18147961179572636
-0.9822715808627267 0.004744154473435174 0.1865968560919299
-0.9751272254732849 -0.1213809013499591 0.18390543579858215
-0.9513311570051834 -0.24615174137131957 0.18228201062506194
-0.9127148882311668 -0.36464330652246774 0.18200838062590963
-0.8594910970779512 -0.47401244254507896 0.19038609118021477
-0.7949576181948897 -0.5757787100912841 0.1884849500777055
-0.7185581515154785 -0.6695655393049778 0.18547857369970766
-0.6276640460842285 -0.7549584918917784 0.18690665977711096
-0.5237920280412538 -0.8303959746492207 0.18697296321927398
-0.4123338008284482 -0.891525937619105 0.1853784898848416
-0.3084045418983387 -0.9309849602054237 0.19261963559971026
-0.19711050564988997 -0.9586260153445965 0.20310091311543632
-0.0701571673303658 -0.9756331555070369 0.20527097909582603
0.0701571673303658 -0.975633155507037 0.20527097909582603
0.19711050564989002 -0.9586260153445965 0.20310091311543635
0.3084045418983387 -0.9309849602054235 0.19261963559971024
0.4123338008284482 -0.891525937619105 0.1853784898848416
0.5237920280412538 -0.8303959746492207 0.18697296321927395
0.6276640460842285 -0.7549584918917784 0.18690665977711096
0.7185581515154785 -0.6695655393049778 0.18547857369970766
0.7949576181948897 -0.5757787100912841 0.1884849500777055
0.8594910970779512 -0.47401244254507896 0.19038609118021477
0.9127148882311669 -0.36464330652246774 0.18200838062590963
0.9513311570051833 -0.24615174137131957 0.18228201062506194
0.9751272254732849 -0.12138090134995913 0.18390543579858215
0.9822715808627268 0.004744154473435175 0.1865968560919299
# level 23
0.9921019833795535 0.003285786404122946 0.12452051983742883
0.9860604327075148 0.11318049038189627 0.11803503032793791
0.9664539014185206 0.22837502143383998 0.11280178726229262
0.9276415862698519 0.35528547484742073 0.11046803219541526
0.869725518852115 0.4828190693095421 0.09769233523295748
0.7974576604252168 0.5919703910581526 0.11259886377932728
0.7147016386177889 0.6885166573330798 0.1201413576776701
0.6266592851171348 0.7687911315964822 0.12415519539866145
0.5320137847194318 0.8368518533623399 0.12606730539602487
0.4290967672899112 0.8936246356359278 0.12752943416698825
0.3231030621212916 0.9367471519271753 0.13033532621206464
0.20296014496524284 0.9696593938027915 0.13371425813683885
0.06991964783626455 0.9866164105585766 0.14376147234758002
-0.06991964783626455 0.9866164105585766 0.14376147234758002
-0.20296014496524284 0.9696593938027915 0.13371425813683885
-0.3231030621212916 0.9367471519271754 0.13033532621206467
-0.42909676728991125 0.8936246356359279 0.12752943416698828
-0.5320137847194318 0.8368518533623399 0.12606730539602487
-0.6266592851171348 0.7687911315964822 0.12415519539866145
-0.7147016386177889 0.6885166573330798 0.1201413576776701
-0.7974576604252168 0.5919703910581526 0.11259886377932726
-0.8697255188521149 0.48281906930954205 0.09769233523295748
-0.9276415862698518 0.3552854748474207 0.11046803219541523
-0.9664539014185206 0.22837502143383998 0.11280178726229262
-0.9860604327075148 0.11318049038189627 0.11803503032793791
-0.9921019833795536 0.003285786404122946 0.12452051983742883
-0.9844397883499328 -0.12421476322939104 0.12135353931433132
-0.9604569169937005 -0.2493344159346391 0.11947589004465446
-0.9214119461522615 -0.36649494949450667 0.12602743516350146
-0.8669723616264842 -0.4792436673278837 0.13516734309725498
-0.8017052420474919 -0.5822192697429505 0.13105362363851414
-0.7259884650985065 -0.6760521449798371 0.12109540128938517
-0.6342652655140668 -0.7627273457931619 0.12240426542599334
-0.5295707574223314 -0.83881735216466 0.12227135502870089
-0.4175753396381274 -0.8998194210548172 0.12320853936615885
-0.31290461647869994 -0.9405085311743027 0.12850158081798527
-0.19927708663034405 -0.9698033654334084 0.13636017116701027
-0.07427660618126457 -0.9858493086617136 0.14663450952186904
0.07427660618126457 -0.9858493086617136 0.14663450952186904
0.19927708663034407 -0.9698033654334084 0.13636017116701027
0.31290461647869994 -0.9405085311743024 0.12850158081798524
0.41757533963812743 -0.8998194210548173 0.12320853936615885
0.5295707574223314 -0.83881735216466 0.12227135502870089
0.6342652655140667 -0.7627273457931619 0.12240426542599332
0.7259884650985065 -0.6760521449798371 0.12109540128938517
0.8017052420474919 -0.5822192697429505 0.13105362363851414
0.8669723616264841 -0.4792436673278837 0.13516734309725495
0.9214119461522615 -0.36649494949450667 0.12602743516350146
0.9604569169937005 -0.2493344159346391 0.11947589004465445
0.9844397883499328 -0.12421476322939104 0.12135353931433134
0.9921019833795535 0.003285786404122946 0.12452051983742883
# level 24
0.9979887751090881 0.0014931975552681278 0.0625659095151442
0.9913678222614948 0.11416007287790698 0.05643227441527063
0.9697771885449062 0.23554055931805867 0.05411795147465072
0.9305837176081352 0.3613356654298879 0.05020431945375621
0.8736209475903002 0.4839828314582705 0.0377498159475998
0.803600554128755 0.5926185558695796 0.04943261850332953
0.7230478987705833 0.6874747333043638 0.05920956989135845
0.6349054850471453 0.7691390857858842 0.06467750713750336
0.5343057898286855 0.8424884268790589 0.06508710422048293
0.4287467735429329 0.9004393228550458 0.06533513351001452
0.3249213293005094 0.9427354230069503 0.06813441266049741
0.21332739839137807 0.974162084464016 0.07166722933974146
0.07727239055038879 0.9935937003004935 0.07685380781459138
-0.07727239055038879 0.9935937003004935 0.07685380781459138
-0.21332739839137807 0.974162084464016 0.07166722933974146
-0.3249213293005093 0.9427354230069502 0.06813441266049741
-0.4287467735429329 0.9004393228550457 0.06533513351001452
-0.5343057898286856 0.8424884268790589 0.06508710422048293
-0.6349054850471453 0.7691390857858842 0.06467750713750336
-0.7230478987705834 0.6874747333043638 0.05920956989135845
-0.803600554128755 0.5926185558695796 0.04943261850332953
-0.8736209475903001 0.4839828314582705 0.03774981594759981
-0.9305837176081351 0.3613356654298879 0.050204319453756203
-0.9697771885449062 0.2355405593180587 0.054117951474650726
-0.9913678222614948 0.11416007287790697 0.05643227441527062
-0.9979887751090881 0.0014931975552681278 0.06256590951514421
-0.9898275309462272 -0.12622327416710227 0.05948122603002843
-0.9666557069580403 -0.24605366740488646 0.06255084555587974
-0.927355559261086 -0.36670407153556706 0.06966868407060883
-0.872020131926363 -0.482166049579232 0.07934673402016937
-0.8051889796982616 -0.587676853176904 0.0732357315158919
-0.7291133828173427 -0.680885185931857 0.06200307155039259
-0.6380688343041672 -0.7672501312034972 0.05846114337852926
-0.53274612192019 -0.8433961756554532 0.05993614577519894
-0.4226761939718656 -0.9036361832347705 0.06113214232044515
-0.31709344954761565 -0.9460461524531927 0.0634914511491677
-0.20253900100034508 -0.9762953863718531 0.0683105421668299
-0.07880374361922227 -0.9932464696260788 0.0803934295215552
0.07880374361922228 -0.9932464696260788 0.0803934295215552
0.20253900100034505 -0.9762953863718531 0.06831054216682989
0.3170934495476157 -0.9460461524531927 0.0634914511491677
0.4226761939718656 -0.9036361832347704 0.06113214232044514
0.53274612192019 -0.8433961756554531 0.059936145775198936
0.6380688343041672 -0.7672501312034972 0.05846114337852926
0.7291133828173427 -0.680885185931857 0.06200307155039259
0.8051889796982616 -0.587676853176904 0.0732357315158919
0.872020131926363 -0.482166049579232 0.07934673402016937
0.9273555592610859 -0.36670407153556706 0.06966868407060883
0.9666557069580403 -0.24605366740488643 0.06255084555587972
0.9898275309462272 -0.12622327416710225 0.05948122603002842
0.9979887751090881 0.0014931975552681278 0.0625659095151442
